SMPK OPKC 300000=
41504 02695 61304 10130 20075 37841 48473 60002 83510 333 56990 58012 60007 83640 84460 RH69%=
41506 12696 80000 10190 20159 38488 48487 60012 8452/ 333 5699/ 58037 60007 84640 84460 82%=
41507 02695 83602 10230 20200 39208 49708 60002 8352/ 333 5699/ 58021 60007 83640 85460 83%=
41508 01496 80000 10180 20172 38627 48501 60332 70296 8572/ 333 5699/ 58019 60107 82715 84635 85460 95%=
41509 01696 80000 10200 20177 38727 48486 60102 76196 8452/ 333 5699/ 58050 60087 84640 88458 RH 86%=
41510 01695 80000 10155 20147 37906 48498 76062 8352/ 333 56990 58025 69987 83640 85260 95%=
41510 01695 80000 10155 20147 37906 48498 60012 76062 8352/ 333 56990 58025 69987 83640 85260 95% CORR=
41515 01696 80000 10180 20156 38482 48446 60072 72162 8452/ 333 5699/ 59019 60027 84647 84458 86%=
41516 02596 80000 10175 20159 38535 48494 60012 8661/ 333 5699/ 58025 60007 83730 83640 88460 RH90%=
41517 01496 80000 10140 20132 37812 48515 60072 70466 8762/ 333 5699/ 58041 60017 83710 84630 88460 95%=
41518 02596 81802 10172 20162 38/// 48/// 60012 8672/ 333 5699/ 5//// 60007 83710 83640 88460 95%=
41519 02596 70000 10170 20136 38747 48492 60012 84720 333 56990 58032 60007 81730 83640 85462 RH81%=
41520 01595 80000 10115 20106 37648 48266 60062 72162 8562/ 333 5699/ 58028 60057 82720 83640 88460 94%=
41523 01695 70000 10225 20195 39052 48491 60022 70262 84720 333 56990 58035 60027 81720 83640 83460 83%=
41524 02696 70000 10225 20203 39287 40123 60002 82520 333 56990 58030 60007 82640 85458 RH 87%=
41525 12696 83104 10130 20095 37686 48385 60002 8352/ 333 5699/ 58012 83640 85460 RH79%=
41528 01696 80000 10205 20205 39178 48497 60362 76166 8552/ 333 5699/ 58001 60077 85640 88460 100%=
41529 02696 70502 10255 20218 39700 40068 60002 333 56990 58035 60007 83640 85460 RH 80%=
41530 016// 83106 10250 20213 39663 40063 70566 84330 333 56990 58035 69907 81828 83830 88358 80%=
41534 01696 60000 10245 20230 39663 40064 69902 72052 83520 333 56990 58025 69907 83640 83460 RH92%=
41535 02696 80000 10185 20177 38682 48457 60002 8452/ 333 5699/ 58022 60007 84635 86460 RH95%=
41536 02496 80000 10190 20174 38989 48473 60002 8572/ 333 5699/ 58007 60007 82720 83630 88460 91%=
41560 02696 50000 10175 20151 38258 48478 60072 82520 333 56990 58020 60007 82630 83460 Rh86%=
41562 02696 80000 10250 20213 39595 40044 60022 8452/ 333 5699/ 58022 60007 84640 84460 RH 80%=
41565 01394 83102 10156 20155 38600 48472 8372/ 333 5699/ 59015 60027 83730 85460 100%=
41567 01696 80000 10240 20210 39633 40038 60022 70402 83530 333 56990 58019 60007 83640 85460 83%=
41571 01696 71310 10235 20221 39510 40076 60022 70562 84830 333 56990 58039 60017 RH92%=
41572 01696 70000 10230 20223 39442 40049 60072 70422 83510 333 56990 58032 60007 83640 87460 RH96%=
41573 02696 80506 10140 20123 37967 48482 60072 8452/ 333 56990 58004 60007 84640 84460 90%=
41574 02697 80000 10145 20137 38327 48503 60172 8352/ 333 5699/ 58002 60007 83640 87460 95%=
41576 01596 80508 10225 20218 40084 60852 79596 8532/ 333 5699/ 58037 60857 81720 81930 83640 88460 96%=
41577 01696 60000 10235 20228 39471 40069 60042 70422 83570 333 56990 58033 60007 83640 84460 RH 96%=
41593 01696 70000 10240 20233 39834 40043 60002 70422 83520 333 56990 58020 60007 83640 85460 96%=
41597 01696 83602 10225 20225 39784 40073 60132 76066 8352/ 333 5699/ 58032 60097 83640 88460 100%=
41598 01696 80000 10220 20220 39780 40046 60492 76266 8452/ 333 5699/ 58029 60357 84640 88460 100%=
41599 01696 81304 10235 20220 39769 40052 60312 76065 8442/ 333 5699/ 58023 69907 84640 86460 91%=
41600 01696 80000 10230 20223 39758 40047 60212 70465 8452/ 333 5699/ 58032 60017 84645 86460 96%=
41620 32696 60902 10210 20145 38521 48426 60002 86500 333 56900 58016 60007 86640 66%=
41624 01696 83602 10255 20233 39848 40042 60002 70420 8352/ 333 5699/ 58027 60007 83637 85460 88%=
41625 01696 83102 10255 20248 39846 40041 60002 70400 8452/ 333 5699/ 58026 60007 84637 85460 96%=
41630 01594 80504 10255 20255 40042 60252 79596 8592/ 333 5699/ 58020 60257 81920 84640 88460 100%=
41633 02697 70902 10230 20215 4//// 60002 83520 333 56990 5//// 60007 83640 84460 91%=
41634 01696 60000 10210 20210 3//// 4//// 60042 75000 82640 333 56990 5//// 60047 82640 84460 100%=
41635 01696 80502 10215 20215 3//// 4//// 60012 76011 84510 333 56990 5//// 60017 84640 88460 100%=
41636 01696 60000 10255 20248 39863 40041 60002 70422 83520 333 56990 58026 60007 83640 85461 96%=
41638 01595 80000 10250 20243 4//// 60162 79596 8532/ 333 5699/ 5//// 60167 81930 84640 88460 96%=
41639 01696 81304 10220 20220 3//// 4//// 60162 76066 8452/ 333 5699/ 5//// 60097 84640 86460 100% =
41640 01696 30000 10250 20228 39802 40045 69942 70420 83020 333 56090 58019 60007 83460 88%=
41641 01996 41105 10220 20205 39780 40049 60102 70400 84030 333 56090 58021 60007 84360 91%=
41642 01695 70902 10220 20212 3/// 4//// 69942 71000 83510 333 56990 5//// 60007 95%=
41643 01696 70000 10230 20223 39774 40045 60032 70422 84470 333 56990 58017 60007 84640 84460 96%=
41644 01696 80000 10225 20225 4//// 60432 76262 8352/ 333 5699/ 5//// 60387 83640 88460 100%=
41646 01696 70506 10245 20238 39840 40046 60002 70400 84520 333 56990 58017 60007 84640 87460 96%=
41646 01696 70506 10245 20238 39840 40046 60002 70400 84520 333 56990 58017 60007 84640 87460 96%=
41652 01996 40508 10270 20234 39865 40037 60002 70400 84030 333 56090 58017 60007 84360 81%=
41660 026// 71324 10230 20145 38368 48452 60002 85330 333 56990 58007 60007 81830 84840 85360 59=
41661 02996 40000 10210 20156 38327 48449 60002 83020 333 56090 58013 60007 83460 71%=
41669 02996 20502 10265 20251 3//// 4//// 60002 82020 333 56090 5//// 60007 82460 92%=
41670 01696 60000 10260 20215 3//// 4//// 60002 70400 83530 333 56990 5//// 60007 83640 83360 76%=
41674 01996 40508 10260 20246 3//// 4//// 60002 70400 84070 333 56090 5//// 60007 84462 92%=
41675 01596 50504 10265 20251 39891 40030 60002 71322 84370 333 56990 58022 60007 81930 83640 83460 92%=
41676 01996 43306 10265 20251 39901 40053 60002 70400 84030 333 56090 58017 60007 84360 92%=
41677 01696 80000 10240 20225 39839 40002 60002 70400 84570 333 56990 59004 60007 84640 84460 91%=
41678 01996 30000 10270 20241 40019 60002 70500 83020 333 56090 58008 60007 83460 84%=
41679 01696 70502 10245 20238 4//// 60062 70422 83570 333 56990 5//// 60007 83640 84460 96%=
41680 01995 50000 10250 20243 39817 40009 60002 71020 85030 333 56090 59019 60007 85462 96%=
41685 02997 00000 10220 20174 38844 48440 60002 333 59001 60007 RH75%=
41696 02996 40000 10180 20149 37959 48459 60002 84020 333 56090 59005 60007 84460 Rh82%=
41697 01696 80000 10270 20256 39853 40003 60262 72166 8452/ 333 5699/ 58007 60267 84640 84460 RH92%=
41697 01696 80000 10270 20256 39853 40003 60262 72166 8452/ 333 5699/ 58007 60267 84640 84460 RH92%=
41700 01696 60502 10270 20256 39883 40007 60002 70422 82530 333 56990 58012 60007 82640 84360 92%=
41701 01696 70504 10275 20254 39888 40026 69992 70400 83520 333 56990 58013 60007 83640 85460 88%=
41710 12995 03108 10270 21055 39247 49984 60002 333 58018 RH11%=
41710 12995 03108 10270 21055 39247 49984 60002 333 58018 RH11%=
41715 01695 80000 10270 20241 39946 40009 60202 72262 84530 333 56990 58000 60207 83635 84360 RH84%=
41716 01696 70504 10275 20268 39928 40028 60252 70496 83520 333 56990 58017 69937 83630 85460 96%=
41724 01696 60512 10275 20247 39923 49999 69902 70522 84520 333 56990 59023 60007 84640 82460 RH85%=
41725 12696 60508 10280 20252 39925 40001 60002 83630 333 56990 58013 60007 83640 84360 RH85%=
41726 02696 73606 10280 20259 39916 49985 60002 83520 333 56990 59010 60007 83640 84460 RH88%=
41738 02996 41804 10280 20244 39820 49994 60002 84040 333 56090 59013 60007 84460 RH81%=
41739 01995 03104 10260 20026 38947 48428 60002 333 59001 60007 RH22%=
41742 12996 80000 10295 20245 39877 49977 60002 8801/ 333 5609/ 59013 88460 RH 75%=
41743 01696 63602 10260 20253 60082 70306 83530 333 56990 60007 82635 86360 RH 96%=
41744 01696 80000 10205 20130 38705 48436 60033 76062 8351/ 333 5699/ 58016 60037 83630 88460 RH 62%=
41744 01696 80000 10205 20130 38705 48436 60033 76062 8351/ 333 5699/ 58016 60037 83630 88460 RH 62% CORR=
41745 01695 80502 10265 20251 60002 70500 83530 333 56990 60007 83635 85360 RH92%=
41746 02696 63602 10270 20256 39936 49988 60002 82520 333 56990 58007 60007 82640 84460 RH92%=
41747 01696 60504 10275 20247 39933 49991 60032 71700 84930 333 56990 59004 60007 81930 83640 82360 RH85%=
41748 02696 80506 10270 20241 39924 49986 60012 84530 333 56990 59031 60007 84635 84360 RH84%=
41749 02696 73610 10265 20258 39949 49982 69902 84530 333 56990 59003 60007 84635 85360 RH96%=
41756 01495 61302 10260 20246 39927 49991 60002 71000 86600 333 56900 58002 60007 86715 RH92%=
41756 01495 61302 10260 20246 39927 49991 60002 71000 86600 333 56900 58002 60007 86715 RH92%=
41757 11695 50000 10270 20249 39983 49995 60002 70400 85500 333 56900 59004 85630 RH88%=
41757 11695 50000 10270 20249 39983 49995 60002 70400 85500 333 56900 59004 85630 RH88%=
41759 01995 30000 10265 20244 39972 49978 60002 71011 83030 333 56090 59019 60007 83360 RH88%=
41759 01995 30000 10265 20244 39972 49978 60002 71011 83030 333 56090 59019 60007 83360 RH88%=
41764 02696 73618 10265 20244 39916 49964 60182 85870 333 56990 58003 60007 85835 83460 RH88%=
41765 02596 63104 10265 20251 39932 49967 60402 86600 333 56700 58003 60007 82725 84635 RH92%=
41765 02596 63104 10265 20251 39932 49967 60402 86600 333 56700 58003 60007 82725 84635 RH92%=
41766 01696 70506 10250 20228 39915 49945 60102 83530 333 56990 59007 60007 83720 85360 RH88%=
41767 02996 7//// 10265 20251 60012 87830 333 56990 60007 84835 83360 RH92%=
41768 02596 30508 10265 20251 39966 49973 60002 83600 333 56100 58027 60007 83720 RH92%=
41780 01596 70210 10275 20247 39936 49963 60292 70400 86630 333 56990 59019 69907 82720 84630 86360 RH85%=
41786 02596 83616 10245 20238 39888 49923 60022 88620 333 56190 58013 60007 84720 84630 84460 RH96%
41BKI 02696 80504 10260 20231 39654 40057 69902 8452/ 333 5699/ 58032 60007 84635 86459 RH84%=
41SKP 01696 80902 10235 20228 3//// 4//// 60022 70400 8352/ 333 5699/ 5//// 60007 83640 88460 96%=
43532 01696 80000 10200 20192 39273 40058 60132 72166 8552/ 333 5699/ 58019 60037 85640 88460 95%=
43533 02696 80000 10205 20198 39175 48472 60142 84520 333 56990 58024 60017 84640 88460 95%=
43563 01696 80000 10222 20213 39394 40068 60132 76002 8452/ 333 5699/ 58028 60017 84640 86460 96%=
41BAG 02696 60502 10120 20111 60007 84510 333 56990 60007 84635 86460 94%= 
41783 02696 83612 10255 20241 39927 49956 70500 84520 60632 333 56990 59019 60017 84635 84460 RH 92%=


UPPK OPKC 300000=
PPAA 8000/ 41516 misda due to technical fault=
PPAA 8000/ 41517 MISDA DUE TO ST CLOUDS=
PPAA 8000/ 41715 NO ASCENT DUE TO CLOUDY WEATHER=
PPAA 8000/ 41764 NO ASCENT DUE TO LOW CLOUDS=
PPAA 8000/ 41764 NO ASCENT DUE TO LOW CLOUDS=
PPAA 8000/ 41768 NO ASCENT DUE TO SHORTAGE OF BALLOON=
PPAA 8000/ 41739 no acent due to security risk=
PPAA 8000/ 41598 MISDA DUE TO RAIN=
PPAA 8000/ 41600 MISDA DUE TO OVERCAST=
PPAA 8000/ 41624 MISDA DUE TO OVERCOST=
PPAA 8000/ 41640 MISDA DUE TO TECHNICAL PROBLEM=
PPAA 8000/ 41646 MISDA DUE TO TECHNICAL=
PPAA 8000/ 41718 MISDA DUE TO DRIZZLE=
PPAA 80001 41678 55185 35504 77999=
PPAA 8000/ 41517 MISDA DUE TO ST CLOUDS=
PPAA 80231 41780 MISDA NO ASCENT DUE TO RED BALLOON SHORTAGE=
PPBB 80001 41678 90/12 00000 07004 05505 903// 04507=
PPAA 80001 41675 55185 11011 77999=
PPBB 80001 41675 90/12 05004 04004 06506 903// 08004=

41505 Not Received
41712 Not Received
41760 Not Received
41785 Not Received



Data Generated from File : D:\all data handling\Rmc_lhr\2024083000.FSU.txt
30/08/24 01:01:43
______________________________________________________________
15007 05/70 /2602 10199 20143 39729 40182 57004 60001 7000/ 333 4/000 55300 0//// 20000 3//// 55022 0//// 21022 3//// 60007=
15020 04/70 /3102 10213 20137 39979 40168 57003 60001 333 55014 20909 55300 20000 60007==
15023 05/70 /3104 10202 20148 39749 40159 57003 60001 7000/ 333 55300 0//// 20000 3//// 55011 0//// 20823 3//// 60007=
15056 05/70 /3206 10233 20130 39823 40157 57009 60001 7000/ 333 4/000 55300 0//// 20000 3//// 55031 0//// 20938 3//// 60007=
15069 07/58 /2001 10111 20106 39146 42830 54000 60001 7101/ 333 4/000 55300 0//// 20000 3//// 55036 0//// 21084 3//// 60007=
15073 05/70 /3304 10217 20139 39724 40171 57007 60001 7000/ 333 4/000 55300 0//// 20000 3//// 55017 0//// 20877 3//// 60007=
15090 04/70 52801 10203 20180 30071 40160 58005 60001 85070 333 55031 00495 21122 30763 55300 10120 20000 30000 60007 91001 90760 91102==
15107 07/58 /3401 10134 20129 39404 42827 54001 69921 7101/ 333 55300 0//// 20000 3//// 55014 0//// 20832 3//// 60007=
15108 01270 70705 10101 20100 38149 48546 57002 69981 72864 84870 333 55004 20514 55300 20000 60007 91009 90760 91109==
15109 05/70 /2805 10192 20160 39750 40170 57011 60001 7000/ 333 55300 0//// 20000 3//// 55013 0//// 20797 3//// 60007=
15111 05/70 /3203 10206 20165 39902 40156 57008 60001 7000/ 333 4/000 55300 0//// 20000 3//// 55021 0//// 20852 3//// 60007=
15113 05/70 /3001 10201 20176 30001 40158 57005 60001 7000/ 333 4/001 55300 0//// 20000 3//// 55032 0//// 20962 3//// 60007=
15127 01457 72501 10137 20132 39330 42824 57005 69971 71082 87600 333 4//// 55300 0//// 20000 3//// 55006 0//// 20592 3//// 69947 91002 91102=
15148 01468 50702 10129 20120 38752 48530 58003 69971 70282 85300 333 55300 0//// 20000 3//// 55030 0//// 21125 3//// 69927 91003 91104=
15150 04566 50000 10187 20182 39959 40165 57009 60061 70298 82570 333 55010 20625 55300 20000 60007 91001 90760 91102==
15154 01560 63202 10192 20185 30015 40153 57007 69951 70198 83570 333 4/000 55300 0//// 20000 3//// 55019 0//// 20868 3//// 69937 91003 91103=
15168 05/70 /0401 10159 20151 39572 42815 58007 60031 7000/ 333 4/000 55300 0//// 20000 3//// 55025 0//// 20815 3//// 60037=
15170 01563 52702 10148 20145 39416 42813 56013 60041 70282 85300 333 55021 20816 55300 20000 60027 91003 90760 91103==
15194 05/70 /2804 10186 20170 39881 40167 56009 60101 7000/ 333 4/001 55300 0//// 20000 3//// 55007 0//// 20494 3//// 69907=
15197 07/58 /0701 10184 20177 39950 40155 58007 60001 7101/ 333 4/000 55300 0//// 20000 3//// 55027 0//// 21045 3//// 60007=
15215 07/21 /3001 10152 20150 39591 42816 57005 60041 7101/ 333 4/000 55300 0//// 20000 3//// 55017 0//// 20745 3//// 69997=
15217 07/70 /3602 10162 20153 39518 42812 57010 60021 7238/ 333 4/000 55300 0//// 20000 3//// 55022 0//// 20795 3//// 69927=
15219 05/70 /2903 10190 20173 30032 40153 57009 69991 7000/ 333 4/000 55300 0//// 20000 3//// 55025 0//// 20985 3//// 60007=
15238 07/58 /0101 10161 20159 39573 42816 57005 60011 7101/ 333 4/000 55300 0//// 20000 3//// 55011 0//// 20688 3//// 69957=
15261 07/31 /3401 10153 20153 39382 42828 57006 60011 7101/ 333 55300 0//// 20000 3//// 55007 0//// 20828 3//// 60007=
15262 01/92 90407 10097 20095 38249 48528 57005 60001 74544 333 55300 0//// 20000 3//// 55000 0//// 20276 3//// 60007 91011 91113=
15265 05/70 /3503 10196 20174 30074 40147 57009 69901 7000/ 333 4/000 55300 0//// 20000 3//// 55052 0//// 21599 3//// 60007=
15280 01/00 90408 10058 20058 37559 47132 57002 60001 74544 89/// 333 55008 20401 55300 20000 60007 91011 90760 91111==
15300 01521 82301 10158 20158 39558 42814 58004 69921 72162 885// 333 55300 0//// 20000 3//// 55015 0//// 20695 3//// 69927 91002 91102=
15301 01/04 90201 10122 20121 38662 48544 57006 60001 74742 333 55300 0//// 20000 3//// 55005 0//// 20636 3//// 60007 91003 91105=
15302 07/50 /2700 10138 20138 38955 48530 58004 60001 7042/ 333 55300 0//// 20000 3//// 55000 0//// 20396 3//// 60007=
15307 05/70 /3305 10201 20163 39961 40141 57009 60021 7000/ 333 4//// 55300 0//// 20000 3//// 55070 0//// 21863 3//// 60007=
15310 04/70 /3301 10203 20168 30055 40138 57008 60001 333 55023 00078 20783 30511 55300 10130 20001 30000 60007==
15324 05/70 /2701 10180 20128 39385 42806 57007 69911 7000/ 333 4/000 55300 0//// 20000 3//// 55029 0//// 21107 3//// 69917=
15325 05470 63601 10120 20098 38514 48525 57003 60001 7000/ 82370 333 4/000 55300 0//// 20000 3//// 55024 0//// 21185 3//// 60007 91004 91110 444 /////=
15328 05/70 /3502 10184 20163 39814 40154 57009 60021 7000/ 333 4//// 55300 0//// 20000 3//// 55042 0//// 21360 3//// 60007=
15335 01570 72902 10207 20187 30123 40130 57008 69911 70282 87500 333 55039 21253 55300 20000 60007 91003 90760 91104==
15336 05/70 /3403 10206 20184 30120 40122 57009 60001 7000/ 333 4/000 55300 0//// 20000 3//// 55033 0//// 21122 3//// 60007=
15349 05/70 /3201 10188 20137 39620 40154 57008 60001 7000/ 333 4/000 55300 0//// 20000 3//// 55034 0//// 21209 3//// 60007=
15350 01970 03203 10202 20167 30031 40147 57008 60021 70181 333 55049 21295 55300 20000 60007 91005 90760 91105==
15360 04/70 73505 10222 20196 30103 40119 56009 60001 87070 333 55032 60007 91007 90760 91107==
15375 05970 03202 10185 20139 39806 40154 57008 60001 7000/ 333 4/000 55300 0//// 20000 3//// 55029 0//// 21113 3//// 60007 91003 91104=
15377 05/70 /0301 10187 20152 39938 40147 57009 60001 7000/ 333 55300 0//// 20000 3//// 55025 0//// 20930 3//// 60007=
15387 05/70 /3304 10206 20190 30116 40119 57011 69911 7000/ 333 4/000 55300 0//// 20001 3//// 55047 0//// 21589 3//// 60007=
15402 05/70 /3401 10183 20162 30069 40141 58010 60001 7000/ 333 55300 0//// 20000 3//// 55060 0//// 21567 3//// 60007=
15405 05/70 /0104 10194 20166 30082 40143 58007 60001 7000/ 333 4/000 55300 0//// 20000 3//// 55065 0//// 21749 3//// 60007=
15406 05/70 /3404 10188 20178 30086 40132 57006 69961 7000/ 333 4/000 55300 0//// 20000 3//// 55051 0//// 21509 3//// 69937=
15408 05/70 /3403 10196 20177 39873 40130 58007 60011 7000/ 333 4/001 55300 0//// 20000 3//// 55064 0//// 21870 3//// 60007=
15409 05/70 /3507 10209 20175 30075 40120 57011 60031 7000/ 333 4//// 55300 0//// 20000 3//// 55039 0//// 21381 3//// 60007=
15419 05968 43100 10180 20171 39968 40157 57008 60001 7000/ 84070 333 55300 0//// 20000 3//// 55047 0//// 21450 3//// 60007 91001 91102=
15420 04/70 23101 10167 20160 30037 40146 57009 60001 82030 333 55038 21326 55300 20000 60007 91001 90760 91102==
15421 05970 23101 10191 20156 30047 40154 57009 60001 7000/ 82030
15422 05970 02700 10199 20159 30046 40144 57008 60001 7000/ 333 55300 0//// 20000 3//// 55024 0//// 21120 3//// 60007 91001 91102=
15425 05970 03604 10193 20171 30073 40135 58008 60001 7000/ 333 4/000 55300 0//// 20000 3//// 55046 0//// 21380 3//// 60007 91006 91106=
15434 01570 62601 10202 20171 39956 40159 57002 69911 70381 83370 333 4/000 55300 0//// 20000 3//// 55033 0//// 21691 3//// 69917 91002 91102=
15444 05/70 /3604 10192 20176 30060 40130 58009 60001 7000/ 333 4/000 55300 0//// 20000 3//// 55040 0//// 21192 3//// 60007=
15455 05/70 /3102 10186 20169 30023 40150 58008 60001 7000/ 333 4//// 55300 0//// 20000 3//// 55061 0//// 21584 3//// 60007=
15460 04/66 33402 10186 20175 30110 40134 58008 60001 83070 333 55013 20763 55300 20000 60007 91003 90760 91105==
15462 06563 82802 10195 20187 30042 40125 57010 60001 7000/ 87700 333 4/000 55300 0//// 20000 3//// 55027 0//// 21072 3//// 60007 910// 911//=
15470 04970 03401 10203 20176 30031 40152 57004 60001 333 55049 21520 55300 20000 60007 91002 90760 91102==
15475 06/// /2501 10177 20175 30123 40142 57006 60001 333 55300 0//// 20000 3//// 55041 0//// 21226 3//// 60007=
15479 05/60 /3404 10186 20179 39941 40128 58008 60001 7000/ 333 55300 0//// 20000 3//// 55020 0//// 21070 3//// 60007=
15480 04570 73102 10223 20194 30101 40117 57009 60001 87900 333 55034 00508 21155 31031 55300 10060 20000 30000 60007 91005 90760 91107==
15489 05970 33301 10193 20157 30059 40150 58005 60001 7000/ 83040 333 55300 0//// 20000 3//// 55051 0//// 21615 3//// 60007 91002 91102=
15491 05966 03201 10183 20173 30116 40145 58005 60001 7000/ 333 55300 0//// 20000 3//// 55042 0//// 21210 3//// 60007 91002 91102=
15499 07/57 /3002 10191 20187 30109 40117 58009 60251 7626/ 222// 0//// 2//// 333 55011 60257=
15549 12570 53602 10174 20171 39733 40132 58008 60001 85500 333 10194 20174 555 598//=
15552 11460 63404 10202 20181 30062 40109 58005 60051 70382 84830 222// 00275 10402 333 10214 20199 555 40120 58800 61299 70039 92035 92437=
15640 12970 23409 10216 20176 39827 40123 58006 60001 82030 333 10231 20212 555 578//=
15655 12568 73204 10218 20180 30078 40109 58004 60001 87200 222// 00260 10201 333 10238 20218 555 579// 92023 92427=
15730 12970 00000 10199 20159 39750 40128 58004 60001 333 10237 20198 555 578//=
16627 12/65 40000 10206 20174 30109 40114 58004 60001 84050 333 90730 91104==
16650 12/60 10000 10220 20185 30105 40113 58006 60001 81030 333 90730 91103==
16732 26/// /1003 10258 20176 30104 40115 57009 333 60005 90730 91107==
16742 12960 03108 10250 20204 39956 40105 57006 60001 333 90730 91115==
16749 12960 02516 10274 20218 30075 40089 57007 60001 333 90730 91120==
16754 12960 01707 10226 20168 30075 40122 57007 60001 333 90730 91110==
16760 12960 00705 10226 20124 40126 52034 60001 333 90730 91110==
17031 12570 52803 10218 20208 30086 40092 58014 60001 83250 333 83833 85360 90760 91107==
17034 11670 72203 10245 20221 30061 40105 56005 69981 70292 83250 333 83835 87360 90760 91110==
17038 11470 72104 10241 20217 30048 40093 57010 60151 70298 87200 333 83716 86833 90760 91118==
17056 12970 03204 10215 20165 30104 40108 57007 60001 333 90760 91108==
17060 12960 03307 10227 20187 30065 40111 57009 60001 333 90760 91114==
17084 11670 70502 10187 20166 39243 40089 50011 69961 72598 84250 333 84835 87360 90760 91117==
17092 12960 00000 10191 20110 38806 48466 58001 60001 333 90760 91120==
17096 12660 20819 10189 20087 38228 48474 57005 60001 82100 333 82840 90760 91127==
17098 12960 00308 10123 20095 38217 48508 57004 60001 333 90760 91123==
17100 12970 00000 10196 20137 39153 40077 50000 60001 333 90760 91108==
17115 12/60 32401 10221 20167 30062 40110 56005 60001 83030 333 83360 90760 91116==
17116 12970 02404 10236 20146 39992 40106 55004 60001 333 90760 91106==
17124 12960 03302 10160 20133 39238 40103 55003 60001 333 90760 91112==
17128 12/70 20103 10187 20121 39050 40076 55004 60001 82030 333 82360 90760 91113==
17150 12960 00000 10203 20137 39992 40108 55003 60001 333 90760 91106==
17160 11670 20107 10176 20119 38989 48493 58004 60031 70181 82100 333 82840 90760 91115==
17170 12660 20707 10203 20089 38316 48474 56001 60001 82100 333 82840 90760 91124==
17184 12970 00000 10231 20130 30000 40104 50000 60001 333 90760 91105==
17190 12970 03102 10191 20126 38966 48498 57006 60001 333 90760 91107==
17190 12970 03102 10191 20126 38966 48498 57006 60001 333 90760 91107==
17195 11670 50501 10178 20157 38947 48500 55001 60031 72582 83250 333 83835 85360 90760 91121==
17200 12960 00607 10253 20111 39112 40009 55001 60001 333 90760 91120==
17202 12970 02506 10228 20079 39051 40000 55003 60001 333 90760 91110==
17219 12965 00110 10248 20180 39973 40109 58001 60001 333 90760 91121==
17234 12970 01901 10239 20179 30036 40099 55002 60001 333 90760 91108==
17240 12970 00501 10200 20115 39005 40071 58005 60001 333 90760 91121==
17244 12970 03202 10163 20131 38970 48497 55002 60001 333 90760 91108==
17250 11670 30000 10169 20143 38781 48493 56010 69981 70191 83200 333 83840 90760 91107==
17260 12960 02406 10229 20148 39246 49996 55006 60001 333 90760 91123==
17280 12960 01503 10226 20109 39281 40001 56003 60001 333 90760 91109==
17292 12970 03001 10216 20138 39372 40076 57005 60001 333 90760 91107==
17300 11960 03404 10256 20172 30013 40080 57011 60001 70291 333 90760 91117==
17310 12970 00000 10285 20219 30059 40066 56009 60001 333 90760 91106==
17350 12660 30102 10258 20216 39991 40064 57005 60001 83100 333 83835==
17370 12670 32505 10287 20237 30070 40074 57013 60001 83100 333 83835 90760 91113==
33088 32997 00101 10175 20132 30018 40202 54000 555 1/016=
33135 329// 00501 10175 20112 30062 40204 54000 555 1/016=
33177 32997 00000 10163 20143 39972 40201 58001 555 1/016=
33317 329// 20000 10188 20131 39869 40192 54000 80001 555 1/016=
33393 32960 20000 10177 20151 39818 40194 58001 80001=
33415 32997 20000 10205 20140 39807 40185 57003 82030 555 1/017=
33429 32997 60201 10192 20140 39779 40182 57002 86030 555 1/019=
33466 32975 00501 10210 20115 39999 40177 58003 555 10019=
33506 32997 00401 10201 20072 39994 40181 51001 555 1/016=
33562 32960 63301 10190 20158 39894 40185 58002 86030 555 1/019=
33587 329// 63601 10220 20110 39917 40166 57002 86050 555 1/020=
33658 32774 63203 10203 20169 39891 40175 57003 86500 333 86650 555 1/020=
33663 32997 22401 10206 20149 30077 40168 53002 82030 555 1/021=
33664 42597 83602 10217 20128 39867 40166 57002 885//=
33678 42998 73402 10225 20097 39962 40164 57002 85071=
33679 42497 83501 10231 20168 39997 40177 58007 885// 333 88618=
33711 32960 20704 10236 20120 39959 40156 53002 82030 555 1/021=
33745 42897 30202 10213 20102 39987 40170 57008 83030 555 10019=
33748 42997 03601 10218 20143 39886 40155 57005=
33754 42997 80000 10218 20147 30016 40155 58002 8805/=
33761 32598 83503 10223 20136 39941 40151 57004 885// 555 1/018=
33791 32984 00405 10236 20102 30031 40151 54000 555 1/020=
33815 42598 33404 10217 20139 39944 40140 57005 82530 555 11018=
33837 32980 60000 10228 20161 30080 40129 57004 85054 555 1/020=
33881 42598 53303 10204 20163 39958 40144 57005 83530=
33883 42597 73502 10199 20148 39982 40137 57006 87500 555 11016=
33885 41996 63602 10184 20166 30020 40150 57004 71022 86030=
33892 42997 60203 10204 20137 39937 40137 57004 80001=
33902 32997 00000 10206 20148 30075 40131 57005 555 1/016=
33924 42960 50802 10211 20191 30106 40118 57006 80008==
33946 41672 81003 10209 20188 39900 40108 57010 71391 83371 333 83940==
33983 42560 40000 10233 20180 30037 40094 57006 84300==
34300 32997 00901 10209 20045 30026 40195 53001 555 1/017=
34336 42960 00402 10186 20013 30107 40206 57002==
34344 42970 00000 10138 20126 30119 40204 57002==
34356 42970 02401 10146 20035 30070 40212 57002==
34357 42970 31103 10168 20027 30055 40204 57002 80001==
34398 429// 02101 10172 20094 30201 40211 53001==
34415 32998 50000 10194 20109 30086 40178 57002 85030 555 1/019=
34438 42/// /0705 10214 20036 30005 40186 57002==
34445 42970 20000 10162 20025 30090 40200 57002 80001==
34461 42960 00502 10171 20022 30154 40207 54000==
34473 429// 00903 10161 20064 30173 40210 52001 555 10013=
34476 42970 00803 10182 20018 30201 40208 53002==
34504 32980 20604 10224 20082 39994 40158 57004 82030=
34535 42/70 21402 10202 20030 30112 40180 52005 82080==
34545 42/70 50602 10196 20043 30079 40185 54000 80030==
34555 42/70 20702 10213 20096 30114 40200 54000 82030==
34560 42960 00704 10172 20048 30020 40203 57001==
34578 42960 00902 10174 20088 30193 40200 57002==
34579 42970 00501 10152 20046 30162 40205 57004==
34644 42560 30603 10200 20058 30099 40172 52003 83800==
34646 42970 01104 10224 20105 30100 40176 52003==
34655 42960 00801 10161 20043 30129 40187 55001==
34662 42970 03301 10145 20032 30186 40197 54001==
34691 42998 0/010 10077 20048 30221 40209 54000 555 10014=
34720 42/70 60403 10240 20112 30109 40146 52004 86010==
34727 42560 51008 10245 20145 30101 40130 53005 85500 333 91011 90760 91111==
34743 42960 00803 10179 20051 30089 40174 52002==
34759 42960 00702 10175 20089 30045 40170 57003==
34772 42960 00502 10148 20056 30188 40191 58005==
34785 42960 00703 10161 20044 30214 40192 57005==
34798 42960 00503 10174 20068 30223 40195 57003==
34824 42/60 80802 10264 20135 30110 40115 52009 8803/==
34838 42960 00704 10240 20075 30029 40119 52013 333 90760 91110==
34845 42970 00903 10200 20088 30046 40148 58001==
34858 42960 00801 10197 20086 30053 40155 57002==
34861 42960 01006 10185 20089 39934 40164 57008 333 90760 91110==
34866 42960 00704 10190 20112 30174 40166 57009==
34880 42960 00802 10190 20126 30208 40183 57005==
34887 42970 00402 10190 20156 30193 40175 56010==
34949 42970 00805 10175 20136 39616 40135 57006 333 90760 91113==
34954 42970 00101 10201 20138 39976 40140 57003==
34958 42970 00802 10194 20143 39952 40140 57008==
34975 42970 00804 10200 20163 30155 40151 57010==
34984 42/60 60403 10187 20173 30192 40164 57009 80031==
35217 429// 03202 10160 20109 30174 40212 53002==
35302 429// 00901 10152 20088 30193 40213 53001==
35315 429// 03402 10155 20079 30154 40208 53002 555 10012=
35344 429// 03103 10145 20133 39924 40197 53004 555 10014=
35345 46/// /3204 10147 20147 39885 40191 50003=
35358 429// 03201 10166 20084 30032 40193 52003==
35368 429// 50000 10156 20105 39921 40172 53001 85030 555 10015=
35386 42998 51702 10136 20067 39672 40164 53007 85030 555 10012=
35394 42670 51502 10128 20072 39524 40166 57001 85500==
35404 429// 00000 10154 20107 30204 40212 54000 555 10013=
35406 429// 00901 10165 20077 30210 40212 54000==
35416 429// 01001 10181 20098 30095 40209 53001==
35426 429// 00000 10148 20087 39936 40213 53003==
35437 429// 20000 10161 20119 39912 40208 53005 80004 555 10015=
35449 429// 02902 10197 20130 30082 40178 58008 555 10017=
35497 42/// 10000 10068 20057 39425 40199 53006 81040==
35498 42998 00201 10072 20043 39351 40202 52004 555 10005=
35514 42998 00501 10181 20073 30213 40209 53002 555 10015=
35519 42998 03202 10156 20061 30141 40210 57003 555 10013=
35522 429// 03600 10153 20089 39971 40210 53002 555 10013=
35542 429// 03003 10189 20127 30049 40186 53003 555 10016=
35563 42998 00000 10182 20072 39454 40171 53001 555 10011=
35576 429// 02202 10126 20069 39755 40182 53003==
35582 42998 31802 10091 20059 39613 40191 53005 83010 555 10008=
35594 42999 11902 10113 20039 39389 40188 53003 81030 555 10008=
35605 42998 03303 10185 20105 30226 40206 57001 555 10015=
35633 429// 00202 10186 20113 39995 40195 53006 555 10017=
35671 42970 00000 10107 20045 39780 40192 53003==
35699 429// 00000 10149 20094 39470 40181 53001==
35700 42970 00301 10184 20090 30225 40203 57002==
35715 42997 00301 10201 20070 30215 40201 54000 555 10017=
35739 429// 00000 10156 20078 30061 40193 53003 555 18013=
35746 429// 00000 10154 20078 30124 40188 53002==
35777 429// 00000 10136 20062 39847 40173 52006 555 10012=
35796 42960 03302 10144 20120 39775 40186 53005==
35816 46/// /1202 10197 20054 30206 40217 56001=
35849 429// 00000 10152 20092 30113 40195 53004==
35895 42997 00000 10131 20118 39774 40195 53006 555 11012=
35907 42998 00808 10211 20172 30201 40173 57009=
35925 429// 02702 10175 20041 30095 40200 54000==
35927 429// 01602 10183 20036 30193 53002=
35953 429// 00000 10155 20060 30065 40187 53002==
35969 429// 00000 10128 20073 30025 40191 53005==
35997 429// 00000 10123 20067 39776 40189 53003 333 91104 555 10011=
36259 11584 81102 10077 20069 38225 48488 52013 60062 70282 889// 333 20077 31/// 55058==
36335 42999 20000 10110 20040 39212 40185 53001 82060 555 10008=
36358 42999 60000 10114 20049 39216 40180 53002 86030 555 10011=
36394 42697 21401 10099 20065 39776 40180 52007 82500=
36397 42684 12004 10115 20051 39641 40177 53004 81500==
36403 42998 30902 10120 20090 39829 40171 52010 83080 555 10010=
36418 42699 62301 10103 20079 39597 40183 52013 83983 555 10010=
36421 41694 70000 10066 20060 39648 40193 52017 71011 85530 555 10007=
36428 42784 73402 10100 20080 39710 40188 52016 83552==
36439 41698 51502 10075 20065 38978 48518 53016 70182 82931 555 11008=
36467 42998 03201 10056 21017 39294 40212 53005 555 10005=
36498 42998 00000 10075 20026 39438 40201 52005 555 10006=
36501 42999 50000 10113 20068 39461 40175 53002 85030 555 10008=
36535 42/84 33302 10078 20029 39586 40194 52006 83030==
36546 42699 20000 10085 20061 39676 40193 52016 82300 555 10007=
36619 42999 00000 10124 20075 555 10011=
36622 42998 00000 10062 20027 39430 40208 53009 555 10006=
36639 42/84 20000 10058 20035 39613 40201 52015 82030==
36643 42699 12202 10127 20058 39563 40189 52011 81500 555 10010=
36665 42699 62103 10147 20081 39495 40175 52014 83902 555 11012=
36666 42999 22304 10136 20074 39719 40183 52014 82040=
36729 42598 80000 10151 20066 39735 40188 52020 889// 333 91109 555 10012=
36736 42599 63301 10094 20084 39673 40204 52013 85950 555 11008=
36744 42998 00000 10121 20077 39751 40179 53002 333 91104 555 10010=
36770 41598 20000 10130 20123 39503 40191 52005 70281 82900 333 91107 555 11012=
36786 42699 71101 10126 20074 39318 40190 53012 87900 333 91106=
36796 42598 82701 10078 20053 39057 48535 53012 889// 333 91103=
36803 42599 72302 10161 20074 39763 40185 53012 86902 333 91116=
36806 42999 33402 10138 20041 39740 40183 52010 83050 333 91106=
36819 42998 60202 10140 20102 39609 40189 53007 80001 333 91106=
36821 41540 21801 10137 20124 39728 40192 53009 71011 82900 333 90760 91111==
36839 41599 81901 10132 20104 39120 40190 52006 72582 84941 333 91115=
36843 41598 82502 10131 20093 39078 40192 53004 78082 85932 333 91108=
36846 416// 80701 10096 20074 38650 48543 53004 70282 85952 333 91111=
36859 41570 82002 10158 20150 39450 40184 53006 72582 8597/ 333 90760 91111==
36870 42960 00000 10133 20095 39220 40182 53008 333 90760 91108==
36874 41999 01802 10102 20085 39441 40189 53003 70291 333 91117=
36877 42999 00000 10091 20081 39268 40211 53006 333 91106=
36885 42999 01402 10125 20085 39117 40194 53007 333 91114=
36889 42999 00000 10026 21053 37119 47149 57001 333 91103=
36894 42999 30000 10151 20109 39489 40187 53007 83070 333 91106=
36905 42999 71701 10139 20097 38773 48536 53004 87070 333 91108=
36911 42999 00701 10130 20093 39254 40187 53004 555 10011=
36927 42697 73202 10127 20071 38382 48540 52003 83950 333 91116=
36934 41599 72201 10113 20080 38285 48412 54000 70298 86932=
36953 42598 80000 10082 20076 38247 48508 53004 889// 333 91109 555 1/007=
36963 42999 01601 10031 21010 37097 48/// 53002 555 10001=
36974 427// 20501 10068 20040 38013 48550 52004 82500 555 10004=
36982 42998 23302 11020 21039 36597 47159 53001 82030=
37018 41660 20502 10231 20192 30019 40090 57002 70198 82200==
37031 42960 00803 10220 20134 39935 40119 57004 333 90760 91110==
37054 42960 00000 10182 20137 39770 40135 57004==
37061 42960 00705 10204 20158 39977 40136 57009 333 91010 90760 91110==
37085 42940 00807 10228 20180 30165 40139 57009==
37171 42740 70604 10247 20200 30072 40089 57001 81930==
37228 42960 01601 10174 20163 39325 40116 57007==
37235 42960 00000 10171 20152 39816 40117 57001==
37472 42960 01405 10238 20177 30146 40125 53001 333 91011 90760 91113==
38149 42970 00301 10126 20038 30105 40179 57011==
38178 429// 02702 10180 20025 39900 40170 54000==
38262 429// 00101 10147 20043 30119 40198 53005==
38264 42970 00101 10152 20056 30095 40185 52001==
38345 42999 00000 10088 20027 38820 48522 58008 555 10006=
38353 429// 01302 10176 20059 39315 40169 54000=
38388 42998 00000 10160 20051 30125 40194 52005 555 18014=
38392 42997 00103 10172 20077 30075 40174 57003 555 10016=
38396 42960 00402 10158 20068 30056 40177 53001==
38403 429// 00203 10217 20092 30041 40155 52005==
38413 429// 01302 10216 20041 39874 40147 57019==
38457 42960 00801 10164 20106 39581 40143 54000==
38462 429// 00000 10106 20048 38772 48514 58003==
38462 429// 00000 10106 20048 38772 48514 58003==
38507 42996 00506 10223 20025 30062 40159 54000 333 91006 555 10020=
38545 42998 03201 10164 20071 39988 40157 54000 555 10014=
38565 129// 00000 10156 20064 39562 40134 54000 60002==
38579 129// 00000 10142 20099 39733 40137 53001 60002==
38583 12960 02701 10146 20112 39834 40144 53003 60002==
38599 32997 00000 10155 20109 39657 40152 53005=
38611 42/60 63402 10192 20105 39608 40151 52007 86040==
38613 429// 00202 10162 20110 39291 40155 53004 555 10015=
38616 425// 11801 10164 20126 39186 40155 53003 81300=
38618 429// 01101 10174 20129 39485 40143 52004==
38647 42997 00905 10219 20002 30092 40132 57002 555 10018=
38656 42998 00502 10208 20034 30052 40156 58009 555 10018=
38683 42960 00902 10156 20082 39868 40134 57002==
38687 42997 03603 10203 20102 39915 40138 53002 555 10019=
38696 129// 01101 10166 20102 39314 40133 54000 60002==
38713 429// 01802 10132 20040 39023 48490 54000=
38750 42997 03601 10223 20164 30154 40127 58005 555 10018=
38763 42997 00802 10190 20036 30045 40146 57002 555 10017=
38774 42998 02201 10193 20050 39968 40155 57004 555 10016=
38799 42997 03602 10190 20064 39917 40139 57004 555 10017=
38806 42997 00000 10170 20119 39861 40111 57003 555 10016=
38812 42960 00602 10167 20071 39674 40109 57009==
38836 429// 00000 10158 20051 39194 40093 57004=
38880 42997 01902 10204 20043 39904 40147 57011 555 10019=
38886 42997 03202 10169 20065 39934 40154 57004 555 10015=
38895 42996 00000 10198 20090 39874 40151 58006 555 10016=
38911 42997 03301 10190 20061 39835 40117 54000 555 10017=
38915 42997 00000 10182 20109 39811 40120 53004 555 10016=
38927 12960 02402 10172 20062 39757 40118 51005 60002==
38933 429// 00000 10158 20113 39638 40133 52006=
38944 429// 00202 10188 20050 39548 40057 52003=
38954 429// 00000 10158 20036 37920 48470 52006=
38974 42998 03202 10171 20076 39820 40143 57002 555 10020=
38987 42996 00000 10146 20071 39431 40151 57007 555 10011=
40030 32570 22701 10258 20181 40098 58002 82500 333 82630=
40080 32965 02203 10220 20129 39400 4//// 57010=
40100 43960 01504 10279 20211 30097 40112 58012 6///1 333 58///=
40180 12560 51803 10262 20207 30060 40107 57004 60001 85800 333 70000==
40199 12/// /3404 10299 20139 30079 40102 57006 60001 333 70000==
40265 31557 33104 10214 20189 39355 40106 57005 70511 83100 333 83830=
40270 31556 63005 10213 20169 39248 40100 57002 70511 86600 333 86720=
40272 31950 02507 10194 20155 39313 40106 57001 70500=
40340 32960 03508 10290 20174 30045 40106 57006=
40356 32960 02808 10222 20080 39143 48495 333 59009 555 04410 50056=
40357 32960 03312 10292 20050 39441 40027 333 59013=
40360 32960 02914 10228 20150 39525 40080 333 59004=
40361 32960 02611 10283 20080 39334 40088 333 59011=
40362 22960 02805 10287 20020 39546 40022 333 59007 60005==
40373 32960 02704 10304 20020 39630 40015 333 59001=
40375 32960 03003 10290 20090 39242 40053 333 59008=
40394 32960 01804 10292 20060 38991 48506 333 59008 555 04410 50032=
40394 32960 01804 10292 20060 38991 48506 333 59008 555 04410 50032=
40400 32960 02906 10316 20260 30035 40062 333 58000=
40405 32960 03104 10293 20040 39337 40019 333 59007=
40417 32960 03110 10318 20020 39978 49992 333 58006=
40420 32960 03111 10331 20060 39799 49995 333 58005=
40430 32660 23307 10327 20100 39371 40076 82500 333 58007 82640=
40437 32960 03008 10313 20010 39362 40011 333 58000=
40439 32660 33404 10315 20200 30034 40052 83500 333 59003 83640=
40582 32960 03210 10347 20088 40002 56005 333 0/033 55300 00000 10203 20000 30000 41141 51343 60000 55407 40000 90467 91009 91123 91215 91313=
40703 12960 00000 10198 20118 38894 40065 54000 60001 333 70000 555 10151 29060=
40706 12962 20707 10208 20122 38635 40057 58008 60001 80002 333 70000 82068 555 10157 29058=
40712 12965 00103 10203 20121 38653 40043 56005 60001 333 70000 555 10154 29059=
40713 12962 00810 10225 20119 38625 40017 58008 60001 333 70000 555 10161 29051=
40718 12560 12201 10245 20222 30154 40127 57008 60001 81500 333 70012 81625 555 10229 29087=
40723 12970 03302 10126 20004 38958 40132 51001 60001 333 70000 555 10072 29043=
40726 12960 00000 10220 20122 38629 40036 58001 60001 333 70000 555 10161 29054=
40727 12960 00000 10170 20087 38456 40033 56006 60001 333 70000 555 10124 29058=
40732 12560 63101 10258 20229 30137 40114 57010 60001 86300 333 70000 82922 85625 555 10238 29084=
40736 12960 00000 10236 20218 30146 40122 57009 60001 333 70000 555 10224 29090=
40737 12960 31801 10225 20211 30103 40120 57008 60001 80005 333 70000 83269 555 10216 29092=
40738 12960 00000 10195 20146 30132 40134 55003 60001 333 70000 555 10166 29073=
40739 12965 00203 10168 20041 38689 40097 54000 60001 333 70000 555 10104 29043=
40741 12960 00000 10188 20042 39814 40129 57010 60001 333 70000 555 10117 29038=
40743 12965 00706 10189 20000 39054 40102 56002 60001 333 70000 555 10102 29028=
40745 12965 02802 10157 20056 39043 40137 56003 60001 333 70000 555 10106 29051=
40747 12960 03604 10237 20073 38595 40001 55001 60001 333 70000 555 10145 29035=
40754 12960 43202 10260 20020 38806 40052 57004 60001 84030 333 70000 84359 555 10137 29021=
40762 12962 03504 10152 21023 38540 40080 53004 60001 333 70000 555 10075 29030=
40766 12960 00000 10223 20014 38630 49985 57006 60001 333 70000 555 10119 29025=
40768 12962 00902 10163 20019 38238 40009 55002 60001 333 70000 555 10093 29038=
40769 11940 03001 10206 20024 38279 40010 55005 60001 70600 333 70000 555 10113 29030=
40780 12960 01201 10230 20050 38619 49994 56007 60001 333 70000 555 10134 29031=
40782 12960 02802 10196 20060 38786 49985 57003 60001 333 70000 555 10124 29041=
40785 12960 00000 10226 20004 39036 40046 52003 60001 333 70000 555 10120 29023=
40791 12965 00000 10258 21022 39280 40041 53003 60001 333 70000 555 10128 29016=
40792 12962 00000 10174 21028 38685 40052 53001 60001 333 70000 555 10086 29025=
40798 12960 03003 10173 21017 37960 40004 55001 60001 555 10084 29027=
40800 12960 01502 10241 21010 38441 40015 56005 60001 333 70000 555 10119 29019=
40809 12960 00705 10145 21038 38458 40034 57016 60001 333 70000 555 10068 29028=
40811 12960 02902 10322 20103 39953 49977 56005 60001 333 70000 555 10195 29026=
40812 12960 00801 10311 20095 39625 49967 57008 60001 333 70000 555 10186 29026=
40818 12960 02803 10185 21024 37976 49999 56004 60001 333 70000 555 10088 29024=
40821 12860 13003 10239 21045 38752 40030 53002 60001 81030 333 70000 81357 555 10112 29015=
40829 11906 03519 10238 20032 39476 40008 54000 60001 73033 333 70000 555 10135 29026=
40831 12960 03003 10297 20130 39989 49996 56004 60001 333 70000 555 10197 29036=
40833 12960 03102 10285 20093 39959 49988 55004 60001 333 70000 555 10178 29030=
40835 12960 00000 10249 20074 39215 49981 57007 60001 333 70000 555 10153 29033=
40841 12960 00000 10195 21007 38222 40000 55002 60001 333 70000 555 10099 29026=
40848 12960 00000 10222 20062 38464 49969 55002 60001 333 70000 555 10134 29035=
40854 12960 02702 10283 21017 38877 49983 54000 60001 333 70000 555 10138 29014=
40856 11940 00102 10194 21029 38582 40007 56006 60001 70600 333 70000 555 10094 29022=
40859 12960 03002 10240 20033 38633 49970 55001 60001 333 70000 555 10132 29026=
40875 11940 00702 10314 20276 39963 49973 56003 60001 71000 333 70000 555 10286 29080=
40879 12960 00204 10317 20023 39351 49972 55000 60001 333 70000 555 10164 29015=
40882 11930 01704 10316 20303 39928 49960 58011 60001 71000 333 70000 555 10306 29093=
40883 11925 02703 10320 20298 39942 49963 58003 60001 71000 333 70000 555 10303 29088=
40893 11950 03103 10309 20279 39951 49956 55011 60001 71000 333 70000 555 10287 29084=
40898 11550 30000 10287 20268 39963 49972 56004 60001 71000 83600 333 70000 83720 555 10273 29089=
41024 12560 52607 10332 20260 30046 40071 69902 85600 333 58001 82720 85640==
41036 12560 40000 10229 20170 38559 48511 60362 84800 333 58006 84830==
41055 22560 33212 10245 20090 38360 48501 83400 333 58010 60005 83630==
41061 21956 03612 10341 20020 39343 49993 70700 333 58008 60005==
41084 22960 00409 10329 20010 38813 48487 333 58006 60005==
41112 12960 00000 10185 20130 37938 48493 69912 333 59003==
41114 12960 00000 10187 20130 37972 48491 60012 333 58000==
41128 22560 23506 10314 21010 38752 48473 82400 333 58005 60005 82630==
41136 21958 03608 10327 20010 39222 49976 70600 333 59013 60005==
41140 21959 00604 10300 20270 30049 40052 71000 333 59011 60005==
41150 32964 03215 10352 20262 49984 333 58001=
41176 34/66 /2905 10296 20229 39977 49983 333 58002=
41184 31940 21606 10321 20280 49971 70600 80001 333 59009 82070=
41194 11940 22006 10325 20285 39960 49965 60001 70500 82030 333 59007 70000 82368=
41196 11940 21708 10327 20278 39930 49969 60001 70500 82030 333 59011 82365=
41216 31430 23404 10331 20303 39972 49976 70500 82600 333 58003 82711=
41217 31420 63206 10328 20302 39945 49973 70510 866// 333 58003 86711=
41255 36/// /1302 10295 20204 39480 49967 333 0E032 59007=
41256 32/60 10705 10308 20274 39959 49976 92345 333 59002 55000 55407 55408 55507 55508=
41257 36/// /2203 10313 20166 39510 49982 333 0E033 55300 20000 59005=
41258 36/// /1007 10300 20296 39966 49970 333 0E/// 55300 20000 59004=
41265 36/// /3100 10291 20194 39421 49963 333 0E033 55300 20000 59009=
41268 36/// /2508 10318 20220 39926 49971 333 0E032 55300 25022 58002=
41275 36/// /1409 10303 20197 39821 49983 333 0E030 55300 20000 59009=
41288 36/// /2115 10242 20232 39965 49987 333 0E026 59004=
41315 26/03 /1704 10221 20220 39224 47138 333 0E024 55300 27865 59001 70002=
41316 01356 81903 10255 20250 30005 40034 69924 75022 887// 92345 333 58002 55000 55407 55408 55507 55508 70002 84708 88618=
41396 11213 10270 20257 40151 56/// 766// 81725 22272 0//// 20001 6/00/ 80260=
41397 70120 10270 20226 40110 52020 7//22 8/720 22253 06320 20100 301// 41004 80240=
41398 42522 10300 20273 40063 51010 70211 83464 22253 04300 20506 323// 40506 80280=
41480 11560 41104 10288 20235 39996 40005 60002 70544 81501 333 59042 81620 84070=
41497 51218 10310 2//// 40060 5//// 75852 85162 22284 00300 2//01 321// 4//02=
41498 21123 10235 20196 40170 5//// 70110 822/0 22214 00250 20808 80210=
41506 42640 80000 20000 30000 333 58000==
41508 42440 80000 20000 30000 333 58000==
41515 42640 80000 20000 30000 333 58000==
41523 42620 70000 20000 30000 333 58000==
41535 42640 80000 20000 30000 333 58000==
41536 42440 80000 20000 30000 333 58000==
41560 42640 50000 20000 30000 333 58000==
41571 42640 71305 20000 30000 333 58000==
41598 42640 80000 20000 30000 333 58000==
41600 42640 80000 20000 30000 333 58000==
41620 42640 60901 20000 30000 333 58000==
41624 42640 83601 20000 30000 333 58000==
41630 42510 80502 20000 30000 333 58000==
41640 42640 30000 20000 30000 333 58000==
41660 42600 71312 20000 30000 333 58000==
41678 42940 30000 20000 30000 333 58000==
41696 42940 40000 20000 30000 333 58000==
41697 42640 80000 20000 30000 333 58000==
41700 42640 60501 20000 30000 333 58000==
41710 42920 03104 20000 30000 333 58000==
41715 42620 80000 20000 30000 333 58000==
41725 42640 60504 20000 30000 333 58000==
41739 42920 03102 20000 30000 333 58000==
41744 42640 80000 20000 30000 333 58000==
41749 42640 73605 20000 30000 333 58000==
41756 42420 61301 20000 30000 333 58000==
41759 42920 30000 20000 30000 333 58000==
41764 42640 73609 20000 30000 333 58000==
41768 42540 30504 20000 30000 333 58000==
41780 42540 70205 20000 30000 333 58000==
41859 02435 80000 10285 20280 30009 40046 8562/ 333 58004 70000 82710 84618 88458==
41883 02450 80000 10300 20280 30026 40046 8552/ 333 59003 70000 85616 88459==
41891 41440 81003 10268 20250 30016 40054 70522 84370 333 58006 84615 86460 81930==
41898 21623 10160 20130 40250 54000 70222 82002 22253 06240 21002 80180=
41907 02440 80000 10280 20270 30028 40043 8552/ 333 58003 70000 85615 88458==
41923 01330 81802 10265 20260 30045 40055 79562 8692/ 333 58007 70020 86707 88458 81925==
41936 01420 40000 10274 20260 30032 40039 70522 82830 333 58006 70000 82615 83362==
41943 11435 60000 10268 20260 30047 40054 60016 70162 84530 333 58005 70010 84616 83362==
41950 02350 80000 10275 20275 30048 40050 8562/ 333 58003 70000 82708 84616 88458==
41978 02457 60404 10267 20260 30046 40052 83530 333 58006 70098 83617 85362==
41992 01420 60602 10275 20260 30048 40050 70522 84520 333 59004 70000 84615 86460==
42001 30001 99259 70897 46/// /1003 10296 20283 30134 40137 92340 22200 00311 333 91204 555 11037 22039 8//04 92338=
42027 21595 80502 10168 20159 38404 48488 70252 8552/ 333 58029 6010/=
42044 22595 80000 10160 20150 38274 48508 8352/ 333 58027 6011/=
42045 21494 80000 10172 20166 38311 48436 76062 8472/ 333 58031 6017/=
42056 21696 83602 10242 20208 39625 70262 8352/ 333 58029 6017/ 83634 88458=
42071 21596 60704 10256 20253 40045 71022 83470 333 58013 6020/ 83625 84359=
42097 30001 99257 70837 46/// ///// 1//// 92356 22200 00301 10502 20502 70008=
42101 21595 60000 10262 20262 40058 71022 83530 333 58026 6004/ 83630 83360=
42111 21595 40000 10240 20226 39371 40055 71011 83830 333 58024 6992/ 82620 83830=
42123 32596 60901 10268 20262 40031 83520 333 58019 83630 86458=
42131 32696 60000 10270 20256 40044 84530 333 58011=
42165 32696 61403 10286 20240 40018 86500 333 58030 86635=
42182 21995 10000 10256 20253 40046 71000 81030 333 58023 6012/ 81360=
42189 31595 70000 10276 20262 40047 70521 83530 333 58005 83620 87360=
42309 31395 80202 10290 20285 40052 71021 8562/ 333 58010=
42314 31596 69902 10296 20282 40052 71022 83530 333 58011 83620 86360=
42328 31495 71402 10264 20235 49994 70500 87700 333 56300 58034 87715=
42339 21895 10000 10258 20241 40025 70500 81030 333 58036 6995/ 81358=
42348 31595 50000 10260 20240 40038 71011 83530 333 58019 83630 83360=
42361 31996 20000 10270 20262 40041 70500 82030 333 58015 82360=
42369 31595 50000 10276 20265 40047 71022 82530 333 58006 82620 84360=
42379 21595 60000 10280 20266 40041 71022 83470 333 58010 6990/ 83620 84458 86360=
42410 21495 40000 10/84 20270 40051 71021 82530 333 58005 6001/ 83618 83360=
42415 22996 00000 10292 20273 40060 333 58007 6002/=
42452 31996 20000 10252 20234 40032 71000 80001 333 58023=
42492 21495 50000 10280 20257 40044 71022 82530 333 58008 6990/ 82618 85360=
42559 22996 40000 10248 20236 40035 80002 333 58015 6992/ 84075=
42571 21596 81801 10252 20234 40044 71796 8593/ 333 58001 6002/ 85625 81930 87360=
42623 21495 40000 10224 20221 39208 40062 71021 82530 333 58005 6001/ 82618 84360=
42634 21495 82315 10244 20238 49953 76366 8572/ 333 58042 6054/ 83715 83620 88458=
42647 21495 81406 10268 20254 40025 71022 8472/ 333 5639/ 58031 6011/ 83712 83618 88458=
42667 21495 72903 10250 20236 39468 40046 70522 85930 333 58011 6998/ 82710 83620 81930 86360=
42675 21495 70000 10264 20250 40036 70562 85640 333 58001 6001/ 82712 85620 86360=
42701 21595 50000 10244 20241 39328 40041 71022 82530 333 58007 6002/ 82620 83360=
42724 21496 50000 10266 20255 40050 71096 82530 333 58003 6993/ 82618 84360=
42737 22496 62014 10256 20250 40003 70262 84730 333 58025 6007/ 84710 86358=
42754 32996 00000 10226 20211 39413 40042 333 58016=
42779 22495 80000 10230 20221 39358 40048 8562/ 333 58001 6005/ 82710 84620 88458=
42798 21496 50000 10272 20258 40040 71010 83530 333 58008 6990/ 83615 83360=
42809 31595 20000 10274 20260 40046 70511 82500 333 58006 82620=
42840 22596 42303 10272 20261 40028 83530 333 58012 6005/ 83620=
42867 21495 60000 10242 20239 40041 76062 83920 333 59001 6011/ 83618 81930 85458=
42874 21596 60000 10252 20234 39702 40035 70292 81531 333 59004 6002/ 81620 83360 85075=
42886 21595 50000 10250 20244 40044 70562 83530 333 58004 6004/ 83620 85360=
42895 32596 30000 10278 20267 40036 81530 333 58000 81620 83360=
42971 21495 53402 10268 20262 40032 71022 84430 333 59003 6015/ 83618 84360=
43003 21495 72304 10282 20259 40036 75022 84730 333 59002 6990/ 82710 83616 86356=
43014 31596 30000 10228 20213 39400 40041 70542 83500 333 58002 83620=
43041 21495 80000 10230 20224 39426 40037 71022 8561/ 333 59007 6008/ 81715 85620 88458=
43063 22596 50000 10224 20218 39430 40050 82530 333 58003 6001/ 82626 85356=
43086 22596 60000 10260 20242 39857 40032 83530 333 58000 6011/=
43110 22495 82301 10268 20254 40060 8777/ 333 59004 6022/ 87712 86456=
43117 32596 61802 10248 20234 40049 84430 333 59005=
43128 21496 79901 10240 20216 39446 40047 70522 84731 333 56699 59003 6006/ 81710 84615 86360=
43150 21496 72504 10256 20247 39957 40017 76265 84871 333 59014 6013/ 83618 86458=
43185 21596 80000 10248 20245 30023 40026 75096 8487/ 333 59004 6013/ 83620 86458=
43189 21596 80000 10258 20243 30015 40024 75065 8382/ 333 59010 6011/=
43192 21596 60000 10266 20260 40059 70262 83730 333 59009 6003/=
43201 22396 62302 10220 20214 39319 40041 84630 333 56690 59011 6994/ 83708 83612 85358=
43213 22596 60000 10250 20232 39727 40042 83870 333 59006 6006/=
43233 21496 72306 10224 20200 39263 40077 75022 84610 333 56690 59008 6990/=
43237 32596 49902 10248 20221 39642 40031 81532 333 59011 81620 83075=
43245 21596 81604 10284 20240 30021 40047 70262 8487/ 333 58000 6002/=
43279 31596 72303 10274 20227 30037 40054 70522 83530 333 59009 84620 86360=
43284 21092 80000 10246 20237 39957 40073 74496 8567/ 333 59009 6017/ 83701 83612 87458=
43295 22396 72304 10204 20186 39063 48471 85631 333 56599 59011 6027/ 84708 83612=
43314 21496 80000 10244 20238 40078 76066 8487/ 333 58008 6041/=
43321 21396 72010 10232 20220 39624 40072 71022 84642 333 56599 59011 6990/ 82708 83612 85458=
43329 22596 62302 10254 20242 30036 40049 83531 333 59014 6019/=
43333 21495 72306 10252 20231 40076 70562 84420 333 56990 58010 6007/ 83618 84820 87458=
43344 21496 62503 10272 20228 39964 40063 71022 83521 333 59010 6992/ 83616 83458=
43369 21596 52702 10260 20254 40083 70296 83530 333 59011 6022/ 83620 85358=
43371 21496 70000 10251 20241 30009 40082 76296 84970 333 57972 59014 6006/ 84712 81925 86456=
43404 22470 32203 10276 20266 30058 40061 52005 82000 333 55000 553// 20000 59008 60008 91006 555 60058==
43410 22470 8//// 10271 20231 30068 40071 57/// 82000 333 59005 60008==
43413 22470 72207 10282 20240 30066 40071 55001 81105 333 553// 20006 59010 60008 91013==
43418 22470 62301 10271 20239 30034 40075 52004 84206 333 59004 60008 555 60008==
43421 22470 42502 10254 20000 39975 40081 57008 84000 333 553// 20000 59003 60008 91004==
43422 22/70 62302 10257 20241 39946 40080 86010 333 55001 59005 60008 555 60008==
43424 22470 62304 10282 20251 30078 40080 52004 84000 333 59006 60008 555 60048==
43436 22470 60000 10257 20240 30066 40069 51001 84000 333 59009 60008 555 60018==
43441 21470 31801 10253 20239 39950 40083 55000 70381 82101 333 59004 69918 555 69968==
43444 22470 70000 10230 20218 39562 40092 52006 87000 333 55001 58001 60008 555 60038==
43450 21465 31802 10256 20235 30086 40098 53005 72580 83100 333 59006 60048 555 60048==
43466 21470 62101 10263 20249 30083 40091 5/002 72582 86000 333 553// 20000 59004 60078 91004==
43467 21470 72305 10282 20254 30084 40090 52002 72582 85000 333 59004 69918 555 69918==
43473 21462 82807 10151 20151 38111 48477 53001 70285 88000 333 553// 20000 59007 60008 91011 555 69948==
43475 22/70 32302 10264 20230 30070 40075 54000 333 553// 20000 59008 60008 91004 555 60118==
43476 22470 72700 10194 20162 38756 48500 84000 333 55001 59004 60008 555 60008==
43486 21465 80101 10241 20241 39993 40094 5/002 72582 84000 333 553// 20000 59003 60008 91002==
43495 22468 82308 10285 20249 30072 40086 5/010 88000 333 59060 60008 555 60038==
43497 22/70 72802 10267 20000 30067 40084 54001 333 59001 60008 87276 82/18 91005==
44212 11584 61602 10137 20112 39031 40102 57004 60012 70262 83238 333 20102 3/009 55117==
44213 11597 80000 10136 20102 38728 40106 52006 69952 76162 8872/ 333 20136 91202 555 30134 80135=
44214 11670 63206 10117 20067 38250 40132 53008 69972 70266 86500 333 20131 3/013 55096==
44215 11698 72704 10128 20089 38363 40109 52002 69902 70266 87800 333 20126 91205 555 30109 80040=
44217 11698 62304 10102 20012 37867 40186 54000 69952 70262 85800 333 20101 91210 555 30049 80040=
44218 11699 70302 10157 20107 38553 40098 53011 69902 70262 85570 333 20153 91204 555 30147 80020=
44219 32699 82904 10192 20073 38559 40068 51016 885// 333 20192 91206 555 30184=
44265 11570 82606 10145 20118 38813 40146 53013 69912 71562 8822/ 333 20105 3/010 55122==
44266 32699 72204 10138 20064 37774 40119 52006 84510 333 20131 91114 91211 555 30143=
44404 41/01 90902 10170 20170 38119 48447 745// 89/// 333 58006=
44416 42556 71102 10240 20235 39306 40043 85540 333 58005=
44424 42558 83501 10146 20142 37687 47103 8361/ 333 58019=
44434 41340 60000 10224 20209 39184 48497 710// 83460 333 58012=
44438 41440 73202 10272 20261 39922 40043 710// 84850 333 58011=
44449 41540 43601 10254 20251 39896 40045 71095 82430 333 58015=
44454 42357 50804 10190 20187 38633 48475 83601 333 58006=
44462 42250 30901 10188 20146 38241 48455 83200 333 58002=
44474 42056 20000 10171 20162 38247 48491 81101 333 58005=
44477 42456 30000 10204 20198 38786 48503 81102 333 58001=
44478 41540 30602 10275 20259 39957 40039 71000 82230 333 58003=
48010 42540 81401 10280 20268 39898 40048 8577/ 333 20270 58003==
48020 333 20250==
48025 12420 80000 10268 20231 39920 40057 59007 60002 8587/==
48048 41556 40000 10263 20260 39999 40055 70295 84900 333 20255 58009==
48052 22450 70000 10250 20233 85831 333 20236 56999 60002=
48062 42456 50405 10272 20256 30029 40035 84830 333 20222 59023==
48064 42440 81401 10270 20256 39981 40039 8587/ 333 20250 59001==
48071 42450 81302 10270 20240 30035 40043 8697/ 333 20245 59018==
48094 41456 70000 10250 20245 30043 40053 70166 85970 333 20218 58005==
48109 41340 82305 10264 20260 30058 40061 75365 8697/ 333 20220 58007==
50557 14/57 /2902 10160 20147 39761 40045 52004 60001 333 10223 20130 3/011 59040 70002 90761 91106==
51076 14/01 /0601 10101 20096 39327 40173 52021 60001 74540 333 10266 20100 3/011 58061 70001 90761 91113==
51087 14/72 /2905 10124 20122 39192 40169 52018 60061 333 10295 20124 3/013 58060 70092 90761 91114==
51156 14/80 /2903 10095 20066 38699 40180 52011 60001 333 10230 20087 3/009 58041 70030 90761 91112==
51243 14/80 /2701 10182 20096 39647 40169 52017 60001 333 10271 20181 3/018 58068 70004 90761 91109==
51334 14/74 /1402 10163 20106 39785 40171 52010 60001 333 10248 20143 3/013 58079 70006 90761 91105==
51379 14047 02502 10151 20145 39280 40174 52014 60061 76050 333 10300 20151 3/017 58086 70062 90761 91116==
51463 14/80 /1302 10145 20118 39044 40188 52005 60031 72100 333 10246 20136 3/014 58076 70197 90761 91116==
51573 14/62 /3301 10293 20127 39975 40020 52029 60001 333 10412 20293 3/030 58015 70000 90761 91112==
51644 14/80 /3101 10171 20134 38866 40045 52014 60001 70060 333 10261 20171 3/018 58025 90761 91113==
51656 14/67 /0803 10230 20161 39049 40022 52023 69911 72100 333 10345 20221 3/023 58021 70001 90761 91108==
51709 14/80 /2905 10192 20088 38590 40070 57001 60001 70060 333 10256 20170 3/015 58038 70073 90761 91110==
51711 14/80 /2503 10142 20034 38010 40038 52007 60001 333 10203 20127 3/010 58018 70067 90761 91106==
51716 14/69 /1802 10173 20151 38853 40079 52002 60001 333 10221 20173 3/017 58044 70162 90761 91105==
51765 14/61 /2801 10214 20114 39096 40007 52026 60001 333 10374 20214 3/020 58019 70000 90761 91106==
51811 14080 01601 10183 20142 38745 40083 52003 60001 70065 333 10211 20173 3/017 58040 70087 90761 91108==
51818 14/61 /3101 10154 20143 38615 40106 52011 60011 333 10226 20153 3/016 58061 70014 90761 91108==
51828 14/58 /3001 10196 20151 38607 40080 52010 60001 70060 333 10278 20196 3/020 58061 90761 91104==
51886 14/68 /1802 10161 20065 37139 49958 52012 60001 333 10298 20152 3/015 58015 70003 90761 91112==
52203 14/65 /1004 10282 20080 39194 49994 52028 60001 333 10382 20203 3/025 59011 70000 90761 91112==
52602 14/80 /3402 10192 20097 37273 49933 52012 60001 333 10309 20159 3/018 58006 70000 90761 91111==
52681 14/69 /0905 10248 20183 38544 49965 54000 60001 333 10330 20214 3/022 59037 70000 90761 91109==
52818 14/67 /2702 10198 20085 37249 49932 52016 60001 333 10329 20150 3/016 58000 70000 90761 91113==
52908 14/76 /3501 10067 20012 35861 49984 52007 60001 333 10184 20046 3/002 58002 70000 90761 91110==
53463 14/73 /1402 10217 20171 38848 40103 52012 60001 333 10271 20169 3/017 58011 70000 90761 91105==
54857 14/67 /2101 10271 20207 30002 40090 52005 60001 333 10303 20242 3/022 59009 70000 90761 91104==
55228 14/80 /2301 10078 20047 36090 40007 52002 60001 333 10191 20077 3/005 58005 70001 90761 91106==
55299 14/66 /0000 10036 21015 35953 40039 52012 60001 333 10191 20035 3/000 58012 70000 90761 91106==
55578 14/80 /1501 10101 20022 36448 40021 52012 60001 333 10220 20091 3/009 58012 70001 90761 91108==
55591 14/80 /1002 10127 20031 36601 40018 52016 60001 333 10245 20121 3/008 58018 70000 90761 91105==
55664 14/80 /1602 10079 20013 36087 40032 52008 60001 333 10172 20074 3/006 58012 70000 90761 91106==
55773 14/79 /3302 10047 20026 36095 40115 52007 69931 333 10130 20032 3/001 58010 70012 90761 91111==
56004 14/80 /2002 10067 20014 35923 49989 52014 60001 333 10197 20040 3/000 58008 70000 90761 91111==
56018 14/76 /1901 10048 20013 36276 40043 52015 60001 333 10250 20046 3/004 58004 70000 90761 91105==
56116 14/60 /0101 10069 20026 36427 40048 52013 60001 333 10251 20066 3/004 58005 70000 90761 91106==
56299 70019 82817 84628 86360=
56312 14/80 /0401 10112 20089 37154 40097 52012 60001 333 10275 20108 3/010 58014 70000 90761 91104==
57494 14/65 /0901 10293 20248 30056 40084 52014 60001 333 10318 20251 3/027 59002 70000 90761 91103==
58847 14/59 /2901 10282 20260 39991 40088 52012 60001 333 10349 20266 3/026 58022 70000 90761 91104==
62306 42960 00103 10270 20216 40127 57008==
62309 42960 03403 10264 20236 40110 57012==
62332 42560 33005 10283 20218 40116 57008 83500==
62337 42960 00000 10254 20202 40112 52001==
62366 45960 00605 10273 20216 40111 57009==
62387 42960 03202 10264 20176 40112 57006==
62393 42960 03510 10284 20152 40136 57008==
62405 42960 01605 10325 20084 40083 57004==
62414 41958 02504 10350 20135 40085 57005 70600==
62419 13/60 61308 10322 20217 40101 52026 60031 86020==
62420 42960 03401 10288 20139 40114 57008==
62435 42960 00210 10334 20102 40089 57004==
62465 42960 02807 10319 20180 40072 57009==
