SMPK OPKC 020000=
41504 02695 42302 10120 20103 37859 48496 60022 84500 333 56900 59024 60007 84640 RH89%=
41505 12595 80000 10150 20116 38/// 48/// 60001 83520 333 56990 58/// 83640 88460 80%=
41506 02695 40000 10180 10157 38483 48482 60002 84020 333 56090 59021 60007 84460 86%=
41507 02996 00000 10240 20218 39193 49690 60002 333 58004 60007 88%=
41508 02695 80000 10186 20161 38622 48496 60002 84520 333 56990 59009 60007 84635 84460 RH 86%=
41509 01596 70000 10215 20185 38710 48460 60022 71791 84920 333 56990 59006 60007 81930 83640 85459 RH83%=
41510 02696 20000 10135 20127 37904 48490 60022 82030 333 56090 58005 60007 82360 95%=
41515 02996 00000 10181 20129 38539 48503 60002 333 59009 60007 72%=
41516 02696 60000 10190 20174 38508 48467 60012 82510 333 56990 59025 60007 82640 85460 RH91%=
41517 11696 20000 10160 20127 37781 48476 60002 70400 81530 333 56990 59019 81640 81%=
41518 02696 71802 10211 20163 38/// 48/// 60002 83520 333 56990 5//// 60007 83640 86462 74%=
41519 02696 60000 10235 20156 38735 48486 60002 83520 333 56990 59016 60007 83640 83462 RH61%=
41520 02695 70000 10150 20134 37632 48238 60002 83570 333 56990 59011 60007 83640 86762 90%=
41523 02995 20000 10230 20200 39028 48469 60002 80050 333 56090 59008 60007 82360 83%=
41524 01696 81804 10220 20190 39279 40115 60202 72062 8352/ 333 5699/ 59012 60047 83640 85458 RH 83%=
41525 12996 00000 10150 20134 37691 48385 60002 333 59015 90%=
41528 01696 50000 10230 20223 39136 48452 60002 70400 82520 333 56990 59002 60007 82640 83460 96%=
41529 02696 50000 10270 20256 39673 40038 60002 82530 333 56990 58001 60007 82640 83360 RH 92%=
41530 016// 73104 10280 20252 39638 40033 69902 70522 83430 333 56990 58000 60007 83840 85360 85%=
41534 02696 60502 10290 20255 39628 40022 60002 83520 333 56990 59012 60007 83640 83460 RH81%=
41535 02696 70000 10235 20213 38671 48449 60002 83430 333 56990 58001 60007 83840 84360 RH88%=
41536 02996 80000 10220 20215 38983 48472 60002 8352/ 333 5699/ 58005 60007 83630 88460 92%=
41560 02996 00000 10250 20132 38241 48453 60002 333 59013 60007 Rh48%=
41562 02996 40000 10275 20224 39579 40024 60002 84020 333 56090 59011 60007 84460 RH 74%=
41565 22997 03104 10183 20169 38610 48482 60002 333 58002 60007 91% =
41567 01996 00000 10270 20234 39624 40024 60002 70400 333 58002 60007 81%=
41571 11696 40504 10270 20256 39492 40051 60002 70511 83830 333 56990 58005 RH92%=
41572 01996 00904 10260 20246 39425 40024 60002 70400 333 58002 60007 R/H 92%=
41573 02092 80000 10180 20173 37972 48480 60002 886// 333 569// 58000 60007 887// 95%=
41574 02697 83102 10160 20152 38322 48497 60012 72166 8552/ 333 5699/ 59008 60017 85640 88460 95%=
41576 01696 40000 10265 20244 40054 60002 71390 85900 333 56900 59005 60007 81930 84840 88%=
41577 01996 30000 10260 20253 39459 40055 60002 70411 83030 333 56090 58005 60007 83360 RH 96%=
41593 01996 00000 10275 20247 39817 40022 60002 70400 333 59003 60007 85%=
41597 01996 30000 10295 20281 39762 40042 60002 70400 83030 333 56090 59011 60007 83365 92%=
41598 01996 30000 10285 20264 39769 40029 60002 70400 83070 333 56090 58003 60007 83460 89%=
41599 01596 30000 10295 20267 39766 40042 60002 71300 83900 333 56900 58008 60007 81930 82640 85%=
41600 01996 30000 10270 20256 39742 40026 60002 70411 83020 333 56090 59002 60007 83460 92%=
41620 32996 00000 10230 20168 38528 48434 60002 333 59009 60007 68%=
41624 01996 00502 10290 20262 39830 40021 60002 70400 333 59005 60007 85%=
41625 01996 00000 10285 20250 39821 40012 60002 70400 333 59024 60007 81%=
41630 01696 21302 10290 20276 40042 60002 70400 82500 333 56900 58000 60007 82640 92%=
41633 02997 20000 10260 20231 3//// 4//// 60002 82030 333 56090 5//// 60007 84%=
41634 02697 30000 10260 20239 3//// 4//// 60002 83600 333 56900 5//// 60007 83640 88%=
41635 01996 20000 10295 20275 3//// 4//// 60002 70400 82030 333 56090 5//// 60007 82362 89%=
41636 01996 00000 10290 20269 39866 40044 60002 70400 333 58008 60007 89%=
41638 01996 00000 10285 20264 4//// 60002 70400 333 5//// 60007 89%=
41639 01996 00000 10265 20244 3//// 4//// 60002 70400 333 5//// 60007 88% =
41640 01696 20000 10290 20262 39798 40037 60002 70400 82500 333 56900 58001 60007 82640 85%=
41641 01996 20000 10285 20250 39776 40038 60002 70400 82030 333 56090 59002 60007 82360 81%=
41642 01995 31302 10285 20278 3/// 4//// 60002 71000 83010 333 56090 5//// 60007 83460 96%=
41643 01995 00000 10280 20252 39770 40035 60002 70400 333 58002 60007 85%=
41644 01696 30000 10270 20246 3//// 4//// 60002 70400 83020 333 56090 5//// 60007 83460 92%=
41646 01996 00000 10285 20264 39847 40051 60002 70400 333 58000 60007 89%=
41652 01996 00000 10275 20239 39853 40025 60002 70400 333 59015 60007 81%=
41660 027// 31304 10220 20167 38394 48481 6990 81430 333 56990 58007 60007 81850 RH72%=
41661 01696 40000 10225 20181 38346 48468 69902 82520 333 56990 58000 60007 82635 82460 76%=
41669 02996 00000 10295 20275 3//// 4//// 60002 333 5//// 60007 89%=
41670 01996 00000 10270 20249 4//// 60002 70400 333 5//// 60007 88%=
41674 01996 00000 10270 20256 3//// 4//// 60002 70400 333 5//// 60007 92%=
41675 01996 01804 10280 20252 39885 40023 60002 70400 333 59005 60007 85%=
41676 01996 02302 10290 20269 39882 40032 60002 70400 333 59017 60007 89%=
41677 01996 00000 10270 20241 39857 40018 60002 70400 333 59012 60007 84%=
41678 01996 00000 10280 20221 40019 60002 70500 333 59022 60007 65%=
41679 01996 40000 10290 20276 4//// 60002 70400 84030 333 56090 5//// 60007 84460 92%=
41680 01995 20000 10275 20254 39834 40024 60002 71000 82030 333 56090 59014 60007 82362 88%=
41685 02997 00000 10235 20190 38866 48463 60002 333 59002 60007 RH76%=
41696 02996 00000 10185 20146 37997 48498 60002 333 58011 60007 RH78%=
41697 02996 00000 10290 20255 39878 40027 60002 333 59011 60007 RH81%=
41700 01996 02308 10285 20264 39893 40015 60002 70400 333 59011 60007 89%=
41701 01996 00000 10275 20239 39900 40038 60002 70400 333 59002 60007 81%=
41710 12996 03108 10295 20046 39273 40005 60002 333 59015 RH21%=
41712 12996 00000 10300 20142 39116 48467 60002 333 59021 RH38%=
41715 01996 00000 10290 20248 39971 40034 60002 70500 333 59020 60007 RH78%=
41716 01996 00000 10270 20256 39938 40038 60002 70400 333 59008 60007 92%=
41718 01995 02304 10275 20254 39921 40021 60002 70400 333 59008 60007 88%=
41724 01996 00904 10290 20255 39978 40054 60002 70500 333 59003 60007 RH81%=
41725 12996 00000 10290 20255 39946 40022 60002 333 59018 RH81%=
41726 02996 00000 10290 20262 39963 40032 60002 333 58005 60007 RH85%=
41738 02996 01806 10265 20229 39873 40049 60002 333 58021 60007 RH80%=
41739 02996 00000 10250 20165 38968 48446 60002 333 58002 60007 RH59%=
41742 12996 50000 10285 20235 39931 40032 60002 85010 333 56090 59009 85460 RH 74%=
41743 01996 00000 10265 20221 60002 70500 333 60007 RH77%=
41744 12996 00000 10190 20079 38723 48452 60002 333 58005 RH 48%=
41745 01995 01802 10260 20238 60002 70500 333 60007 RH88%=
41746 01996 03602 10260 20246 39976 40028 60002 70500 333 59018 60007 RH92%=
41747 02996 01302 10270 20234 39964 40022 60002 333 59020 60007 RH81%=
41748 02996 00000 10280 20237 39970 40032 60002 333 59011 60007 RH77%=
41749 02996 21804 10260 20231 30008 40041 60002 82030 333 56090 58002 60007 82360 RH84%=
41756 01995 00000 10255 20226 39961 40025 60002 70500 333 58012 60007 RH84%=
41757 01995 00000 10265 20244 30028 40040 60002 70400 333 58020 60007 RH88%=
41759 01695 70904 10235 20212 30031 40037 60002 71011 83510 333 56990 58011 60007 83640 85460 RH87%=
41764 02996 00000 10265 20251 39986 40035 60002 333 59013 60007 RH92%=
41765 02996 00000 10270 20249 30000 40036 60002 333 59014 60007 RH88%=
41766 02596 02302 10260 20246 39996 40026 60002 333 59010 60007 RH92%=
41767 02996 0//// 10270 20241 60002 333 60007 RH84%=
41768 02596 30000 10285 20264 30030 40037 60002 83600 333 56900 58011 60007 83720 RH89%=
41780 01696 40000 10260 20246 30015 40042 60002 70100 84500 333 56900 59001 60007 84630 RH92%=
41783 02996 02302 10260 20246 30008 40037 60002 333 58007 60007 RH 92%=
41785 02996 40000 10275 20254 30033 40046 60002 84030 333 56090 58000 60007 84360 RH 88%=
41786 02996 00000 10270 20241 39992 40027 60002 333 59012 60007 RH 84%=
41BAG 02496 80502 10140 20115 60082 8532/ 333 56999 60027 81718 84635 88460 85%=
41BKI 02696 72304 10290 20262 39627 40025 69903 83530 333 56990 59001 60007 83640 86360 RH85%=
41SKP 01996 00000 10280 20259 3//// 4//// 60002 70400 333 5//// 60007 88%=
43532 02696 6000 10240 20218 39239 40011 60002 70411 83520 333 56990 58001 60007 83640 83460 88%=
43533 02696 40000 10260 20232 391546 48453 60002 84500 333 56900 58004 60007 84640 84%=
43563 01697 80514 10261 20232 39381 40044 60002 71792 85930 333 56990 58007 60007 81925 84640 85360 84%=

==================
41526 Not Received
41533 Not Received
41564 Not Received
41568 Not Received
41592 Not Received
41594 Not Received
41672 Not Received
41760 Not Received
41781 Not Received
==================

UPPK OPKC 020000=
PPAA 52001 41598 55185 32002 77999=
PPAA 52001 41600 55185 02005 77999=
PPAA 52001 41624 55185 03507 77999=
PPAA 52001 41675 55185 22005 77999=
PPAA 52001 41678 55185 12505 77999=
PPAA 52001 41715 55185 23006 77999=
PPAA 52001 41718 55185 27518 77999=
PPBB 52001 41598 90/12 00000 22502 26503 903// 28502=
PPBB 52001 41600 90/12 00000 02502 06502 903// 08004=
PPBB 52001 41624 90/12 04502 05004 06004 9037/ 07004 00507=
PPBB 52001 41675 90/12 18004 17507 20510 903// 21012=
PPBB 52001 41678 90/12 00000 14003 13504 9037/ 14504 08003=
PPBB 52001 41715 90/12 00000 08604 06508 9037/ 03006 21208=
PPBB 52001 41718 90/12 22504 25009 24012 903// 25018=
PPAA 5200/ 41516 MISDA DUE TO TECHNICAL FAULT=
PPAA 5200/ 41517 MISDA DUE TO SMOKE HAZE=
PPAA 5200/ 41640 MISDA DUE TO TECHNICAL PROBLEM=
PPAA 5200/ 41646 MISDA DUE TO TECHNICAL FAULT=
PPAA 5200/ 41739 NO acent due to security risk=
PPAA 5200/ 41764 NO ASCENT DUE TO PAF FLYING=
PPAA 5200/ 41768 NO ASCENT DUE TO SHORTAGE OF STAFF=
PPAA 52231 41780 MISDA NO ASCENT DUE TO RAD BALLOON SHORTAGE=


Data Generated from File : D:\all data handling\Rmc_lhr\2024090200.FSU.txt
02/09/24 01:08:08
______________________________________________________________
15007 05/70 /2301 10157 20112 39714 40173 54000 60001 7000/ 333 4/000 55300 0//// 20000 3//// 55078 0//// 21805 3//// 60007=
15020 04/70 /3002 10166 20104 39969 40161 54001 60001 333 55077 21815 55300 20000 60007==
15023 05/70 /3001 10182 20101 39736 40148 54000 60001 7000/ 333 55300 0//// 20000 3//// 55079 0//// 21903 3//// 60007=
15056 05/70 /3304 10217 20096 39815 40150 57005 60001 7000/ 333 4/000 55300 0//// 20000 3//// 55073 0//// 21807 3//// 60007=
15069 05/70 /2001 10105 20082 39126 42812 57003 60001 7000/ 333 4/000 55300 0//// 20000 3//// 55072 0//// 21913 3//// 60007=
15073 05/70 /0801 10170 20101 39713 40167 54001 60001 7000/ 333 4/000 55300 0//// 20000 3//// 55095 0//// 22032 3//// 60007=
15090 04570 72401 10197 20128 30060 40149 56003 60001 87500 333 55095 00894 22038 30538 55300 10110 20000 30000 60007 91002 90760 91104==
15107 05/70 /2301 10105 20086 39382 42807 50001 60001 7000/ 333 55300 0//// 20000 3//// 55068 0//// 21769 3//// 60007=
15108 02970 00803 10093 20060 38133 48531 57006 60001 333 55079 21883 55300 20000 60007 91005 90760 91108==
15109 05/70 /2704 10183 20104 39738 40159 54001 60001 7000/ 333 55300 0//// 20000 3//// 55100 0//// 22041 3//// 60007=
15111 05/70 /3202 10180 20101 39891 40147 57003 60001 7000/ 333 4/000 55300 0//// 20000 3//// 55077 0//// 21899 3//// 60007=
15113 05/70 /2603 10173 20124 39986 40145 57004 60001 7000/ 333 4/000 55300 0//// 20000 3//// 55093 0//// 21907 3//// 60007=
15127 05968 01401 10103 20084 39309 42805 54001 60001 7000/ 333 4/000 55300 0//// 20000 3//// 55077 0//// 21927 3//// 60007 91001 91102=
15148 05970 00603 10141 20071 38734 48513 57005 60001 7000/ 333 55300 0//// 20000 3//// 55078 0//// 21828 3//// 60007 91004 91105=
15150 04970 03401 10174 20127 39945 40152 57002 60001 333 55084 21849 55300 20000 60007 91003 90760 91103==
15154 05970 43103 10184 20125 39999 40137 57004 60001 7000/ 84070 333 4/000 55300 0//// 20000 3//// 55090 0//// 21872 3//// 60007 91005 91105=
15168 05/70 /3200 10144 20101 39548 42792 54000 60001 7000/ 333 4/001 55300 0//// 20000 3//// 55078 0//// 21913 3//// 60007=
15170 04970 02902 10103 20087 39400 42796 54001 60001 333 55076 21882 55300 20000 60007 91003 90760 91103==
15194 05/70 /2905 10174 20129 39865 40152 54000 60001 7000/ 333 4/000 55300 0//// 20000 3//// 55059 0//// 21569 3//// 60007=
15197 05/70 /3401 10201 20122 39936 40139 56004 60001 7000/ 333 4/000 55300 0//// 20000 3//// 55057 0//// 21544 3//// 60007=
15217 05/70 /3402 10131 20108 39500 42793 54001 60001 7000/ 333 4/000 55300 0//// 20000 3//// 55093 0//// 22040 3//// 60007=
15219 05/70 /3004 10185 20134 30016 40137 57004 60001 7000/ 333 4/000 55300 0//// 20000 3//// 55042 0//// 21263 3//// 60007=
15238 05/70 /3601 10131 20111 39552 42794 53004 60001 7000/ 333 4/000 55300 0//// 20000 3//// 55079 0//// 21897 3//// 60007=
15261 07/58 /0101 10093 20087 39365 42811 52002 60001 7101/ 333 55300 0//// 20000 3//// 55042 0//// 21271 3//// 60007=
15262 02999 03606 10095 20074 38237 48516 56008 60001 333 55300 0//// 20000 3//// 55039 0//// 21421 3//// 60007 91009 91110=
15265 05/70 /3204 10210 20135 30059 40131 57005 60001 7000/ 333 4/000 55300 0//// 20000 3//// 55045 0//// 21242 3//// 60007=
15280 02970 00309 10070 20032 37554 47129 57006 60001 333 55041 21299 55300 20000 60007 91012 90760 91112==
15300 05997 02303 10133 20099 39536 42792 52005 60001 7000/ 333 55300 0//// 20000 3//// 55065 0//// 21798 3//// 60007 91004 91104=
15301 05970 00603 10139 20067 38651 48534 57002 60001 7000/ 333 4/000 55300 0//// 20000 3//// 55071 0//// 21723 3//// 60007 91005 91105=
15302 05/70 /1401 10110 20079 38940 48511 54000 60001 7000/ 333 55300 0//// 20000 3//// 55040 0//// 21275 3//// 60007=
15307 05/70 /3204 10191 20121 39951 40131 50001 60001 7000/ 333 4/001 55300 0//// 20000 3//// 55060 0//// 21625 3//// 60007=
15310 04/70 41803 10200 20140 30043 40125 57005 60001 84070 333 55049 00590 21513 31359 55300 10090 20000 30000 60007 91006 90760 91106==
15324 05/70 /1101 10155 20080 39371 42792 54001 60001 7000/ 333 4/000 55300 0//// 20000 3//// 55022 0//// 21021 3//// 60007=
15325 05970 03501 10127 20059 38503 48514 57002 60001 7000/ 333 4/000 55300 0//// 20000 3//// 55054 0//// 21610 3//// 60007 91002 91105=
15328 05/70 /0103 10175 20111 39804 40145 52004 60001 7000/ 333 4/001 55300 0//// 20000 3//// 55019 0//// 21005 3//// 60007=
15335 04970 03002 10195 20157 30113 40120 57003 60001 333 55034 21253 55300 20000 60007 91003 90760 91103==
15336 05/70 /3302 10192 20155 30112 40113 57003 60001 7000/ 333 4/000 55300 0//// 20000 3//// 55055 0//// 21674 3//// 60007=
15349 05/70 /3401 10144 20101 39607 40149 52002 60001 7000/ 333 4/000 55300 0//// 20000 3//// 55019 0//// 21039 3//// 60007=
15350 04970 03602 10212 20117 30020 40135 54001 60001 333 55009 20825 55300 20000 60007 91004 90760 91106==
15360 04970 03204 10209 20177 30094 40110 57003 60001 333 55091 60007 91005 90760 91106==
15375 05970 03302 10160 20095 39791 40142 52003 60001 7000/ 333 4/000 55300 0//// 20000 3//// 55035 0//// 21382 3//// 60007 91003 91103=
15377 05/70 /3600 10156 20112 39925 40137 52003 60001 7000/ 333 55300 0//// 20000 3//// 55010 0//// 20755 3//// 60007=
15387 05/70 /3102 10182 20167 30109 40113 57004 60001 7000/ 333 4/000 55300 0//// 20000 3//// 55081 0//// 21971 3//// 60007=
15402 05/70 /0101 10187 20134 30055 40128 58003 60001 7000/ 333 55300 0//// 20000 3//// 55002 0//// 20664 3//// 60007=
15405 05/70 /3603 10176 20162 30071 40132 54000 60001 7000/ 333 4/000 55300 0//// 20000 3//// 55024 0//// 20993 3//// 60007=
15406 07/39 /0301 10184 20181 30076 40122 57002 60001 720// 333 4/000 55300 0//// 20000 3//// 55002 0//// 20446 3//// 60007=
15408 05/70 /3102 10194 20152 39865 40122 57003 60001 7000/ 333 4/001 55300 0//// 20000 3//// 55016 0//// 20790 3//// 60007=
15409 05/70 /3405 10196 20153 30068 40114 57005 60001 7000/ 333 4//// 55300 0//// 20000 3//// 55017 0//// 20727 3//// 60007=
15419 05970 23401 10163 20119 39951 40142 54001 60001 7000/ 82040 333 4/000 55300 0//// 20000 3//// 55019 0//// 20965 3//// 60007 91002 91102=
15420 07960 03301 10148 20146 30024 40133 52002 60001 7101/ 333 55006 20744 55300 20000 60007 91001 90760 91102==
15421 05970 03001 10177 20145 30033 40141 50001 60001 7000/ 333 4/000 55300 10134 20000 30000 55001 00176 20694 30627 60007 91002 91102=
15422 05970 03600 10188 20162 30032 40131 52002 60001 7000/ 333 55300 0//// 20000 3//// 55001 0//// 20652 3//// 60007 91002 91102=
15425 05967 03002 10192 20172 30064 40126 57003 60001 7000/ 333 4/000 55300 0//// 20000 3//// 55018 0//// 20778 3//// 60007 91003 91103=
15434 02970 00301 10176 20116 39936 40140 51004 60001 333 4/000 55300 0//// 20000 3//// 55039 0//// 21320 3//// 60007 91001 91102=
15444 07/50 /2801 10177 20174 30055 40126 54001 60001 7101/ 333 4/000 55300 0//// 20000 3//// 55020 0//// 20856 3//// 60007=
15455 05/70 /2802 10184 20145 30006 40133 57002 60001 7000/ 333 4/001 55300 0//// 20000 3//// 55007 0//// 20864 3//// 60007=
15460 07/50 /2301 10188 20183 30102 40125 54001 60001 7101/ 333 55011 20842 55300 20000 60007==
15462 07534 42902 10192 20187 30039 40123 55002 60001 7101/ 84900 333 55300 0//// 20000 3//// 55031 0//// 21347 3//// 60007 91003 91104=
15470 04970 02902 10180 20123 30010 40132 54000 60001 333 55009 20745 55300 20000 60007 91003 90760 91103==
15475 06/// /2701 10190 20184 30109 40129 54001 69921 333 55300 0//// 20000 3//// 55004 0//// 20598 3//// 69927=
15479 07/02 /2902 10188 20186 39938 40125 57002 60001 7333/ 333 55300 0//// 20000 3//// 55029 0//// 21153 3//// 60007=
15480 04970 02901 10207 20190 30100 40117 55002 60001 333 55045 00730 21536 31394 55300 10160 20000 30000 60007 91003 90760 91103==
15489 05/70 /3102 10182 20153 30041 40132 57002 60001 7000/ 333 55300 0//// 20000 3//// 55003 0//// 20715 3//// 60007=
15491 02997 72401 10189 20184 30102 40131 54000 60001 87070 333 55300 0//// 20000 3//// 55005 0//// 20711 3//// 60007 91002 91102=
15499 05/70 /2803 10205 20190 30106 40115 54001 60001 7000/ 222// 0//// 2//// 333 55084 60007=
15549 12564 62701 10178 20175 39725 40123 52001 60001 86500 333 10202 20178 555 598//=
15552 11460 53403 10216 20197 30071 40117 52006 60001 71792 85300 222// 00268 10301 333 10239 20215 555 589// 92024 92427=
15640 12970 02902 10192 20164 39826 40125 52004 60001 333 10234 20191 555 584//=
15655 12568 23402 10222 20192 30076 40107 54000 60001 82500 222// 00255 10201 333 10251 20222 555 583// 92024 92427=
15730 12670 83602 10208 20142 39741 40118 54000 60001 83537 333 10227 20205 555 566//=
16650 12/60 40403 10252 20203 30095 40103 53005 60001 81031 333 81358 84068 90730 91107==
16723 12560 30000 10220 20188 30071 40085 54000 60001 83200 333 90730 91104==
16732 26/// /2913 10255 20198 30089 40100 54000 333 60005 90730 91116==
16742 12460 22705 10228 20200 39938 40089 54000 60001 81140 333 90730 91110==
16749 12460 42106 10242 20209 30067 40080 57002 60001 81103 333 81818 83068 90730 91111==
16754 12560 11707 10218 20186 30068 40115 55000 60001 81100 333 90730 91111==
16760 26/// /0004 10196 20158 39720 40122 57001 333 60005 90730 91107==
17031 11670 61504 10214 20202 30074 40080 57017 69921 70282 84130 333 84836 86360 90760 91109==
17034 11670 72402 10245 20211 30051 40094 58007 69911 70298 83250 333 83835 87360 90760 91106==
17038 11670 62106 10256 20201 30045 40090 50001 69901 70285 86200 333 86836 90760 91114==
17056 12670 52904 10221 20189 30098 40102 58001 60001 83230 333 83835 85360 90760 91108==
17060 11460 60305 10235 20205 30061 40107 50000 60001 71392 869/0 333 86822 82917 90760 91112==
17084 11670 70701 10175 20170 39229 40076 57008 60041 70282 84250 333 84835 87360 90760 91121==
17092 12960 01302 10216 20086 38823 48483 52010 60001 333 90760 91121==
17096 12960 03603 10107 20060 38244 48494 52005 60001 333 90760 91109==
17098 12960 00402 10107 20078 38222 48514 52006 60001 333 90760 91126==
17100 12970 00000 10209 20117 39156 40080 52007 60001 333 90760 91104==
17115 12/60 30106 10236 20206 30051 40099 56001 60001 83030 333 83360 90760 91119==
17116 12965 00701 10210 20182 39981 40096 53004 60001 333 90760 91107==
17124 11560 70000 10161 20155 39224 40089 55002 60031 70298 83250 333 83830 85360 90760 91113==
17128 11370 70000 10159 20147 39041 40074 57017 60031 78082 86250 333 82708 84835 86359 90760 91114==
17150 12660 33404 10233 20190 39973 40089 56003 60001 83100 333 83835 90760 91114==
17160 11970 01702 10165 20123 38983 48487 58002 69931 70181 333 90760 91114==
17170 12660 12405 10181 20077 38333 48493 55002 60001 81100 333 81840 90760 91110==
17184 11670 30000 10190 20190 39991 40096 56001 60281 70191 83200 333 83840 90760 91108==
17190 12670 60000 10160 20148 38950 48479 55008 60001 86200 333 86835 90760 91108==
17190 12670 60000 10160 20148 38950 48479 55008 60001 86200 333 86835 90760 91108==
17195 12670 20000 10155 20141 38939 48490 58002 60001 82100 333 82840 90760 91122==
17200 12960 00608 10227 20137 39133 40038 52007 60001 333 90760 91112==
17202 12970 02703 10208 20097 39085 40042 52007 60001 333 90760 91110==
17203 12970 00000 10205 20105 38852 48533 52004 60001 333 90760 91103==
17219 12965 00000 10214 20179 39959 40095 52004 60001 333 90760 91121==
17234 11670 60802 10216 20204 30029 40093 55000 60001 70292 83250 333 83840 86360 90760 91112==
17240 12970 00000 10168 20142 38995 40080 58005 60001 333 90760 91106==
17244 12670 32602 10164 20111 38963 48489 50000 60001 81130 333 81840 83360 90760 91117==
17260 12960 02406 10198 20171 39283 40043 53004 60001 333 90760 91116==
17280 12960 01103 10224 20144 39329 40055 52007 60001 333 90760 91111==
17292 12970 00000 10182 20168 39364 40084 53002 60001 333 90760 91106==
17300 11560 63406 10219 20189 30025 40093 51005 60131 70191 86900 333 85830 81920 90760 91133==
17310 11565 71205 10262 20189 30076 40083 53004 69901 79511 87900 333 85832 82927 90760 91110==
17350 12560 41004 10247 20210 30006 40079 50002 60001 84200 333 84830==
17370 12670 40000 10274 20212 30092 40096 53002 60001 84200 333 84835 90760 91115==
33088 /1597 21303 10188 20151 39994 40177 58004 70198 82500 555 1/018 69911=
33135 319// 80701 10173 20142 30052 40194 58001 70542 80005 555 1/017=
33177 31994 00101 10154 20146 39944 40173 57003 71011 555 1/015=
33317 329// 00000 10170 20109 39859 40183 52004 555 1/016=
33393 32960 30101 10171 20160 39789 40164 57005 80001=
33415 32697 80000 10209 20110 39792 40169 51004 885// 555 1/018=
33429 32997 20603 10156 20095 39768 40176 58001 80001 555 1/015=
33466 /1581 50202 10223 20103 39995 40172 57003 70282 82530 555 10019 69901=
33506 32997 00603 10200 20054 39995 40182 56008 555 1/017=
33562 /1560 80401 10197 20150 39887 40177 57010 70282 8555/ 555 1/019 69901=
33587 325// 80000 10199 20114 39912 40162 57002 885// 333 88630 555 1/019=
33658 32983 00000 10185 20093 39878 40165 52002 555 1/015=
33663 32997 82801 10205 20133 30066 40157 58003 8805/ 555 1/020=
33664 42997 03602 10168 20090 39854 40159 58005=
33678 42898 82803 10218 20109 39965 40165 57010 8805/=
33679 42497 80502 10228 20112 39973 40152 58006 885// 333 88614=
33711 32960 00705 10211 20074 39955 40154 58003 555 1/018=
33745 42597 70203 10236 20116 39972 40154 58008 86930 555 10023=
33748 42997 60604 10227 20113 39866 40134 57003 86030=
33754 42597 83402 10228 20129 30008 40146 58004 8435/=
33761 32998 20602 10205 20095 39933 40145 57001 82030 555 1/017=
33791 32983 00606 10231 20063 30027 40147 56005 555 1/020=
33815 42598 70303 10227 20091 39930 40126 57002 87900 555 10022=
33837 32975 00504 10231 20136 30067 40116 56001 555 1/020=
33881 41598 53403 10201 20110 39941 40128 57004 70281 85300=
33883 42597 83503 10198 20115 39965 40121 57003 885// 555 10017=
33885 42997 20202 10186 20118 30009 40135 57006 80001=
33892 42997 20303 10192 20115 39923 40124 57001 80001=
33902 32997 00502 10202 20070 30069 40126 54000 555 1/015=
33924 41940 00702 10213 20197 30094 40106 57002 71000==
33946 42969 00803 10192 20182 39888 40097 57007==
33983 42960 00603 10239 20158 30028 40084 57008==
34300 32997 00602 10190 20051 30024 40194 58015 555 1/016=
34336 42960 00504 10212 20029 30115 40213 54000==
34344 42/70 80000 10162 20121 30129 40214 52002 8805/==
34356 42970 00904 10209 20016 30096 40236 52005==
34357 42970 61004 10210 20024 30072 40219 52004 80004==
34398 429// 50904 10139 20056 30264 40274 52008 80001==
34415 32697 30000 10197 20071 30082 40174 57011 82501 555 1/017=
34438 42/// /0805 10243 20083 30009 40188 56004 333 90760 91111==
34445 42970 00805 10240 20049 30101 40208 52003==
34461 42960 00903 10216 20006 30179 40232 52006==
34473 429// 00904 10155 20027 30218 40255 52005 555 10012=
34476 42970 20805 10184 20006 30240 40247 53002 80001==
34504 32975 60605 10214 20053 39990 40155 57013 86030=
34535 42570 70904 10250 20070 30108 40175 52005 86930 333 90760 91112==
34545 42570 60705 10235 20059 30081 40186 54001 81330 333 90760 91110==
34555 42570 40807 10233 20086 30117 40203 57003 82501 333 91013 90760 91113==
34560 42/60 60908 10220 20022 30042 40222 54000 86030 333 90760 91113==
34578 42/60 60905 10229 20006 30208 40215 57005 86030 333 90760 91111==
34579 42970 00604 10211 21007 30186 40228 57003==
34644 42560 50704 10231 20077 30089 40161 57003 85800 333 90760 91112==
34646 42/70 60906 10240 20105 30091 40167 57005 86030 333 91011 90760 91114==
34655 42560 50606 10234 20038 30119 40176 57008 85400 333 91010 90760 91112==
34662 42970 00703 10231 20023 30189 40200 57005==
34691 42970 00000 10191 21007 30254 40242 52001==
34720 42/70 10503 10242 20138 30098 40135 54001 81010 333 90760 91111==
34727 42960 00805 10250 20081 30093 40120 52010 333 91011 90760 91111==
34743 42960 00705 10221 20051 30073 40157 57001 333 91010 90760 91113==
34759 42960 30706 10221 20091 30030 40153 57008 80001 333 91013 90760 91113==
34772 41960 00707 10228 20041 30190 40193 57006 70700 333 91011 90760 91113==
34785 41960 00908 10226 20104 30229 40208 57003 70700 333 91010 90760 91112==
34798 42960 00907 10225 20167 30248 40221 52003==
34824 42960 20803 10246 20121 30100 40105 57002 80001==
34838 42960 00604 10233 20123 30020 40109 57004 333 90760 91110==
34845 42970 00903 10205 20119 30029 40131 58006==
34858 42960 01002 10212 20123 30035 40137 57009==
34861 42/60 21007 10208 20096 39924 40153 57008 80030 333 91010 90760 91114==
34866 42960 00907 10227 20125 30164 40156 57009 333 91012 90760 91113==
34880 42960 00803 10225 20136 30219 40194 52002 333 90760 91110==
34887 42970 00503 10225 20146 30191 40173 57004==
34949 42/70 21004 10184 20142 39602 40118 57007 82030 333 90760 91114==
34954 42970 00501 10214 20137 39960 40123 56007==
34958 42970 00802 10209 20146 39937 40124 56009==
34975 42970 01005 10237 20158 30143 40139 57008 333 91010 90760 91111==
34984 42970 00806 10247 20154 30190 40162 57002 333 90760 91110==
35217 429// 00703 10130 20059 30260 40299 52005==
35302 429// 01103 10148 20082 30272 40292 52007==
35315 429// 00401 10130 20043 30234 40289 53008 555 10011=
35344 429// 00000 10057 20028 30051 40337 53009 555 10005=
35345 46/// /1302 10071 20014 30016 40336 51009=
35358 429// 00201 10096 20019 30137 40303 52002==
35368 429// 00102 10052 20006 30058 40323 52013 555 10004=
35386 425// 30000 10040 20035 39777 40293 52014 83500 555 10004=
35394 41/40 23202 10038 20033 39608 40278 52014 71011 82030==
35404 429// 01203 10150 20068 30268 40276 52009 555 10012=
35406 429// 01302 10160 20057 30281 40283 52010==
35416 429// 02701 10114 20019 30188 40306 52013==
35426 429// 00000 10095 20035 30038 40324 52008==
35437 429// 00701 10086 20048 30000 40308 54000 555 10008=
35449 429// 00303 10112 20060 30220 40320 52010 555 10007=
35497 425// 73402 10053 20046 39491 40275 52014 87900==
35498 41598 63404 10044 20035 39399 40263 52009 70282 86900 555 11005=
35514 42998 01103 10170 20015 30290 40286 52010 555 10014=
35519 42998 00903 10115 20030 30234 40303 52010 555 10009=
35522 429// 01401 10135 20040 30067 40310 52011 555 10010=
35542 429// 00703 10097 20017 30179 40323 52010 555 10008=
35563 42998 00000 10059 20023 39553 40311 52010 555 10003=
35576 429// 03402 10084 20017 39839 40277 53010==
35582 42998 03603 10045 20031 39693 40286 52011 555 10003=
35594 425// 83305 10060 20032 39449 40269 52015 889// 555 10006=
35605 42998 00904 10157 20017 30288 40267 52011 555 10013=
35633 429// 00603 10091 20033 30108 40317 52009 555 10009=
35671 42970 03602 10082 20023 39879 40299 52014==
35699 429// 00505 10076 20019 39505 40239 52010==
35700 42970 01508 10184 20015 30287 40264 52011==
35715 42997 00902 10179 20048 30296 40282 52013 555 10016=
35739 429// 00502 10109 20024 30165 40300 51010 555 18008=
35746 429// 00403 10118 20021 30237 40301 52011==
35777 429// 00503 10076 20021 39921 40259 52008 555 10005=
35796 42960 03402 10092 20075 39815 40236 52014==
35816 46/// /1105 10168 20013 30284 40295 51013=
35849 429// 00402 10112 20023 30204 40288 52012==
35895 42997 03601 10088 20033 39823 40254 52016 555 10009=
35907 42998 50811 10221 20169 30225 40197 52009 80001=
35925 429// 00904 10158 20030 30170 40277 52009==
35927 429// 00905 10187 20011 30253 52007=
35953 429// 00305 10125 20054 30158 40283 52023==
35969 429// 00501 10118 20058 30111 40279 52019==
35997 426// 60505 10145 20088 39788 40199 58010 86500 333 91106 555 10013=
36259 12684 20801 10045 20029 38199 48465 52009 69942 81901 333 20041 30/// 55077==
36335 41497 83107 10054 20034 39248 40245 53016 78082 883// 555 11007=
36358 41599 73206 10058 20033 39230 40216 53010 70282 87300 555 11005=
36394 41597 83203 10100 20090 39788 40192 53015 70282 883//=
36397 41684 80000 10098 20085 39646 40185 53005 70282 883//==
36403 42698 82002 10105 20095 39834 40178 52012 889// 555 11011=
36418 42699 62302 10102 20069 39583 40168 52006 82933 555 10009=
36421 42699 71201 10097 20087 39633 40171 52017 83530 555 11010=
36428 42684 73502 10110 20090 39697 40173 53013 84952==
36439 42598 70000 10083 20058 38960 48500 52011 87900 555 11009=
36467 42698 62705 10068 21020 39324 40241 53013 86900 555 10007=
36498 42698 23403 10064 20046 39444 40210 52011 82500 555 11005=
36501 41699 23202 10068 20038 39477 40204 52010 70162 82500 555 11006=
36535 42584 73002 10092 20046 39579 40184 52005 86330==
36546 42699 52701 10057 20038 39661 40183 52009 82343 555 10005=
36619 42699 63202 10106 20062 86500 555 10008=
36622 41598 80000 10087 20077 39406 40174 58003 70281 889// 555 11007=
36639 41584 80000 10092 20067 39586 40165 53008 70282 889//==
36643 42599 72702 10097 20061 39547 40178 53004 87900 555 10009=
36665 42699 52001 10160 20088 39480 40156 52007 83901 555 11016=
36666 42599 32706 10089 20068 39701 40172 52001 81542=
36729 42998 02902 10122 20084 39709 40165 53013 333 91113 555 11009=
36736 42599 73301 10111 20107 39650 40176 53012 87900 555 11008=
36744 42998 00103 10097 20051 39775 40208 52006 333 91105 555 10007=
36770 42999 23601 10093 20064 39507 40205 53015 82041 333 91108 555 10008=
36786 42699 30000 10107 20077 39315 40191 53017 83900 333 91110=
36796 42598 50000 10065 20043 39041 48516 53013 85900 333 91103=
36803 41599 52603 10154 20125 39743 40164 53009 70282 85900 333 91120=
36806 42599 63101 10153 20056 39722 40162 52005 86900 333 91112=
36819 425// 83201 10130 20050 39628 40212 53022 8395/ 333 91118=
36821 429// 23502 10099 20058 39743 40214 52017 80002 333 90760 91111==
36839 42799 83401 10118 20063 39111 40187 53009 82541 333 91110=
36843 42698 62801 10100 20045 39071 40199 53008 83932 333 91110=
36846 425// 82301 10087 20063 38632 48524 53005 889// 333 91114=
36859 42570 80000 10168 20082 39418 40149 53003 8597/ 333 90760 91115==
36870 42/60 80201 10152 20112 39223 40179 53013 8807/ 333 90760 91103==
36874 41597 83601 10139 20093 39357 40086 53018 70382 889// 333 91118=
36877 42699 80000 10133 20099 39274 40203 53017 889// 333 91106=
36885 42599 62908 10141 20059 39115 40185 53012 83930 333 91112=
36889 42999 01801 10021 21024 37097 47127 57003 333 91104=
36894 42599 82302 10176 20109 39474 40166 53010 8397/ 333 91106=
36905 41597 80000 10132 20103 38757 48526 53004 78082 883// 333 91113=
36911 426// 80000 10154 20092 39261 40187 53019 889// 555 10016=
36927 42697 52710 10129 20071 38350 48510 54000 82950 333 91120=
36934 42597 60201 10128 20086 38258 48382 53002 83932=
36953 42699 70000 10098 20071 38222 48508 53002 83940 333 91112 555 1/010=
36963 42999 01401 10034 21026 37083 48/// 53002 555 10001=
36974 429// 00000 10080 20025 37988 48528 53008 555 10004=
36982 42999 03102 11023 21069 36585 47147 57004=
37018 42/60 30502 10245 20160 30011 40082 54000 83080==
37031 42960 01002 10226 20156 39922 40104 52003==
37054 42960 00000 10205 20167 39754 40115 57008==
37061 42960 00704 10212 20172 39963 40122 57009==
37085 42940 00807 10253 20173 30152 40127 57009 333 91011 90760 91112==
37171 41740 80801 10236 20190 30069 40086 52004 79512 8593/==
37228 42960 00000 10171 20149 39319 40110 57006==
37235 42960 00000 10188 20178 39807 40106 57006==
37472 42/60 21404 10243 20216 30136 40115 57004 82071 333 90760 91111==
38149 42970 50402 10145 20029 30187 40262 52024 80002==
38178 429// 00402 10210 20061 39926 40197 52008==
38262 429// 00202 10136 20034 30165 40245 52009==
38264 42970 00103 10151 20019 30147 40238 52009==
38345 42798 81002 10105 20034 38841 48543 52006 82932 555 10009=
38353 425// 82602 10165 20011 39320 40178 53004 889//=
38388 42998 00502 10176 20051 30130 40197 52006 555 18016=
38392 42997 20304 10150 20061 30122 40222 52010 82030 555 10014=
38396 42960 00404 10159 20046 30103 40224 52012==
38403 429// 00205 10186 20045 30069 40185 52013==
38413 429// 01403 10173 21027 39904 40183 52013==
38457 42960 03101 10154 20068 39585 40151 52007==
38462 429// 00000 10133 20050 38767 48514 52003==
38462 429// 00000 10133 20050 38767 48514 52003==
38507 42996 00809 10271 20048 30069 40165 53016 333 91014 555 10025=
38545 42998 00202 10170 20043 30027 40197 52014 555 10014=
38565 129// 00503 10167 20071 39595 40168 52008 60002==
38579 129// 00000 10148 20085 39758 40162 52013 60002==
38583 12960 02503 10146 20065 39848 40159 52012 60002==
38599 42997 02406 10186 20065 39660 40151 52014=
38611 42960 03103 10183 20098 39589 40123 52005==
38613 429// 00202 10156 20068 39284 40150 52007 555 10014=
38616 429// 00901 10148 20071 39179 40155 53004=
38618 429// 01201 10176 20103 39468 40125 52006==
38647 42997 01007 10250 20055 30121 40161 52012 555 10023=
38656 42998 00702 10224 21014 30082 40186 52005 555 10020=
38683 42960 03606 10185 20027 39895 40160 52011==
38687 42997 00205 10210 20030 39942 40166 53003 555 10021=
38696 129// 00902 10172 20073 39333 40153 52011 60002==
38713 429// 01803 10150 20048 39036 48520 56001=
38750 42997 01802 10226 20211 30165 40138 53003 555 10023=
38763 42997 01103 10250 20065 30087 40186 52019 555 10023=
38774 42995 01201 10235 20090 30000 40185 52005 555 10019=
38799 42997 03602 10225 20059 39941 40160 54000 555 10020=
38806 42997 03603 10202 20122 39882 40129 52009 555 10018=
38812 42960 03505 10213 20058 39677 40106 52002==
38836 429// 00000 10193 20100 39192 40078 58002=
38880 42997 00803 10232 20056 39936 40178 53002 555 10023=
38886 42997 02702 10198 20065 39960 40179 52015 555 10016=
38895 42996 00202 10198 20045 39893 40170 52006 555 10017=
38911 42997 03305 10212 20073 39845 40124 52006 555 10021=
38915 42997 02303 10179 20106 39811 40121 52014 555 10018=
38927 12960 02405 10219 20070 39758 40113 52017 60002==
38933 429// 01601 10179 20135 39637 40127 52020=
38944 429// 03604 10205 20093 39549 40054 52010=
38954 429// 00000 10160 20027 37962 48510 52003=
38974 42998 00502 10224 20064 39836 40152 52002 555 10023=
38987 42996 00501 10212 20077 39443 40148 52006 555 10017=
40030 32970 00000 10242 20179 40120 53002=
40080 32965 02205 10200 20147 39427 4//// 52008=
40100 43980 11304 10273 20195 30113 40128 51006 6///1 333 58///=
40180 12660 11102 10255 20194 30069 40116 52002 60001 81500 333 70000==
40199 12/// /0103 10304 20182 30086 40110 52005 60001 333 70000==
40265 32960 00000 10181 20146 39369 40128 52003=
40270 32960 02506 10212 20123 39257 40112 54000=
40272 31950 51204 10190 20120 39324 40126 52016 70511 85200 333 85835=
40356 32960 03006 10225 20110 39168 48516 333 58022 555 04410 50089=
40357 32960 03110 10287 20100 39470 40062 333 58025=
40360 32960 03104 10214 20150 39544 40103 333 58022=
40361 22960 02404 10239 20060 39355 40123 333 58018 60005==
40362 32960 00000 10271 20000 39579 40059 333 58024=
40373 32960 03604 10292 20060 39662 40050 333 58020=
40375 32960 03412 10274 20060 39250 40072 333 58002=
40394 32960 00302 10284 20070 39010 48522 333 58017 555 04410 50060=
40394 32960 00302 10284 20070 39010 48522 333 58017 555 04410 50060=
40400 32960 03107 10304 20250 30029 40056 333 58009=
40405 32960 03406 10300 20040 39357 40061 333 58013=
40417 32960 03306 10294 20240 30017 40031 333 58020=
40420 32960 12403 10300 20190 39835 40033 80002 333 58020 81070=
40430 32660 13403 10318 20140 39364 40069 81500 333 58004 81640=
40437 32960 02804 10288 20010 39386 40041 333 58014=
40439 32660 21506 10348 20220 30021 40039 82500 333 58007 82640=
40582 32960 03211 10355 20141 40042 55000 333 00035 55300 00000 10166 20000 30000 41203 51370 60000 55407 40000 90467 91017 91117 91215 91309=
40703 12960 00000 10190 20074 38888 40060 52006 60001 333 70000 555 10128 29047=
40706 12565 10705 10244 20057 38642 40048 53003 60001 81400 333 70000 81630 555 10142 29030=
40712 12960 02702 10162 20087 38655 40053 54000 60001 333 70000 555 10121 29061=
40713 12962 01006 10239 20057 38643 40028 52007 60001 333 70000 555 10140 29031=
40718 12960 02301 10242 20213 30165 40138 55000 60001 333 70000 555 10223 29084=
40723 12970 00904 10202 20022 38985 40141 52007 60001 333 70000 555 10114 29030=
40726 12960 00000 10202 20075 38644 40053 52007 60001 333 70000 555 10133 29044=
40727 12960 01501 10153 20028 38485 40063 52006 60001 333 70000 555 10092 29043=
40732 12960 02501 10246 20210 30148 40125 54000 60001 333 70000 555 10222 29080=
40736 12960 00000 10230 20205 30163 40139 52005 60001 333 70000 555 10214 29086=
40737 12960 01901 10204 20183 30118 40135 52003 60001 333 70000 555 10191 29088=
40738 12960 00000 10214 20183 30147 40149 55000 60001 333 70000 555 10195 29083=
40739 12965 00102 10186 20011 38717 40123 52002 60001 333 70000 555 10102 29031=
40741 12960 00000 10217 20044 39844 40156 52014 60001 333 70000 555 10131 29032=
40743 12965 00809 10228 20000 39075 40117 53001 60001 333 70000 555 10120 29022=
40745 12962 01002 10200 20067 39067 40148 58001 60001 333 70000 555 10130 29042=
40747 12960 00000 10175 20034 38630 40056 52009 60001 333 70000 555 10105 29039=
40754 12962 03204 10250 21025 38838 40090 51006 60001 333 70000 555 10121 29016=
41757 11920 00000 10265 20244 30028 40040 60001 70400 333 58020==
40762 12962 03304 10187 20009 38568 40092 56002 60001 333 70000 555 10101 29030=
40766 12960 01002 10192 20030 38673 40039 51004 60001 333 70000 555 10111 29034=
40768 12960 00000 10142 21019 38280 40065 52005 60001 333 70000 555 10071 29033=
40769 12960 02401 10194 21023 38320 40059 51001 60001 333 70000 555 10094 29023=
40780 12960 00702 10203 20055 38663 40053 55000 60001 333 70000 555 10125 29038=
40785 12960 00000 10240 21052 39070 40082 52006 60001 333 70000 555 10113 29014=
40791 12965 00903 10283 21040 39302 40060 52007 60001 333 70000 555 10135 29012=
40792 12960 00403 10218 20005 38715 40069 51002 60001 333 70000 555 10115 29024=
40798 12960 02302 10120 21033 38002 40081 53005 60001 333 70000 555 10054 29034=
40800 12960 03501 10187 21035 38481 40081 53001 60001 333 70000 555 10089 29022=
40809 12960 01006 10199 21024 38495 40050 58003 60001 333 70000 555 10097 29022=
40811 12960 03102 10330 20126 39998 40022 50001 60001 333 70000 555 10207 29029=
40812 12960 01701 10313 20103 39672 40016 57001 60001 333 70000 555 10190 29027=
40818 12962 02302 10155 21074 38014 40067 52002 60001 333 70000 555 10062 29020=
40821 12962 02804 10236 21057 38784 40068 53003 60001 333 70000 555 10108 29014=
40829 12960 03412 10282 20030 39503 40029 58004 60001 333 70000 555 10153 29020=
40831 12960 02802 10276 20132 30020 40027 50000 60001 333 70000 555 10190 29041=
40833 12960 01102 10296 20113 30006 40036 51002 60001 333 70000 555 10189 29032=
40835 11956 09901 10273 20126 39263 40032 52003 60001 70500 333 70000 555 10184 29040=
40841 12965 01701 10138 21083 38248 40057 53001 60001 333 70000 555 10053 29021=
40848 12960 02302 10216 20004 38511 40032 53006 60001 333 70000 555 10112 29024=
40851 12960 00000 10180 20020 38254 40025 54000 60001 333 70000 555 10100 29034=
40854 12960 02902 10265 21089 38903 40015 52001 60001 333 70000 555 10117 29009=
40856 12960 03602 10214 20010 38617 40041 58001 60001 333 70000 555 10114 29026=
40859 12960 03602 10202 21030 38678 40036 53008 60001 333 70000 555 10098 29021=
40875 11550 30603 10305 20262 30030 40041 52010 60001 70500 83500 333 83625 70000 555 10274 29078=
40879 11958 33202 10316 20200 39387 40011 56002 60001 70510 80002 333 70000 83070 555 10237 29050=
40882 11956 03502 10306 20286 39990 40023 53002 60001 71000 333 70000 555 10291 29089=
40883 11930 00905 10319 20270 30000 40021 56002 60001 70500 333 70000 555 10283 29075=
40893 11956 51104 10301 20258 30028 40033 56006 60001 70500 85010 333 70000 85459 555 10270 29078=
40898 11550 60000 10287 20246 30023 40032 57011 60001 70522 82270 333 70000 82825 84359 555 10258 29078=
41024 21656 52208 10330 20250 30029 40054 70600 85500 333 58006 60005 85640==
41036 22560 23210 10247 20120 38548 48500 82400 333 58003 60005 82630==
41055 22960 03008 10245 20090 38352 48492 333 58006 60005==
41061 22960 02304 10297 20020 39362 40021 333 58015 60005==
41084 22960 01606 10260 20080 38814 48484 333 58012 60005==
41112 22960 00000 10176 20110 37943 48502 333 58010 60005==
41114 22960 00000 10182 20120 37976 48493 333 58011 60005==
41128 21/50 33603 10280 20060 38776 48496 70611 83030 333 58020 60005 83359==
41136 41620 62310 10313 20120 39257 40022 70600 84440 333 58010 84635 83358==
41140 12560 22302 10279 20240 30047 40052 60032 82400 333 58022 82630==
41150 31960 00305 10328 20268 40032 70500 333 58020=
41170 31558 20210 10330 20281 30016 40029 70500 82500 333 58022 70000 82620=
41176 34/30 /0107 10320 20282 30021 40027 333 58021=
41184 32960 01210 10322 20241 40028 333 58010=
41194 12960 01007 10330 20221 30018 40025 60001 333 58016 70000=
41196 12960 01108 10298 20210 39990 40030 60001 333 58016=
41216 32960 00505 10328 20225 30014 40018 333 58021=
41217 32960 00609 10317 20209 39987 40015 333 58020=
41244 36/// /1310 10322 20174 39617 40013 333 0E037 55300 25022 58017=
41255 36/// /2104 10310 20199 39520 40006 333 0E033 59001=
41256 32560 50709 10286 20234 30016 40033 85530 333 58015 55000 55407 55408 55507 55508 82625 85300=
41265 36/// /0203 10306 20189 39462 40004 333 0E033 55300 20000 58003=
41275 36/// /2007 10283 20204 39872 40036 333 0E029 55300 20000 58005=
41304 36/// /0602 10283 20187 39721 40019 333 0E028 55300 20000 58024=
41316 02460 63402 10253 20245 30009 40038 69964 86500 92345 333 59003 55000 55407 55408 55507 55508 70006 86618=
41398 62106 10270 20256 40119 51010 70165 85764 22200 00300 20200 318// 40703 80260=
41480 11558 42806 10288 20241 30051 40061 60002 70544 84530 333 58012 81620 84360=
41497 31405 10283 20256 40082 53005 70200 82142 22243 04284 20302 31814 40904 50702=
41498 51712 10290 20248 40176 53002 70311 84172 22243 00290 20502 315// 40802 80260=
41506 12620 40000 10157 20000 38483 48820 60001 84020 333 56080 59021==
41508 12420 80000 10186 20161 38622 48960 60001 84520 333 56880 59009==
41515 12940 00000 10181 20129 38539 48030 60001 333 59009==
41516 12440 60000 10190 20174 38508 48670 60001 85510 333 56880 59025==
41517 11440 20000 10160 20127 37781 48760 60002 70400 81530 333 56880 59019==
41518 12440 71801 10211 20163 30001 48010 60001 86520 333 56880 58000==
41519 12440 60000 10235 20156 38735 48860 60001 83520 333 56880 59016==
41520 12920 70000 10150 20134 37632 48380 60001 86570 333 56880 59011==
41523 12920 20000 10230 20200 39028 48690 60001 82050 333 56080 59008==
41535 12440 70000 10235 20213 38671 48490 60001 84430 333 56880 58001==
41536 02996 80000 10220 20215 38983 48472 60002 8352/ 333 5699/ 58005 60007 83630 88460=
41560 12940 00000 10250 20132 38241 48530 60001 333 59013==
41571 11640 40502 10270 20256 39492 40051 60002 70511 83830 333 56880 58005==
41577 11940 30000 10260 20253 39459 40055 60001 70411 83030 333 56080 58005==
41598 11940 30000 10285 20264 39769 40029 60001 70400 83070 333 56080 58003==
41600 11940 30000 10270 20256 39742 40026 60001 70411 83020 333 56080 59002==
41620 12940 00000 10230 20168 38528 48340 60001 333 59009==
41624 11940 00501 10290 20262 39830 40021 60001 70400 333 59005==
41630 11440 21301 10290 20276 30000 40042 60001 70400 82500 333 56800 58000==
41640 11440 20000 10290 20262 39798 40037 60001 70400 82500 333 56800 58001==
41641 11940 20000 10285 20250 39776 40038 60001 70400 82030 333 56080 59002==
41660 12400 31302 10220 20167 38394 48810 60001 81430 333 56880 58007==
41678 11940 00000 10280 20221 30000 40019 60001 70500 333 59022==
41696 12940 00000 10185 20146 37997 48980 60001 333 58011==
41697 12940 00000 10290 20255 39878 40027 60001 333 59011==
41700 11940 02304 10285 20264 39893 40015 60001 70400 333 59011==
41710 12940 03104 10295 20046 39273 40005 60002 333 59015==
41712 12940 00000 10300 20142 39116 48670 60002 333 59021==
41715 11940 00000 10290 20248 39971 40034 60001 70500 333 59020==
41718 11920 02302 10275 20254 39921 40021 60001 70400 333 59008==
41725 12940 00000 10290 20255 39946 40022 60002 333 59018==
41739 12940 00000 10250 20165 38968 48460 60001 333 58002==
41744 12940 00000 10190 20079 38723 48520 60002 333 58005==
41749 12940 21802 10260 20231 30008 40041 60001 82030 333 56080 58002==
41756 11920 00000 10255 20226 39961 40025 60001 70500 333 58012==
41759 11420 70902 10235 20212 30031 40037 60001 71011 85510 333 56880 58011==
41764 12940 00000 10265 20251 39986 40035 60001 333 59013==
41768 12340 30000 10285 20264 30030 40037 60001 83600 333 56800 58011==
41780 12440 40000 10260 20246 30015 40042 60001 84500 333 56800 59001==
41785 12940 40000 10275 20254 30033 40046 60001 84030 333 56080 58000==
41859 02440 40502 10276 20270 30038 40075 81530 333 58006 70060 81618 84362==
41883 21450 80000 10274 20260 30050 40070 70262 8452/ 333 58007 60038 70028 84618 88458==
41891 01440 30000 10260 20250 30031 40070 70511 82430 333 59001 70032 81618 83365==
41898 21421 10180 20150 40220 54000 70222 82002 22253 06240 21002 80180=
41907 02540 20000 10268 20260 30052 40067 81101 333 58009 70000 81825==
41923 01440 40000 10275 20270 30062 40072 70522 82530 333 58006 70026 82616 83382==
41936 01420 41803 10268 20260 30052 40059 70511 82830 333 58008 70070 82615 83362==
41943 11435 70000 10270 20250 30062 40069 60026 70262 85530 333 58002 70024 85615 83362==
41950 02350 80000 10273 20270 30063 40065 8562/ 333 58006 70122 82708 84616 88458==
41978 21456 80903 10266 20260 30062 40069 70366 8432/ 333 59001 60109 70210 84614 88459 81926==
41992 01425 61502 10270 20250 30072 40074 70522 84520 333 58004 70000 84615 86460==
42001 02001 99259 70897 46/// /0905 10282 20276 30089 40092 92340 22200 00304 333 91206 555 11053 22056 8//05 92331=
42027 21595 81402 10190 20175 38390 48473 75022 8552/ 333 59015 6990/=
42044 32596 70000 10170 20161 38260 48493 83510 333 59014=
42045 32596 40000 10206 20188 38295 48417 84500 333 59001=
42056 31596 60501 10268 20257 39617 71322 83320 333 58007=
42071 31594 29902 10288 20285 40038 71000 82500 333 58001 82630=
42097 02001 99257 70837 46/// ///// 1//// 92356 22200 00311 10501 20501 70005=
42101 31595 50902 10272 20272 40057 71022 83530 333 58009 83630 83360=
42111 21494 80502 10236 20236 39370 40053 79596 8692/ 333 58021 6135/ 84712 84618 81928 88458=
42123 32596 40000 10292 20267 40035 84800 333 59001 83830 84832=
42131 32696 20000 10274 20257 40043 82500 333 59002=
42165 32696 30000 10290 20256 40033 83500 333 59009 83640=
42182 31595 70000 10282 20265 40045 71022 83530 333 58009 83630 86359=
42189 21595 70000 10266 20255 40053 71022 83530 333 58023 6009/ 83620 87360=
42260 31496 70705 10287 20287 40044 71011 85530 333 58009=
42309 31393 70000 10268 20265 40071 74142 84620 333 59003=
42314 31495 30000 10280 20266 40073 71000 82530 333 58004 82618 83360=
42328 32596 30000 10280 20239 40018 83500 333 59008 83630=
42339 21695 70000 10278 20249 40043 70552 83510 333 59012 6990/ 83635 84458=
42348 21595 69902 10254 20245 40047 71096 83530 333 58004 6120/ 83625 85359=
42361 21595 70000 10276 20268 40040 70522 85530 333 58008 6990/ 85620 87360=
42369 21595 70902 10271 20267 40051 71022 84530 333 58019 6004/ 83620 84360=
42379 21995 70903 10274 20260 40052 71022 87070 333 58020 6004/ 87360=
42410 21595 40000 10260 20254 40078 71011 82530 333 58000 6998/ 82620 83360=
42415 32596 10000 10278 20261 40080 81030 333 59004 81360=
42452 31596 43601 10266 20249 40031 71011 81532 333 59005=
42492 31495 50908 10284 20267 40056 71022 82530 333 58015 82618 84360=
42559 22596 60000 10256 20250 40023 84530 333 58000 6002/ 84620 86360=
42571 32496 60501 10274 20260 40028 84630 333 58005 81715 83625 85360=
42623 31495 70000 10240 20237 39224 40077 71022 84530 333 58001 84618 87360=
42634 22596 40000 10260 20251 40048 84500 333 59009 6002/ 84620=
42647 31896 72705 10282 20257 40037 71022 84032 333 59018 84358 83070=
42667 21495 70204 10258 20250 39452 40026 71022 85730 333 59013 6024/ 83710 84620 85360=
42675 21595 20000 10258 20249 40018 70510 82500 333 59003 6013/ 82620=
42701 21495 60000 10240 20234 39333 40050 71022 84530 333 58015 6004/ 84618 85360=
42724 31595 50000 10266 20260 40068 71020 82530 333 58001 82620 84360=
42737 32496 32003 10260 20246 40053 83600 333 59011 83712=
42754 21395 63604 10238 20232 39400 40026 70522 84730 333 59017 6023/ 83708 84618 85360=
42779 22495 80000 10228 20222 39344 40032 8462/ 333 58002 6008/ 81712 84620 88458=
42798 31496 71105 10272 20255 40047 71022 84530 333 58012 84615 86360=
42809 21596 30000 10280 20266 40061 70500 82131 333 58013 6002/ 82825=
42840 32596 62703 10280 20252 40046 83530 333 59016 83620 85360=
42867 21493 80506 10250 20250 40009 79596 85920 333 59003 6033/ 82710 83618 81930 88458=
42874 21596 80504 10264 20253 40017 70522 8452/ 333 58005 6001/ 84620 88458=
42886 21596 21102 10262 20248 40040 70500 82500 333 58011 6990/ 82620=
42895 21496 60000 10270 20259 40051 70296 84530 333 58011 6003/ 84620 84360=
42971 21495 70701 10270 20264 40047 71022 85430 333 58015 6005/ 85616 87360=
43003 21595 60000 10284 20256 40052 72052 84830 333 59011 6990/ 82620 83825 85360=
43014 21495 82504 10224 20218 39383 40028 76062 86830 333 59017 6043/ 83620 84825 88360=
43041 21595 80000 10242 20236 39406 40011 71062 8552/ 333 58025 6012/ 85620 88458=
43063 21596 82702 10230 20221 39437 40058 76065 8472/ 333 5669/ 59008 6001/ 84720 85456=
43110 21496 83402 10268 20257 40061 76062 8677/ 333 59010 6011/ 83712 85618 88456=
43117 21596 80502 10218 20209 40043 76166 8572/ 333 59006 6036/=
43189 22596 80000 10254 20230 30018 40027 83831 333 58037 6992/=
43192 21496 63205 10270 20260 40053 72165 82770 333 59012 6005/=
43201 22496 72303 10228 20216 39308 40028 85630 333 56690 59016 6005/ 85710 83612 86358=
43233 22496 52510 10230 20206 39249 40060 82631 333 56699 59009 6990/=
43284 21296 82706 10254 20242 39948 40063 70262 84671 333 56599 59011 6003/ 82706 83612 87458=
43295 32496 62304 10214 20193 39057 48468 84631 333 56599 58003 82710 83612=
43314 21596 30000 10252 20249 40074 70166 83800 333 59006 6048/=
43333 21495 82302 10266 20255 40072 76062 8542/ 333 59005 6009/ 83618 85820 88458=
43344 31496 52908 10280 20233 39963 40062 71022 82531 333 58005 82616 83360=
43369 22496 20000 10276 20265 40085 82500 333 59001 6004/ 82620=
43371 31096 70000 10250 20247 30014 40087 72162 82471 333 59001 6025/ 82618 85458=
43410 22470 2//// 10268 20227 30058 40061 81000 333 60008==
43413 22/70 32104 10279 20249 30061 40066 5/006 83030 333 59004 60008 91007==
43415 22470 10000 10260 20246 39965 40073 81000 333 59006 60008 555 60008==
43418 22970 00000 10266 20237 30026 40067 55009 333 59003 60008 555 60008==
43421 22470 12202 10255 20000 39970 40076 52009 81000 333 553// 20000 59001 60008 91004 555 60008==
43424 22470 62303 10282 20257 30070 40072 51002 83000 333 59003 60008 555 60008==
43436 22/70 50000 10268 20249 30062 40065 52007 85000 333 59004 60008 555 60028==
43441 21470 71802 10258 20246 39946 40079 52003 72582 86100 333 59003 69918 555 60158==
43444 22470 72001 10240 20223 39553 40082 51002 86000 333 59003 60008 555 60178==
43450 22470 82705 10280 20252 30081 40093 56005 85162 333 553// 20000 58003 60008 555 60028==
43466 22470 52402 10282 20231 30079 40087 5/005 85000 333 553// 20000 59006 60008 91005==
43467 21/57 82703 10278 20252 30083 40089 52007 79592 87/2/ 333 59005 69938 84/16 83/18 555 60138==
43473 21/58 82806 10157 20157 38109 48474 51007 75055 88/// 333 553// 20002 59004 60008 83708 84810 91011 555 60188==
43479 22470 71201 10219 20201 39235 87400 333 55000 58000 60008 70005==
43486 21450 80201 10243 20243 39991 40091 58008 76188 88170 333 55000 553// 20000 58000 60008 91004==
43495 22470 52503 10280 20254 30072 40085 50/// 83000 333 59003 60008==
43497 22470 82703 10259 20000 30060 40077 5/001 85000 333 553// 20006 59012 60008 91006==
44212 42584 73602 10123 20043 39009 40081 52014 87800 333 20100 3/010 55108==
44213 42684 62104 10167 20023 38693 40049 52015 83510 333 20129 3/009==
44214 42670 42507 10115 21010 38240 40121 52005 84800 333 20106 3/008==
44215 42670 72808 10140 20003 38349 40085 52008 87800 333 20137 3/012==
44217 11698 40000 10064 20002 37846 40195 54000 60022 70262 84500 333 20054 91202 555 30028 80235=
44218 42/84 52205 10161 20008 38550 40092 50013 83044 333 20161 3/011==
44219 32999 31303 10121 21059 38552 40101 52001 82038 333 20107 91203 555 30091=
44265 32999 72404 10168 20050 38809 40130 52018 83074 333 20136 91204 555 30102=
44266 32699 62504 10123 21058 37773 40132 57001 84530 333 20089 91206 555 30074=
44404 41/01 90901 10178 20178 38111 48446 745// 89/// 333 58011=
44416 42557 70000 10238 20235 39313 40045 86410 333 58013=
44424 41230 82502 10160 20153 37672 47085 75365 8562/ 333 58003=
44434 42356 73003 10230 20205 39197 48501 84450 333 58024=
44438 42460 81106 10266 20252 39937 40059 8487/ 333 58011=
44449 42565 40403 10260 20255 39914 40065 82170 333 58016=
44454 42456 60000 10198 20195 38650 48490 84830 333 58021=
44462 42357 30901 10176 20173 38257 48472 83200 333 58014=
44474 42056 50000 10183 20173 38260 48500 85500 333 58010=
44477 41230 70000 10218 20212 38800 48517 710// 87600 333 58008=
44478 42556 20802 10272 20264 39983 40065 81100 333 58002=
48010 42540 80000 10280 20268 39913 40063 8577/ 333 20264 59007==
48020 42340 50000 10250 20241 83930 333 20241==
48025 333 20226 59008==
48031 41901 01401 10195 20185 74744 89/// 333 20175==
48048 42556 70000 10267 20256 30003 40059 85950 333 20262 59004==
48052 32450 50000 10252 20242 83401 333 20244 56909=
48062 41450 81403 10272 20256 30056 40062 75022 85970 333 20223 58000==
48064 41440 82201 10270 20270 39989 40046 75065 8577/ 333 20260 59001==
48071 42440 70000 10270 20256 30063 40071 85970 333 20250 59005==
48094 41456 80000 10255 20250 30059 40069 70255 85970 333 20224 59002==
50557 14/80 /2502 10169 20101 39828 40114 52011 60001 333 10225 20067 3/006 58053 70000 90761 91108==
51076 14/75 /3401 10109 20101 39309 40149 52009 60021 333 10267 20106 3/011 58021 70020 90761 91114==
51087 14/80 /3301 10136 20122 39170 40133 52009 60011 72100 333 10283 20130 3/014 58013 70011 90761 91116==
51156 14/80 /2803 10104 20037 38680 40144 52013 60001 333 10241 20104 3/007 58013 70003 90761 91122==
51243 14/80 /3100 10175 20134 39628 40144 52019 69981 333 10297 20175 3/017 58038 70019 90761 91119==
51334 14/80 /0102 10191 20121 39758 40137 52008 60001 333 10311 20172 3/016 58037 70000 90761 91114==
51379 14/80 /2603 10187 20095 39243 40123 52020 60001 333 10312 20099 3/014 58024 70000 90761 91107==
51463 14/80 /3101 10150 20089 39026 40146 52019 60001 333 10293 20149 3/014 58043 70000 90761 91111==
51573 14/70 /3301 10281 20108 39999 40044 52012 60001 333 10377 20246 3/027 59041 70000 90761 91106==
51644 14/64 /0301 10153 20138 38878 40054 57003 60001 70065 333 10294 20145 3/017 59035 70063 90761 91114==
51656 14/66 /0802 10183 20142 39065 40049 52001 60001 333 10311 20144 3/018 59040 70000 90761 91106==
51709 14/76 /2802 10188 20139 38575 40043 57007 60001 70060 333 10281 20174 3/016 59040 90761 91104==
51711 14/67 /2801 10116 20103 38006 40041 57003 60001 333 10228 20116 3/008 59027 90761 91103==
51716 14062 01300 10190 20164 38844 40049 52002 60001 333 10285 20178 3/019 59037 70000 90761 91105==
51765 14/62 /1201 10187 20142 39124 40049 52005 60001 333 10325 20187 3/017 59037 70000 90761 91102==
51811 14/62 /2701 10196 20157 38730 40051 57003 60001 333 10271 20184 3/018 59035 70000 90761 91103==
51818 14/58 /0000 10208 20145 38590 40037 52003 60001 333 10309 20165 3/020 59035 90761 91103==
51828 14/67 /2703 10206 20143 38585 40042 52003 60001 333 10279 20171 3/018 59038 70000 90761 91105==
51886 14/77 /1301 10147 20093 37145 40009 52003 60001 333 10253 20138 3/014 59021 90761 91108==
52203 14/72 /0201 10203 20095 39236 40059 52011 60001 333 10335 20187 3/018 59037 90761 91105==
52602 14/74 /0302 10161 20065 37285 40004 52006 60001 333 10268 20134 3/014 59022 70000 90761 91115==
52681 14/80 /0703 10169 20120 38617 40108 52007 60001 333 10206 20157 3/016 59033 70002 90761 91106==
52818 14/76 /2902 10169 20070 37258 49994 52002 60001 333 10262 20152 3/016 59030 70000 90761 91109==
52908 14/80 /2802 10037 20025 35860 40041 52003 60051 72100 333 10179 20033 3/003 59009 70051 90761 91114==
53463 14/80 /2901 10162 20074 38889 40169 52002 60001 333 10231 20118 3/012 58020 70000 90761 91105==
54857 14/80 /0105 10239 20167 30037 40126 52019 60001 333 10301 20239 3/022 58047 70022 90761 91114==
55228 14/80 /0000 10091 20027 36082 49915 54000 60001 333 10227 20078 3/007 59019 70000 90761 91106==
55299 14/80 /0501 10081 20045 35929 40012 52003 60001 333 10186 20075 3/006 59005 70053 90761 91108==
55578 14/80 /0901 10118 20079 36432 49981 52004 60001 333 10250 20115 3/012 58005 70004 90761 91109==
55591 14/79 /1102 10150 20080 36572 49941 52005 60001 333 10259 20142 3/013 59008 70004 90761 91107==
55664 14/80 /1601 10096 20034 36075 49990 54000 60001 333 10206 20084 3/010 58001 70007 90761 91108==
55773 14/80 /2103 10057 20043 36087 40094 52001 60001 333 10116 20033 3/001 58007 70002 90761 91108==
56004 14/67 /2805 10078 20054 35911 49969 52009 69921 72100 333 10210 20054 3/007 59010 70002 90761 91111==
56018 14/80 /1802 10078 20047 36259 40035 52002 60001 333 10231 20070 3/006 59009 70000 90761 91104==
56116 14/74 /0301 10101 20077 36413 40028 52005 69991 76000 333 10214 20088 3/010 59007 70101 90761 91108==
56299 70020 82818 81919 85360 87280=
56312 14/80 /2402 10146 20108 37135 40048 52005 60001 333 10242 20140 3/015 59004 70002 90761 91105==
57494 14/59 /0602 10327 20263 30058 40086 52022 60001 333 10381 20278 3/028 58006 70000 90761 91103==
58847 14/60 /3002 10294 20266 39998 40095 52017 60001 333 10358 20282 3/028 58002 70000 90761 91104==
62306 42960 01604 10253 20200 40122 52001==
62309 42960 01803 10261 20236 40111 52003==
62332 42960 00804 10284 20229 40118 52003==
62366 45960 00904 10282 20220 40109 54000==
62387 42960 03203 10265 20177 40103 57002==
62393 42960 00000 10286 20133 40134 54000==
62405 42960 00502 10329 20123 40087 57004==
62414 42960 03404 10326 20131 40087 57006==
62420 42960 00803 10304 20138 40103 52006==
62435 42960 00203 10320 20138 40091 57001==
62458 42960 00000 10296 20160 40104 57005==
