SMPK OPKC 011200=
41504 02697 70000 10230 20154 37810 48416 60002 84510 333 10240 56990 59045 60007 84640 87460 Rh 62%=
41505 12696 50000 10225 20120 38/// 48/// 60002 83520 333 10230 56990 58/// 60007 83640 85460 RH 51%=
41516 01596 70000 10260 20185 38485 48443 69902 79592 84610 333 10295 56990 59043 69907 81725 83640 87460 RH63%=
41517 02697 50000 10250 20151 37758 48426 69902 83530 333 10266 56990 59031 69907 83635 82360 54%=
41518 02596 70000 10283 20174 38/// 48/// 60002 84720 333 10306 56990 5//// 60007 81730 83640 86461 52%=
41519 02697 72304 10325 20156 38671 48427 60002 83520 333 10340 56990 59043 60007 83640 85462 RH 36%=
41520 02697 73604 10210 20111 37609 48193 60002 83570 333 10230 56990 59020 60007 83640 85762 53=
41530 02697 70508 10340 20241 39612 49997 60002 83430 333 10375 56990 59014 60007 83840 85360 57%=
41571 11696 31806 10335 20231 39466 40010 60002 70500 83800 333 10342 56900 59007 RH 55%=
41620 32696 80906 10335 20139 38504 48409 60002 86510 333 10340 56990 59011 60007 86640 82460 31%=
41660 02697 71316 10300 20140 38377 48459 60002 85930 333 10315 56990 59017 60007 81930 84840 85358 RH38%=
41661 01696 43104 10300 20168 38335 48452 60002 70541 85800 333 10320 56900 59012 60007 82635 83840 45%=
41685 02697 62302 10315 20199 38863 48469 60002 83220 333 10340 56990 59002 60007 83840 83460 RH.50%=
41696 02697 40000 10280 20142 37987 48481 60002 84500 333 10290 56900 58010 60007 84640 RH43%=
41697 02997 00000 10370 20228 39872 40016 60002 333 10380 59022 60007 RH44%=
41700 01996 02306 10360 20249 39884 40004 60002 70400 333 10370 59021 60007 53%=
41701 01996 02308 10360 20256 39884 40019 60002 70400 333 10373 59013 60007 55%=
41710 12997 23104 10400 20054 39260 49964 60002 80001 333 10405 56009 59004 82070 RH.12%=
41712 12697 41302 10390 20167 39089 48459 60002 84500 333 10400 56900 59009 84640 RH 27%=
41715 01996 01302 10345 20263 39961 40022 60002 70500 333 10355 59019 60007 RH62%=
41716 01996 02306 10340 20257 39930 40027 60002 70400 333 10350 59014 60007 62%=
41718 01996 02306 10360 20249 39912 40009 60002 70400 333 10370 59038 60007 53%=
41724 01996 02710 10350 20253 39966 40040 60002 70500 333 10365 59014 60007 RH57%=
41725 12996 02304 10355 20235 39941 40015 60002 333 1036559020 RH50%=
41738 02696 40920 10390 20168 39833 40000 60002 84600 333 10400 56900 59001 60007 83630 RH27%=
41739 02696 30906 10350 20104 38953 48446 60002 83500 333 10355 56900 58008 60007 83635 RH 22%=
41739 02696 30906 10350 20104 38953 48446 60002 83500 333 10355 56900 58008 60007 83635 RH22%=
41742 12697 23202 10360 20232 39916 40014 60002 82100 333 10362 56900 59016 82830 RH 48%=
41743 21996 00502 10360 20287 60002 70500 333 10370 60007 RH 66%=
41744 12996 00000 10290 20052 38718 48455 60002 333 10310 59010 RH 22%=
41745 01996 01802 10330 20246 60002 70500 333 10340 60007 RH 61%=
41746 02996 03604 10335 20259 39971 40022 60002 333 10350 59020 60007 RH65%=
41747 02996 01304 10350 20268 39971 40027 60002 333 10365 59007 60007 RH63%=
41748 02996 02306 10345 20255 39971 40031 60002 333 10350 59020 60007 RH 60%=
41749 02696 31808 10340 20257 30000 40033 60002 83500 333 10345 56900 58002 60007 83635 RH 62%=
41756 01996 50912 10310 20254 39956 40019 60002 70500 85030 333 10320 56090 58010 60007 85358 RH72%=
41757 02996 50912 10300 20251 30013 40025 85030 333 10325 56090 58012 60007 85360 RH75%=
41759 01695 60908 10290 20262 30016 40021 60002 71010 82510 333 10310 56990 58005 60007 82640 84460 RH85%=
41760 01596 31112 10300 20243 30027 40040 60002 70500 83600 333 10310 56900 58032 60007 83720 RH72%=
41764 02696 41304 10325 20255 39982 40030 60002 84500 333 10330 56900 59009 60007 84635 RH 67%=
41765 02696 30000 10325 20255 39998 40033 60002 83800 333 10330 56900 58005 60007 83840 RH67%=
41766 20696 40000 10330 20246 39991 40019 60002 84500 333 10345 56900 59005 60007 84630 RH 61%=
41767 02996 2//// 10345 20247 60002 82400 333 10350 56900 60007 82840 RH57%=
41768 02696 12302 10340 20265 30022 40029 60001 81500 333 10352 56900 59007 60007 81635 RH 65%=
41780 02596 61802 10300 20258 30010 40037 60002 86600 333 10326 56900 58002 60007 83720 85630 RH 78%=
41783 02696 40000 10315 20260 39998 40027 60002 82530 333 56990 10325 59002 60007 82635 82360 RH72%=
41785 22597 42302 10320 20265 30031 40044 60002 84800 333 10325 56900 58001 60007 84835 RH 73%COR=
41785 22597 42302 10320 20265 30031 40044 60002 84800 333 56900 58001 60007 84835 RH 73%=
41786 02696 41304 10340 20249 39986 40021 60002 84500 333 10350 56900 59004 60007 84630 RH 59%=
41BAG 02696 62302 10215 20127 60002 84510 333 10240 60007 84635 86460 57%=

SMPK OPLA 011200=
=================
41506 02697 71802 10260 20171 38452 48450 60002 83520 333 10294 56990 59045 60007 83640 84460 58%=
41507 02997 00000 10345 20235 39196 49675 60002 333 10350 58018 60007 53%=
41508 02697 32302 10289 20219 38605 48484 60002 83200 333 10340 56900 59016 60007 83835 RH 65%=
41509 02697 70904 10320 20159 38673 48430 60002 81220 333 10364 56990 59057 60007 82840 82459 RH38%=
41510 01697 30000 10215 20178 37892 48462 60012 70262 83500 333 10240 56900 59011 60017 83640 79%=
41515 02697 62704 10282 20135 38516 48480 60002 83520 333 10312 56990 59009 60007 83650 83458 41%=
41523 02697 12703 10335 20206 39012 48472 60002 81400 333 10345 56900 59008 60007 81840 47%=
41524 02697 22302 10350 20216 39223 40018 60002 82100 333 10375 56900 59017 60007 82845 RH 46%=
41525 12697 60000 10235 20133 37678 48343 60002 84520 333 10250 56990 59020 84640 53%=
41528 02997 00000 10340 20229 39122 48461 60002 333 10352 59018 60007 52%=
41529 02696 63102 10345 20255 39648 40003 60002 83520 333 10380 56990 59015 60007 83640 83460 60%=
41534 02697 50000 10345 20270 39619 40005 60002 83520 333 10350 56990 59011 60007 83640 83460 RH65%=
41535 02997 20902 10280 20223 38664 48445 60002 82030 333 10304 56090 59002 82360 RH71% CORR=
41535 02997 20902 10280 20223 38664 48445 60002 82030 333 20304 56090 59002 82360 RH71%=
41536 02997 00000 10310 20233 38958 48462 60002 333 10335 59009 60007 64%=
41560 02997 02306 10320 20184 38269 48477 60002 333 10330 58000 60007 Rh45%=
41562 02697 51306 10360 20232 39571 40004 60002 82520 333 10385 56990 59022 60007 82640 83460 RH 48%=
41565 22997 00000 10261 20185 38616 48491 60002 333 10295 58001 60007 63% =
41567 01996 00000 10360 20249 39617 40007 60002 70400 333 10370 59019 60007 53%=
41572 01696 41304 10335 20246 39403 49985 60002 70400 84500 333 10340 56900 59012 60007 84640 R/H 60%=
41573 02092 80000 10210 20165 37964 48466 60002 886// 333 10251 569// 59005 60007 887// 75%=
41574 02697 32302 10270 20214 38316 48483 60002 83400 333 10285 56900 59010 60007 83640 72%=
41576 02997 20000 10355 20266 40025 60002 82400 333 10365 56900 59015 60007 82840 60%=
41577 01696 50000 10340 20259 39434 40010 60002 70400 82530 333 10360 56990 59008 60007 82640 83360 RH 63%=
41593 01996 42302 10360 20272 39805 40002 60002 70422 84030 333 10382 56090 59012 60007 84360 61%=
41597 02997 30000 10350 20276 39742 40019 60002 83030 333 10355 56090 59014 60007 83362 65%=
41598 02697 20000 10350 20283 39750 40005 60002 83100 333 10360 56900 59010 60007 83835 68%=
41599 01696 22304 10350 20261 39744 40015 60002 70401 82400 333 10357 56900 59005 60007 82640 60%=
41600 01696 60000 10350 20268 39740 40016 60002 70422 83520 333 10350 56990 58002 60007 83637 83460 63%=
41624 02997 00502 10375 20274 39819 40005 60002 333 10385 59017 60007 56%=
41625 02997 00000 10365 20246 39817 40003 60002 333 10375 59019 60007 51%=
41630 01696 42304 10350 20268 40017 60002 70400 84400 333 10360 56900 59013 60007 84640 63%=
41633 02697 23102 10340 20257 3//// 4//// 60002 82500 333 10385 56090 5//// 60007 82640 62%=
41634 02697 20000 10325 20258 3//// 4//// 60002 82600 333 10345 56900 5//// 60007 82640 68%=
41635 02997 00000 10360 20264 3//// 4//// 60002 333 10385 5//// 60007 58%=
41636 02696 21302 10355 20274 39850 40022 60002 70400 82500 333 10360 56900 59005 60007 82640 63%=
41638 01696 21802 10340 20265 4//// 60002 70400 82400 333 10353 56900 5//// 60007 82840 65%=
41639 02697 33102 10340 20257 3//// 4//// 60002 83500 333 10350 56900 5//// 60007 83640 62% =
41640 01696 50000 10350 20245 39778 40012 60002 70422 83430 333 10355 56990 590011 60007 83440 83360 57%=
41641 01696 42408 10355 20226 39754 40010 60002 70511 84400 333 10364 56900 59011 60007 84640 47%=
41642 01697 31302 10350 20268 3//// 4//// 60002 83800 333 10364 56900 5//// 60007 83640 63%=
41643 01696 33102 10350 20268 39752 40011 60002 70410 83500 333 10365 56900 59014 60007 83640 63%=
41644 01697 30000 10345 20277 3//// 4//// 60002 83020 333 10362 56990 5//// 60007 83460 68%=
41646 01696 30000 10360 20264 39829 40027 60002 70400 83500 333 10370 56900 59013 60007 83640 58%=
41652 01996 01302 10365 20262 39854 40021 60002 70400 333 10373 59013 60007 56%=
41669 02697 31802 10365 20270 3//// 4//// 60002 83500 333 10380 56900 5//// 60007 83640 58%=
41670 01696 20000 10370 20260 4//// 60002 70400 82500 333 10375 56900 5//// 60007 82640 54%=
41674 01996 01804 10345 20255 3//// 4//// 60002 70400 333 10365 5//// 60007 60%=
41675 01996 21808 10360 20249 39871 40006 60002 70400 82030 333 10362 56090 59022 60007 82360 53%=
41676 01996 02304 10370 20283 39885 40032 60002 70400 333 10388 59019 60007 61%=
41677 01996 00000 10360 20264 39849 40005 60002 70400 333 10375 59015 60007 58%=
41678 01996 30000 10370 20244 40014 60002 70500 83020 333 10380 56090 59019 60007 83460 49%=
41679 01996 32302 10345 20270 4//// 60002 70411 83030 333 10362 56090 5//// 60007 83360 65%=
41680 01696 30000 10365 20278 39834 40018 60002 70410 83400 333 10370 56900 59005 60007 83840 61%=
41BKI 12696 80506 10350 20253 39611 40001 60002 83520 333 10370 59006 83640 85460 RH57%=
41SKP 01696 22702 10350 20253 3//// 4//// 60002 70400 82500 333 10352 56900 5//// 60007 82640 57%=
43532 02997 01302 10355 20222 39215 49955 60002 333 10360 59017 60007 46%=
43533 02997 00000 10350 20246 39123 48443 60002 333 10365 59013 60007 54%=
43563 02697 32302 10322 20259 39361 40009 60002 83500 333 10344 56900 59007 60007 83640 70%=

41526 Not Received
41533 Not Received
41564 Not Received
41568 Not Received
41592 Not Received
41594 Not Received
41672 Not Received
41781 Not Received
41726 Not Received

UPPK OPKC 011200=
=================
PPAA 51001 41715 NO ASSCENT DUE TO PAF FLYING=
PPAA 5112/ 41764 NO ASSCENT DUE TO PAF FLYING=
PPAA 51001 41715 NO ASSCENT DUE TO PAF FLYING=
PPAA 5112/ 41516 NO ASSCENT DUE TO AIR MOVEMENT=
PPAA 5112/ 41759 NO ASSCENT DUE TO SECUITY RISK= 
PPAA 5112/ 41739 NO ASSCENT DUE TO SECUITY RISK=
PPAA 5112/ 41517 NO ASSCENT DUE TO AIR MOVEMENT=
PPAA 51111 41780 NO ASSCENT DUE TO RED BALLOON SHORTAGE=
PPAA 5112/ 41768 NO ASSCENT DUE TO SHORTAGE OF BALLOON MAKER=

PPAA 51121 41640 55185 29504 77999=
PPBB 51121 41640 90/12 00000 31002 31002 9037/ 31503 27505=
PPAA 51001 41600 55185 29004 77999=
PPBB 51001 41600 90/12 23002 24504 26003 9037/ 22002 24004=
PPAA 51121 41598 55285 15006 22005 77999=
PPBB 51121 41598 90/12 13002 09505 11006 9037/ 11506 17006=
PPAA 51121 41675 55285 22506 02002 77999=
PPBB 51121 41675 90/12 18008 18508 17009 9037/ 21007 22004 912// 03002=
PPAA 51121 41678 55285 16003 10003 77999=
PPBB 51121 41678 90/12 00000 12504 14005 9037/ 14005 19003 912// 09504=
PPAA 51111 41718 55285 24518 28013 77999=
PPBB 51111 41718 90/12 22506 24509 24010 9037/ 24512 25515 9125/ 21510 18511=
PPAA 51121 41624 55285 07006 02507 77999=
PPBB 51121 41624 90/12 04502 04004 05004 9037/ 05004 08507 9125/ 01511 35510=
PPAA 5112/ 41506 MISDA DUE TO CLOUDY WEATHER=
PPAA 5112/ 41515 MISDA DUE TO CLOUDY WEATHER=
PPAA 5112/ 41646 MISDA DUE TO TECHNICAL FAULT=

Data Generated from File : D:\all data handling\Rmc_lhr\2024090112.FSU.txt
01/09/24 13:05:57
______________________________________________________________
15007 05570 33205 10275 20109 39721 40161 57013 60001 7000/ 82240 333 4/000 55310 0//// 22761 3//// 60007 91009 91109=
15020 05570 22904 10324 20091 39960 40143 58020 60001 7000/ 82200 333 4/000 55310 0//// 22372 3//// 60007 91008 91109=
15023 05970 03204 10290 20093 39737 40134 57015 60001 7000/ 333 4/000 55310 0//// 22685 3//// 60007 91007 91108=
15056 05570 53306 10313 20085 39810 40134 58016 60001 7000/ 82208 333 4/000 55310 0//// 22731 3//// 60007 91009 91112=
15069 05598 40305 10240 20083 39131 42811 58010 60001 7000/ 81231 333 4/000 55310 0//// 23080 3//// 60007 91009 91110=
15073 05/70 /3604 10297 20074 39712 40146 57014 60001 7000/ 333 4/000 55310 0//// 22784 3//// 60007=
15090 05570 30504 10332 20063 30047 40132 57021 60001 7000/ 82201 333 4/000 55309 01635 22683 30711 60007 91007 91110=
15107 05970 50103 10266 20057 39382 42813 58010 60001 7000/ 85070 333 55310 0//// 23226 3//// 60007 91006 91108 95000=
15108 02298 40902 10163 20038 38149 48539 54001 60001 82240 333 55309 0//// 22539 3//// 60007 91005 91108 95100=
15109 05970 13604 10299 20057 39735 40140 57014 60001 7000/ 81040 333 4/000 55310 0//// 22670 3//// 60007 91008 91108=
15111 05570 23605 10314 20069 39884 40128 57017 60001 7000/ 81240 333 4/000 55310 0//// 22709 3//// 60007 91009 91110=
15113 05970 43606 10321 20071 39977 40128 57016 60001 7000/ 81046 333 55306 0//// 21953 3//// 60007 91008 91110=
15127 05970 40606 10275 20045 39308 42806 57015 60001 7000/ 84070 333 4/000 55310 0//// 22877 3//// 60007 91010 91112 95000=
15148 05970 30503 10214 20056 38743 48527 57005 60001 7000/ 82049 333 55305 0//// 22066 3//// 60007 91008 91108=
15150 05570 53605 10317 20078 39934 40132 57018 60001 7000/ 82231 333 4/000 55310 0//// 22557 3//// 60007 91008 91110=
15154 05570 43503 10328 20079 39990 40122 57014 60001 7000/ 81238 333 4/000 55306 0//// 21977 3//// 60007 91007 91110=
15168 05/70 /0403 10289 20065 39548 42805 57013 60001 7000/ 333 4/000 55310 0//// 22821 3//// 60007=
15170 05998 30605 10279 20077 39396 42801 57010 60001 7000/ 82042 333 55310 0//// 22756 3//// 60007 91010 91113=
15194 05570 30304 10303 20096 39857 40131 57013 60001 7000/ 81231 333 55305 0//// 21683 3//// 60007 91007 91109=
15197 05/70 /0406 10313 20079 39931 40126 57014 60001 7000/ 333 4/000 55309 0//// 22327 3//// 60007=
15215 05970 20906 10292 20070 39564 42805 57011 60001 7000/ 81049 333 55310 0//// 22842 3//// 60007 91009 91110=
15217 05970 50305 10268 20087 39496 42801 56013 60001 7000/ 85070 333 55307 0//// 22316 3//// 60007 91009 91112=
15219 05/70 /0103 10310 20083 30006 40122 58016 60001 7000/ 333 4/000 55307 0//// 21975 3//// 60007=
15238 05/70 /0706 10279 20069 39547 42803 57011 60001 7000/ 333 4/000 55308 0//// 22345 3//// 60007=
15261 05564 70103 10243 20091 39362 42814 57009 60001 7000/ 87300 333 55300 0//// 20964 3//// 60007 91006 91106 95000=
15262 02398 60608 10134 20052 38244 48519 57006 60001 86500 333 55300 0//// 20864 3//// 60007 91015 91116=
15265 05570 73506 10319 20105 30053 40122 57015 60001 7000/ 82270 333 4/000 55308 0//// 22126 3//// 60007 91009 91109=
15280 02299 60514 10081 20031 37558 47135 57002 60001 82250 333 55309 0//// 23159 3//// 60007 91017 91119=
15300 05799 40602 10285 20079 39533 42802 57013 60001 7000/ 82241 333 55308 0//// 22319 3//// 60007 91005 91107=
15301 05570 50101 10187 20077 38653 48539 57003 60001 7000/ 85200 333 55307 0//// 22076 3//// 60007 91007 91109 95000=
15302 05670 73402 10206 20069 38944 48528 57005 60001 7000/ 85301 333 55303 0//// 21593 3//// 60007 91006 91109 95000=
15307 05/70 /0205 10294 20092 39944 40118 58009 69901 7000/ 333 4//// 55308 0//// 22385 3//// 60007=
15310 05570 50502 10306 20118 30038 40118 57010 60001 7000/ 81232 333 4/000 55310 01618 22807 32617 60007 91005 91107=
15324 05570 80103 10249 20068 39372 42797 57002 60001 7000/ 8537/ 333 55300 0//// 20899 3//// 60007 91006 91108=
15325 05570 70204 10178 20051 38498 48509 57007 60001 7000/ 87500 333 4/000 55308 0//// 22909 3//// 60007 91011 91113=
15328 05570 70103 10280 20100 39794 40122 57002 60001 7000/ 84370 333 4//// 55300 0//// 21000 3//// 60007 91008 91109=
15335 01563 71801 10239 20228 30111 40117 57005 60011 71798 85960 333 55300 0//// 20438 3//// 60017 91003 91105=
15336 05/70 /0703 10268 20201 30112 40114 57003 60001 7000/ 333 4/000 55309 0//// 22811 3//// 60007=
15349 05570 70303 10277 20077 39600 40117 57004 60001 7000/ 87300 333 4//// 55300 0//// 21171 3//// 60007 91008 91108=
15350 05570 70308 10289 20083 30013 40125 57005 60001 7000/ 82270 333 55305 0//// 21626 3//// 60007 91012 91114=
15375 05970 73606 10298 20066 39783 40117 57004 60001 7000/ 87070 333 4/000 55302 0//// 21593 3//// 60007 91010 91111=
15377 05597 80705 10293 20075 39915 40117 57002 60001 7000/ 883// 333 55300 0//// 20618 3//// 60007 91011 91111=
15402 01570 70406 10272 20115 30052 40123 57003 69911 70282 87900 333 4/000 55300 0//// 21104 3//// 60007 91010 91111=
15405 05570 70407 10278 20166 30066 40125 57002 69921 7000/ 82270 333 4/000 55305 0//// 21612 3//// 69917 91010 91111=
15406 07570 80903 10207 20204 30074 40120 53003 60181 7818/ 889// 333 4/000 55300 0//// 20069 3//// 60187 91005 91113=
15408 07/67 /0604 10200 20181 39866 40123 50004 60071 7828/ 333 4/001 55300 0//// 20124 3//// 60077=
15409 07/70 /0901 10239 20212 30069 40115 50001 60101 7616/ 333 4//// 55300 0//// 20476 3//// 60107=
15419 05570 70705 10287 20086 39943 40125 57005 60001 7000/ 82370 333 4/000 55303 0//// 21321 3//// 60007 91009 91110=
15420 05570 80604 10276 20122 30016 40120 57003 60001 7000/ 8637/ 333 4/000 55303 0//// 21527 3//// 60007 91008 91111=
15421 05570 80505 10269 20133 30027 40132 57002 60001 7000/ 8437/ 333 4/000 55301 00751 21248 31056 60007 91011 91111=
15422 01570 80502 10274 20156 30024 40119 57004 69901 70282 8437/ 333 55300 0//// 21051 3//// 60007 91008 91108=
15425 05570 80206 10260 20181 30058 40119 54001 60021 7000/ 8437/ 333 4/000 55306 0//// 21587 3//// 60027 91008 91109=
15434 02570 60203 10320 20069 39922 40116 58012 60001 83370 333 4/000 55304 0//// 21592 3//// 60007 91006 91107=
15444 01570 70404 10238 20205 30049 40118 55001 60001 71722 85963 333 4/000 55305 0//// 21864 3//// 60007 91007 91109=
15455 05970 70605 10290 20091 39999 40121 57008 60001 7000/ 87070 333 4/000 55300 0//// 21175 3//// 60007 91008 91109=
15460 05570 70602 10263 20198 30093 40116 55003 60001 7000/ 84370 333 4/000 55305 0//// 21828 3//// 60007 91005 91106=
15462 01570 70605 10264 20211 30031 40113 55004 60001 71722 87900 333 55308 0//// 22340 3//// 60007 91009 91109=
15470 05570 80703 10285 20084 30004 40122 57007 60001 7000/ 8237/ 333 55300 0//// 20649 3//// 60007 91004 91105=
15475 01597 80401 10212 20194 30104 40124 55003 60061 78082 883// 333 4/000 55301 0//// 21137 3//// 60057 91003 91103=
15479 05570 60803 10263 20185 39927 40109 58005 60001 7000/ 86370 333 4/000 55305 0//// 21878 3//// 60007 91005 91106=
15480 05570 80501 10249 20215 30096 40112 58002 60001 7000/ 889// 222// 06244 2//// 333 4/000 55300 00711 21247 31078 60007 91003 91104 92438=
15489 05970 51004 10265 20136 30037 40125 57004 60001 7000/ 85070 333 4/000 55301 0//// 21147 3//// 60007 91007 91110=
15491 01570 80801 10222 20181 30095 40124 57010 60031 72582 8337/ 333 55301 0//// 20982 3//// 60027 91003 91104=
15499 05570 50304 10257 20220 30099 40108 58004 60001 7000/ 83202 222// 06262 2//// 333 4/000 60007 91005 91105 92428=
15549 12570 60202 10219 20157 39717 40110 58004 60001 86200 333 10239 20203 555 568//=
15552 12570 61402 10280 20208 30055 40100 57001 60001 85830 222// 00278 10301 333 10294 20224 555 565// 92023 92428=
15640 11672 63604 10256 20151 39815 40107 58007 69901 70282 85330 333 10278 20230 555 552// 71200=
15655 12570 61108 10260 20190 30071 40102 57003 60001 82231 222// 00258 10301 333 10285 20217 555 565// 92035 92437=
15730 12670 83608 10296 20091 39725 40091 57009 60001 82247 333 10303 20235 91115 555 528//=
16627 12665 50511 10320 20112 30085 40090 58009 60001 81150 333 81835 85360 90730 91120 555 30000 10300 20284 30274 40292 50318 6//// 40000 47595 44230 50000 50198=
16650 12560 70207 10288 20143 30089 40096 58009 60001 81431 333 81630 84358 90730 91122 555 30000 10436 20356 30346 40336 50296 60286 40000 47603 44270 50000 50200=
16667 12560 33507 10292 20208 30070 40080 58013 60001 82201 333 90730 91117 555 40000 47590 44265 50000 50236=
16706 12560 30307 10280 20191 30065 40071 57009 60001 81105 333 81825 83068 90730 91117 555 40000 47578 44195 50000 50222=
16723 12560 40310 10310 20161 30055 40069 57008 60001 82201 333 82825 84068 90730 91117 555 40000 47580 44270 50000 50216=
16732 36/// /3420 10265 20202 30084 40095 57006 333 90730 91133=
16742 12460 42912 10264 20197 39927 40075 57007 60001 82141 333 82818 83068 90730 91118 555 40000 47487 44285 50000 50220=
16749 12460 52516 10278 20196 30055 40069 57008 60001 82201 333 82818 83068 90730 91120 555 40000 47580 44265 50000 50224=
16754 12560 23111 10284 20194 30063 40110 58007 60001 82200 333 90730 91114=
16757 12460 43017 10276 20206 39971 40097 57008 60001 84800 333 81818 83625 90730 91123=
16760 12460 33508 10258 20166 40109 57006 60001 83800 333 82818 83625 90730 91118=
17022 11670 53505 10255 20231 39933 40090 57014 60051 70198 83250 333 83834 85360 91107 92428=
17024 11570 60000 10258 20243 30014 40087 57004 60001 71711 84940 333 82928 84832 86360 91105 92428=
17026 12570 30105 10312 20229 30057 40093 57008 60001 83200 333 83830 91110 92428=
17031 12670 43609 10285 20219 30082 40088 57009 60001 84100 333 84834 91116=
17034 12670 73202 10276 20220 30056 40099 57005 60001 83250 333 83835 87360 91107 92428=
17038 12470 43306 10269 20224 30042 40087 57006 60001 84100 333 83716 84833 91110 92428=
17042 12670 42902 10280 20220 30055 40092 57007 60001 82130 333 82835 84360 91106 92428=
17050 12670 50103 10321 20117 30042 40100 57017 60001 83230 333 83835 85360 91111=
17056 11565 72703 10224 20190 30094 40098 55001 60011 79582 84970 333 81928 84830 87358 91122 92427=
17060 11570 60608 10275 20187 30052 40098 57013 60021 70298 84250 333 84825 86358 91123=
17070 11665 50707 10260 20154 39246 40063 57019 69901 70282 83250 333 83834 85360 91112=
17074 12570 70000 10258 20200 39191 40070 57014 60001 84250 333 84830 87360 91107=
17084 12670 20805 10307 20147 39205 40049 57018 60001 82200 333 82840 91113=
17085 12670 20606 10330 20151 39590 40045 57022 60001 82100 333 82840 91114=
17092 12870 22302 10322 20080 38791 48448 57018 60001 82030 333 82358 91110=
17096 12660 40611 10287 20088 38216 48462 57013 60001 84100 333 84840 91127=
17098 12860 10508 10267 20102 38196 48485 57011 60001 81030 333 81358 91121=
17100 12970 20703 10325 20101 39130 40049 57021 60001 80008 333 82268 91109=
17112 11570 60405 10280 20209 30085 40087 57013 60041 70282 84270 333 84830 86358 91113 92418=
17115 12560 50115 10276 20201 30041 40089 57011 60001 85200 333 85830 91121=
17116 12670 61103 10286 20190 39960 40074 57017 60001 84250 333 84836 86359 91108=
17124 12660 62404 10274 20118 39194 40056 57018 60001 84230 333 84840 85360 91109=
17128 12570 62206 10283 20094 39015 40038 57020 60001 86900 333 82925 85835 91115=
17135 12670 30903 10301 20124 39219 40032 57019 60001 83100 333 83840 91110=
17140 12665 43604 10278 20096 38662 48461 57011 60001 84200 333 84835 91111=
17150 12660 43613 10296 20177 39951 40067 57017 60001 84200 333 84835 91120=
17160 12670 52503 10309 20091 38947 48456 57019 60001 85200 333 85836 91110=
17170 12660 12507 10259 20154 38315 48476 55003 60001 81100 333 81840 91119=
17175 12665 33005 10298 20189 30062 40066 57014 60001 83100 333 83840 91109 92437=
17184 12670 33102 10329 20139 39948 40052 57025 60001 83300 333 83936 91108=
17190 12570 40702 10275 20110 38922 48452 57022 60001 84300 333 81930 83835 91109=
17190 12570 40702 10275 20110 38922 48452 57022 60001 84300 333 81930 83835 91109=
17195 12570 52804 10309 20062 38895 48449 57021 60001 85300 333 81930 84840 91111=
17200 12660 21304 10346 20087 39101 40010 57015 60001 82100 333 82840 91114=
17202 12670 41510 10361 20030 39050 40005 57012 60001 82101 333 82835 83070 91118=
17203 12970 01705 10336 20060 38818 48499 57006 60001 333 91015 91115=
17210 12970 02305 10361 20054 39067 40007 58005 60001=
17219 12565 43518 10304 20156 39929 40065 57015 60001 83201 333 83830 84070 91124=
17234 12670 62104 10318 20184 39994 40058 57018 60001 84201 333 84840 86070 91111=
17237 12670 63501 10305 20161 39572 40042 57021 60001 84250 333 84835 86360 91105=
17240 11560 72012 10248 20149 38974 40057 55007 69901 79511 86950 333 82927 84830 87360 91029 91129=
17244 12670 53607 10271 20126 38933 48461 57018 60001 84250 333 84840 85360 91114=
17248 12670 42402 10293 20113 38913 48455 57019 60001 84200 333 84840 91111=
17250 12670 41203 10288 20107 38744 48456 57016 60001 84200 333 84840 91110=
17260 12660 32309 10331 20150 39245 49997 57008 60001 83100 333 83840 91120=
17270 12970 01305 10338 20170 39431 40026 57010 60001 333 91112=
17275 12970 01807 10315 20120 38934 48491 58005 60001 333 91116=
17280 12960 02011 10364 20105 39295 40019 56001 60001 333 91121=
17290 12970 32106 10304 20167 30043 40073 57010 60001 80008 333 83270 91111 92428=
17292 11570 73302 10236 20149 39339 40053 56005 60001 71711 84970 333 81927 83830 87359 91109=
17300 12560 71908 10288 20224 30002 40069 57003 60001 87900 333 82920 85830 91115=
17310 12670 51403 10320 20245 30051 40058 57005 60001 85200 333 85833 91111 92438=
17330 12670 22404 10331 20218 30045 40062 57008 60001 82100 333 82840 91114=
17350 11660 42116 10327 20207 39975 40048 57007 69901 70281 84200 333 84835=
17370 12670 42508 10311 20229 30071 40075 57002 60001 84900 333 81935 83835 91116 92438=
17375 11570 51701 10282 20168 30062 40064 53007 60001 71791 85900 333 81927 84830 91111 92428=
33088 32997 21003 10306 20095 30002 40178 58016 82072 555 1/049=
33135 32998 80603 10305 20137 30052 40188 58007 80005 555 1/040=
33177 32998 50402 10267 20160 39963 40184 58012 80001 555 1/044=
33317 32998 60104 10296 20121 39855 40165 58016 83071 555 1/050=
33393 32960 53402 10276 20153 39811 40174 58013 80001=
33415 32698 70602 10291 20084 39802 40170 57007 82971 555 1/034=
33429 32997 60204 10302 20107 39766 40154 57013 85031 555 1/050=
33466 32998 80904 10285 20098 30002 40176 54000 85035 555 10035=
33506 32997 70803 10300 20064 30000 40181 56004 85039 555 1/040=
33562 32760 61103 10332 20116 39874 40151 57013 83101 555 1/053=
33587 32998 61203 10315 20099 39910 40151 58007 80001 555 1/050=
33658 32984 33005 10285 20124 39878 40155 57019 83030 555 1/043=
33663 32698 50403 10337 20058 30051 40138 57020 83201 555 1/049=
33664 42998 50604 10323 20024 39845 40134 57017 80001=
33678 42598 62805 10335 20057 39950 40147 57016 83101=
33679 42697 60905 10332 20073 39965 40138 57007 83131=
33711 32660 70708 10300 20062 39960 40153 58006 82330 333 82940 555 1/040=
33745 42597 60704 10329 20052 39956 40142 57022 83931 555   10050=
33748 42597 60704 10322 20083 39862 40121 57015 82101=
33754 42698 60405 10334 20092 39999 40132 56009 82102=
33761 31470 70905 10273 20097 39947 40154 53008 78022 83371 555 1/032=
33791 32981 60907 10321 20102 30024 40141 56012 86030 555 1/042=
33815 42598 60705 10307 20052 39928 40119 57011 82109 555   10049=
33837 32580 80202 10276 20143 30075 40123 57001 82264 555 1/038=
33881 42998 30204 10335 20074 39938 40117 58014 82032=
33883 42598 50405 10320 20091 39965 40115 57011 83802 555   10046=
33885 42698 30306 10312 20065 39992 40123 57019 83100 333   91112=
33892 42998 60607 10270 20124 39932 40127 52001 86030=
33902 32597 50805 10318 20122 30062 40116 57008 83150 555 1/045=
33924 42598 50406 10277 20208 30094 40106 57010 85200 333 91010 91110=
33946 41681 20506 10314 20173 39890 40091 58008 71790 82300 333 82936 91110=
33983 42997 20607 10302 20145 30051 40106 58006 82030 333 91011 91111=
34300 32997 61104 10310 20047 30034 40197 58010 84081 555 1/052=
34336 42998 20805 10284 20009 30127 40223 57012 80001 333 91010 91111=
34344 82998 20804 10294 20043 30136 40217 58012 80001 333 91112=
34356 82997 01104 10294 21007 30086 40222 57011 333 91112=
34357 82998 20805 10288 20026 30070 40213 57014 80001 333 91112=
34398 41998 21105 10288 20037 30238 40247 57004 70230 80001 555 10042=
34415 32670 61104 10312 20040 30096 40185 57012 82104 555 1/046=
34438 82/// /0706 10292 20041 30024 40201 57010 333 91011 91113=
34445 82998 10706 10291 20019 30105 40210 57015 80001 333 91010 91113=
34461 82997 50904 10307 21005 30164 40215 57012 80001 333 91010 91113=
34473 42997 31207 10301 20082 30196 40232 57004 80001 333 91116 555 10044=
34476 82998 71005 10308 20022 30220 40227 57004 80004 333 91112=
34504 32969 61007 10305 20096 39996 40156 58014 86030=
34535 82998 20807 10301 20005 30122 40188 57014 82030 333 91011 91113=
34545 82998 60704 10295 20023 30089 40192 57012 80031 333 91111=
34555 82998 50706 10283 20119 30117 40201 58013 82031 333 91110=
34560 42997 51109 10309 20046 30032 40206 57008 80001 333 91010 91114=
34578 82997 80906 10320 20064 30193 40200 57006 8803/ 333 91012 91113=
34579 82998 60705 10314 20049 30169 40210 57005 83031 333 91010 91113=
34644 82597 30706 10324 20021 30100 40170 58015 82802 333 91010 91113=
34646 82998 80504 10281 20120 30099 40175 57015 85082 333 91111=
34655 82597 60608 10335 20022 30121 40176 57012 84230 333 91013 91119=
34662 81998 80805 10324 20055 30180 40190 57011 70722 80082 333 91010 91112=
34691 41998 30908 10311 20017 30236 40225 53001 70730 80002 555 10042=
34720 82998 20804 10311 20089 30121 40157 57011 82080 333 91112=
34727 82597 50907 10322 20070 30116 40144 58008 84401 333 91014 91117=
34743 82597 70805 10314 20025 30085 40167 57010 81930 333 91113=
34759 81597 70708 10331 20087 30031 40149 57015 70732 83534 333 91013 91114=
34772 81996 30809 10327 20082 30182 40185 57003 73133 80001 333 91015 91116=
34785 81997 81011 10304 20070 30222 40201 53005 70711 80005 333 91015 91118=
34798 41996 00715 10294 20124 30240 40212 52006 73133 333 91015 91117 555 10044=
34824 82597 61006 10321 20092 30116 40121 57010 85430 333 91011 91115=
34838 42997 30706 10301 20030 30047 40135 58007 82079 333 91014 91114=
34845 81598 80502 10264 20089 30045 40145 58012 72582 8536/=
34858 42997 71003 10318 20042 30044 40142 58010 87070 333 91110=
34861 81697 61308 10324 20016 39925 40145 57009 70722 82139 333 91013 91115=
34866 81796 71007 10320 20083 30166 40158 54000 73132 83904 333 91015 91115=
34880 81997 70905 10278 20153 30217 40192 52008 70711 86031 333 91010 91111=
34887 81998 80505 10276 20159 30196 40178 51006 70711 8807/ 333 91012 91113=
34949 81998 00509 10292 20061 39620 40120 57016 70181 333 91013 91114=
34954 81598 20703 10321 20042 39972 40130 58017 70291 82100 333 91010 91111=
34958 42998 01004 10322 20070 39948 40129 57014 333 91011 91111=
34975 41597 61107 10325 20101 30151 40147 57004 70721 86554 333 91014 91114=
34984 81697 70508 10271 20164 30194 40166 54000 70711 83972 333 91014 91114=
35217 42997 00000 10273 20067 30232 40269 57005 555 10043=
35302 42998 00903 10280 20053 30244 40263 57007 555 10041=
35315 42998 00601 10270 20059 30216 40268 58007 555 10039=
35344 42699 20105 10200 20036 30016 40287 56001 82100 555 10030=
35345 46/// /0204 10194 20009 39982 40287 50000=
35358 42997 03602 10196 20025 30116 40277 52008 555 10029=
35368 42999 00107 10185 20048 30013 40264 53004 555 10028=
35386 42598 53506 10120 20041 39732 40230 52011 85400 555 10016=
35394 41498 63004 10096 20069 39565 40217 52013 72522 86930 555 11013=
35404 42998 01606 10295 20055 30243 40250 57003 555 10044=
35406 42997 00904 10285 20054 30254 40256 57004 555 10044=
35416 42998 01905 10271 20017 30153 40265 57005 555 10044=
35426 42999 00000 10251 20043 30000 40270 58002 555 10042=
35437 42698 20804 10236 20035 39981 40272 54000 82100 555 10035=
35497 42598 33205 10120 21004 39449 40212 52017 83900 555 10018=
35498 42598 33403 10120 20000 39363 40201 52014 84900 555 10013=
35514 42998 00705 10284 20019 30257 40253 57006 555 10042=
35519 42998 01103 10280 20115 30195 40261 57005 555 10039=
35522 42998 01105 10253 20061 30030 40263 58003 555 10046=
35542 42999 20703 10214 20009 30141 40279 52001 80001 555 10035=
35563 42598 13504 10154 21007 39513 40242 52008 81100 555 10027=
35576 42698 23407 10168 20004 39806 40230 52009 82200 555 10029=
35582 42698 33211 10140 20024 39649 40219 52011 83200 333 91117 555 10023=
35594 42699 33306 10126 21018 39406 40204 52016 83200 555 10020=
35605 42998 50808 10279 20011 30256 40236 58005 80004 555 10040=
35633 42998 00605 10232 20012 30068 40267 58001 555 10034=
35671 42998 20204 10194 20008 39829 40231 52006 80001 555 10023=
35699 42697 63203 10168 20021 39460 40166 52015 84380 555 10022=
35700 42998 31210 10298 20015 30253 40231 58006 80001 333 91115 555 10041=
35715 42999 11107 10293 20019 30253 40240 57005 80001 555 10042=
35739 42999 00506 10248 20029 30121 40250 58004 555 18040=
35746 42998 00306 10239 20034 30188 40250 58001 555 10032=
35777 42597 53605 10218 20073 39891 40210 57007 85500 555 10020=
35796 42697 53404 10220 20187 39754 40152 52009 85100 555 10028=
35816 46/// /1006 10296 20003 30239 40250 56006=
35849 42998 00204 10248 20034 30155 40235 57006 555 11032=
35895 42598 53603 10210 20060 39762 40172 52010 85200 555 10026=
35907 42998 60611 10314 20163 30201 40173 58003 80009=
35925 42998 31106 10282 20002 30128 40230 58003 80002 555 10040=
35927 41998 30907 10299 20026 30217 58004 70230 80002=
35953 42999 00112 10254 20018 30103 40222 52002 333 91015 91117 555 10034=
35969 42999 00201 10251 20027 30054 40213 54000 555 10037=
35997 42598 40502 10228 20082 39759 40157 52004 82360 555 10032=
36259 62599 83007 10129 20040 38187 48444 52006 60002 86902 333 10202 91011 91115=
36335 41599 62704 10098 20024 39217 40195 52007 70282 86500 555 11013=
36358 41599 73402 10098 20067 39210 40179 52013 70282 87300 555 11015=
36394 41597 73603 10161 20129 39749 40142 53005 70282 87300=
36397 41699 33402 10158 20092 39613 40139 52005 70282 83400 555 11018=
36403 41598 72503 10152 20127 39793 40129 52005 78082 87900 555 11018=
36418 41699 63404 10176 20105 39541 40108 52023 70298 82933 555 10020=
36421 41599 72502 10169 20125 39586 40107 52026 70298 86901 555 11022=
36428 41698 71001 10158 20114 39655 40120 53049 71598 87900 333 91120 95050 555 11019=
36439 41498 82606 10124 20108 38926 48480 53026 72998 889// 333 91122 555 11016=
36467 42699 63205 10138 20013 39279 40168 52007 86500 555 10020=
36498 42598 63202 10161 20066 39405 40141 52005 85330 555 11019=
36501 42699 73204 10135 20101 39449 40155 52013 87500 555 11016=
36535 42599 73207 10151 20036 39548 40138 52022 86330 555 10020=
36546 42699 73105 10210 20110 39608 40099 53022 85341 555 10027=
36619 41599 53204 10215 20057 70232 83350 555 10030=
36622 42598 53102 10161 20104 39389 40135 52007 83340 555 11021=
36639 42599 52702 10240 20071 39545 40092 52018 83530 555 10030=
36643 41599 63208 10182 20095 39512 40122 52018 70181 86900 555 10022=
36665 41699 72909 10203 20127 39429 40090 53024 70282 87900 333 91118 555 11020=
36666 41599 72902 10214 20090 39654 40102 53039 72582 86970=
36729 42598 72905 10251 20082 39658 40092 52012 87900 555 10029=
36736 42599 72906 10265 20056 39592 40088 53007 85950 555 10029=
36744 42998 03304 10228 20064 39744 40156 52013 555 10032=
36770 42598 72302 10242 20100 39466 40125 52015 87900 555 10027=
36786 41699 82703 10228 20109 39272 40107 52010 71792 889//=
36796 42598 52301 10208 20067 39001 48503 53006 85900=
36803 42599 63512 10244 20130 39703 40109 53022 86900 333 91115=
36806 42599 62801 10227 20042 39675 40102 58002 86900=
36819 42598 82510 10258 20049 39580 40135 53011 82944=
36821 42599 23305 10249 20068 39701 40147 52019 82902=
36839 42599 83003 10218 20088 39089 40123 52013 83981=
36843 41698 81601 10206 20128 39055 40135 52019 70282 83932=
36846 42699 83206 10173 20081 38632 48527 52021 87902=
36859 42598 62204 10263 20085 39381 40085 53004 86900 333 91115 555 10029=
36870 42597 80501 10222 20111 39204 40134 52011 8697/ 555 10024=
36874 42599 82702 10256 20081 39424 40129 52009 889//=
36877 42699 80000 10277 20083 39250 40131 52009 889//=
36885 42599 82004 10206 20099 39104 40147 52015 8495/=
36889 42499 80000 10030 20020 37122 47149 52008 886//=
36894 42599 72302 10252 20090 39456 40128 52015 83970=
36905 42999 72903 10217 20034 38752 48526 53019 87030=
36911 42998 70000 10240 20117 39248 40144 52009 8807/ 555 10031=
36927 42699 32720 10196 20051 38337 48495 53006 82150 333 91124=
36934 42599 20401 10207 20115 38252 48364 53001 82230=
36953 41699 43105 10210 20044 38205 48508 53008 70382 82202 555 1/024=
36963 42799 22902 10139 21041 37085 48/// 53003 82500 555 10021=
36974 42798 22702 10240 20080 37974 48476 57005 82200 555 10028=
36982 42599 12706 10111 21064 36588 47141 53006 81100=
37018 82998 00102 10339 20138 30014 40082 57016=
37031 82997 00505 10306 20095 39937 40115 57011 333 91012 91113=
37054 82998 00805 10321 20092 39762 40110 58015 333 91011 91112=
37061 81597 20806 10334 20062 39969 40122 58021 70711 82500 333 91012 91111=
37085 82598 30811 10313 20134 30160 40135 57008 82230 333 91015 91115=
37171 42998 53204 10298 20168 30068 40085 57008 85030=
37228 82597 63102 10258 20154 39335 40104 57004 86800=
37235 82998 00401 10319 20136 39814 40101 57012=
37472 82997 21303 10276 20232 30143 40123 57005 80001=
38149 42998 50405 10292 20032 30147 40218 53007 80002 555 10043=
38262 42998 30303 10284 20036 30133 40208 58003 80002 555 10044=
38264 42998 23607 10282 20021 30111 40198 57006 80001 555 10037=
38345 42999 02603 10225 20081 38822 48537 53006 555 10033=
38353 42597 82602 10241 20084 39315 40149 52006 889//=
38388 42998 00504 10356 20109 30093 40157 56006 555 18047=
38392 42997 20508 10312 20068 30089 40184 58007 82030 555 10041=
38396 42997 10207 10296 20045 30069 40184 58007 80001 555 10044=
38403 42997 03605 10316 20085 30053 40163 58004 555 10047=
38413 42998 00305 10304 21022 39898 40165 58006 555 10042=
38457 42999 03004 10311 20032 39580 40116 57008 555 10041=
38462 42999 02303 10272 20030 38762 48523 53003 555 10038=
38462 42999 02303 10272 20030 38762 48523 53003 555 10038=
38507 42998 01705 10370 21012 30050 40143 58005 555 10052=
38545 42998 03506 10306 20098 39995 40156 57001 555 10043=
38565 32998 03603 10300 20109 39571 40143 56007 555 10040=
38579 32999 03204 10314 20067 39740 40121 57008 555 10042=
38583 32997 02904 10323 20086 39830 40122 57007 555 10045=
38599 42998 02708 10320 20002 39642 40111 56004=
38611 42997 01802 10323 20083 39576 40085 57012 555 10045=
38613 42999 01402 10294 20062 39273 40097 57005 555 10042=
38616 42599 12701 10287 20062 39172 40100 57011 81500=
38618 42997 02901 10322 20100 39460 40084 57010 555 10040=
38647 42998 01005 10378 21017 30079 40117 57013 555 10049=
38656 42998 00904 10370 21000 30044 40143 57008 555 10051=
38683 42997 03607 10323 20074 39872 40123 57007 555 10044=
38687 42997 00506 10331 20048 39914 40128 57008 555 10043=
38696 32999 00203 10298 20100 39315 40098 57007 555 10040=
38713 42998 03602 10270 20077 39043 48540 58002=
38750 42997 02905 10323 20246 30169 40143 54000 555 10046=
38763 42999 01005 10375 20050 30032 40126 57015 555 10050=
38774 42998 01104 10371 20055 39959 40135 57010 555 10050=
38799 42997 00205 10360 20025 39912 40122 53001 555 10044=
38806 42997 03206 10344 20122 39852 40087 57011 555 10042=
38812 42997 03508 10342 20061 39667 40076 58019 555 10046=
38836 42999 00902 10328 20130 39158 40000 53023=
38880 42997 01207 10362 20022 39899 40130 57008 555 10052=
38886 42997 00402 10368 20076 39930 40136 57002 555 10048=
38895 42996 00703 10352 20084 39857 40119 57006 555 10048=
38911 42998 03405 10344 20071 39830 40096 57005 555 10047=
38915 42997 02705 10365 20094 39792 40083 57012 555 10048=
38927 32960 03003 10360 20032 39726 40064 57017 555 10048=
38933 32998 02002 10345 20218 39609 40069 57021=
38944 42998 01803 10349 20090 39519 40000 57016=
38954 42899 30000 10309 20025 37908 48430 53002 82100=
38974 42998 03204 10361 20074 39802 40103 57007 555 10062=
38987 42996 00205 10338 20034 39404 40077 57012 555 10042=
40030 32570 22704 10326 20139 40088 56002 82500 333 82630=
40080 32965 02209 10342 20064 39391 4//// 57017=
40100 43970 12311 10310 20211 30095 40110 56002 6///1 333 58///=
40180 12560 22807 10315 20192 30050 40096 57004 60001 82100 333 70000=
40199 129// /0505 10385 20124 30057 40080 57020 60001 333 70000=
40270 31556 52712 10286 20161 39240 40095 57004 70500 85100 333 85825=
40272 31550 52915 10292 20165 39306 40092 57002 70511 85200 333 85835=
40340 32960 23606 10376 20119 30027 40088 57019 82030 333 82360=
40356 32960 02608 10320 20070 39143 48490 333 58011 555 04410 50064=
40357 32960 03305 10375 20030 39452 40044 333 58013=
40360 32960 03010 10347 20080 39512 40070 333 58003=
40361 32960 02414 10349 20040 39340 40079 333 58013=
40362 32960 03306 10392 20030 39560 40039 333 58008=
40373 32960 03310 10416 20030 39645 40032 333 58013=
40375 32960 02404 10348 20070 39235 40043 333 58006=
40394 32960 00310 10368 20090 38990 48501 333 58009 555 04410 50040=
40394 32960 00310 10368 20090 38990 48501 333 58009 555 04410 50040=
40400 32960 03018 10349 20240 30024 40051 333 59009=
40405 32960 03510 10399 20060 39344 40023 333 58010=
40417 32960 00116 10409 20180 30002 40016 333 58012=
40420 32960 10116 10438 20090 39814 40003 80009 333 58007 81170=
40430 32660 43007 10411 20080 39338 40021 84200 333 59006 84835=
40437 32960 00108 10400 20020 39374 40030 333 58014=
40439 32560 42415 10420 20210 30009 40027 82230 333 59010 82830=
40582 32960 03611 10434 20103 40023 57010 333 00051 55310 00768 10000 22371 30826 41387 51912 63197 55407 41545 90400 91017 91127 91213 91309=
40703 12960 00000 10330 20077 38864 40031 57019 60001 333 70000 555 10183 29021=
40706 12962 02604 10347 20022 38619 40030 57010 60001 333 70000 555 10170 29013=
40712 12960 03603 10314 20078 38634 40031 57019 60001 333 70000 555 10176 29023=
40713 12964 02403 10356 20071 38620 40004 57013 60001 333 70000 555 10188 29017=
40718 12960 00704 10303 20193 30154 40127 57008 60001 222// 0//// 20301 333 70000 555 10231 29052=
40723 12970 00905 10312 21035 38955 40124 55005 60001 333 70000 555 10146 29010=
40726 12960 00104 10330 20081 38616 40023 57015 60001 333 70000 555 10182 29021=
40727 12965 01504 10359 20042 38448 40008 57013 60001 333 70000 555 10179 29014=
40732 12560 31103 10298 20225 30141 40118 57007 60001 83200 333 70000 83823 555 10248 29065=
40736 12960 00501 10326 20211 30156 40132 57004 60001 333 70000 555 10248 29051=
40737 12960 03604 10322 20187 30104 40121 55003 60001 333 70000 555 10234 29045=
40738 12960 00000 10355 20176 30131 40133 56012 60001 333 70000 555 10239 29035=
40739 12965 00705 10297 21007 38693 40100 57008 60001 333 70000 555 10145 29014=
40741 12960 00403 10368 20071 39798 40109 56012 60001 333 70000 555 10199 29016=
40743 12970 00905 10336 21052 39043 40081 57014 60001 333 70000 555 10153 29008=
40745 12965 00809 10306 20089 39039 40120 55001 60001 333 70000 555 10179 29026=
40747 12960 02303 10381 21037 38590 49995 56020 60001 333 70000 555 10169 29007=
40754 12965 01804 10331 21026 38811 40061 57014 60001 333 70000 555 10154 29010=
40762 12965 00204 10288 21004 38553 40077 56005 60001 333 70000 555 10140 29015=
40766 12970 02007 10393 21152 38644 40005 57011 60001 333 70000 555 10159 29003=
40768 12960 00403 10355 21038 38243 40019 57012 60001 333 70000 555 10156 29008=
40769 12960 00705 10341 20006 38295 40024 57009 60001 333 70000 555 10161 29012=
40780 12960 02103 10362 20073 38645 40023 56004 60001 333 70000 555 10191 29017=
40782 12960 03203 10396 20036 38806 40011 56007 60001 333 70000 555 10192 29011=
40785 12960 00000 10384 21079 39038 40048 57032 60001 333 70000 555 10167 29005=
40791 12962 03603 10394 21048 39278 40039 57015 60001 333 70000 555 10177 29006=
40792 12962 00305 10331 21020 38689 40047 56012 60001 333 70000 555 10154 29010=
40798 12960 00504 10326 21104 37969 40035 56011 60001 333 70000 555 10132 29006=
40800 12960 01004 10360 21035 38449 40035 57014 60001 333 70000 555 10161 29008=
40809 12960 03507 10334 21091 38462 40017 55011 60001 333 70000 555 10142 29006=
40811 12960 02802 10447 20122 39983 40007 57012 60001 333 70000 555 10243 29015=
40812 12960 02403 10424 20122 39663 40007 57007 60001 333 70000 555 10234 29017=
40818 12962 03606 10315 21068 37977 40016 55008 60001 333 70000 555 10133 29008=
40821 12965 03104 10362 21018 38756 40037 57015 60001 333 70000 555 10167 29009=
40829 12960 03510 10400 20030 39490 40015 56014 60001 333 70000 555 10197 29010=
40831 12960 03007 10433 20110 30019 40026 57011 60001 333 70000 555 10235 29015=
40833 12960 03105 10449 20132 39989 40018 57008 60001 333 70000 555 10247 29016=
40835 11956 02806 10394 20145 39248 40016 56006 60001 70500 333 70000 555 10232 29023=
40841 12965 03607 10324 21030 38224 40027 55014 60001 333 70000 555 10146 29010=
40845 12960 03105 10373 20228 30019 40024 57008 60001 333 70000 555 10271 29044=
40848 12660 11502 10368 20030 38477 49990 56015 60001 81100 333 70000 81840 555 10178 29012=
40851 12960 03105 10330 20027 38240 40011 57015 60001 333 70000 555 10162 29015=
40854 12960 30103 10378 21112 38889 40005 55008 60001 83070 333 70000 83360 555 10160 29004=
40856 11658 20405 10327 20057 38599 40021 57011 60001 70610 81472 333 70000 81640 555 10173 29018=
40859 12660 13310 10382 21025 38645 49994 57015 60001 81100 333 70003 81840 555 10172 29008=
40875 11950 01905 10347 20260 30006 40017 57020 60001 70500 333 70000 555 10284 29061=
40879 11956 62304 10394 20119 39358 49981 56016 60001 70522 83076 333 70000 83360 84270 555 10222 29019=
40882 11956 01603 10360 20242 39977 40010 57019 60001 70500 333 70000 555 10276 29051=
40883 11930 11904 10364 20276 39987 40009 56016 60001 70500 81050 333 70000 81360 555 10299 29061=
40893 11956 02405 10317 20260 30013 40019 55013 60001 70500 222// 00300 20502 333 70000 555 10276 29072=
40898 11556 71606 10304 20258 30000 40009 55005 60001 70522 82270 222// 00306 20802 333 70000 82825 86359 555 10271 29076=
41024 32660 42912 10366 20260 30007 40031 82530 333 59007 82640=
41036 12560 40706 10338 20050 38539 48490 60174 84200 333 59003 84830 555 04410 50034=
41055 32560 43623 10321 20030 38334 48474 85300 333 59007 81925 84630 555 04410 50029=
41061 32960 01010 10422 20000 39342 49999 333 58007=
41084 32560 30506 10374 20000 38791 48462 83200 333 59005 83830 555 04410 59983=
41112 32560 61512 10258 20110 37924 48474 86300 333 59006 85620 81922 555 04410 50020=
41114 32560 60416 10270 21010 37956 48473 86300 333 59007 85622 81925 555 04410 50015=
41128 31558 41010 10380 20010 38747 48466 70633 84400 333 59003 84630 555 04410 50002=
41136 32660 32105 10425 20050 39231 49991 83400 333 59005 83640=
41140 11559 71604 10271 20200 30064 40072 60102 79593 88900 333 58051 85625 83930=
41150 32962 30210 10359 20260 40020 83030 333 58012 83368=
41176 34/58 /0609 10371 20261 39999 40005 333 58015=
41184 31958 03512 10394 20186 40011 70600 333 58019=
41194 12960 03613 10382 20249 39997 40002 60001 333 58023=
41196 12960 13611 10386 20229 39970 40008 60001 80001 333 58021 81080=
41216 32960 03408 10404 20194 39996 40000 333 58022=
41217 32960 01105 10422 20144 39967 49995 333 58022=
41255 36/// /1804 10388 20159 39495 49969 333 0E029 58023 =
41256 32560 20616 10319 20236 30005 40022 82500 333 58033 55407 55408 55507 55508 82625=
41258 06/// /1013 10298 20250 30022 40026 60012 333 0E/// 55310 22529 58029 70014=
41267 36/// /3221 10300 20252 30010 40022 333 0E030 58008 =
41268 36/// /3521 10323 20229 39964 40009 333 0E031 55300 25022 58006=
41275 36/// /1309 10395 20180 39851 40009 333 0E025 55300 22528 58025 =
41316 02460 81908 10271 20250 39999 40028 69962 886// 91145 333 59003 55407 55408 55507 55508 70018 83712 88625=
41396 12662 43404 10393 20123 39318 49988 60002 81130 333 58006 81840 84359=
41397 83414 10170 20153 40274 51/// 70211 897// 22224 06150 20602 80160=
41398 13015 10080 20058 40190 5//// 702// 811// 22200 00080 2//// 30000 80070=
41480 12960 02514 10327 20223 30044 40052 60002 333 58034=
41497 21205 10292 20253 40058 52005 70200 81242 22243 04290 20302 31813 40904 50702=
41498 60306 10300 20274 40030 57010 70100 85462 22263 00270 20200 331// 40601 80280=
41506 02697 71802 10260 20171 38452 48450 60002 83520 333 10294 56990 59045 60007 83640 84460=
41508 02697 32302 10289 20219 38605 48484 60002 83200 333 10340 56900 59016 60007 83835=
41515 02697 62704 10282 20135 38516 48480 60002 83520 333 10312 56990 59009 60007 83650 83458=
41523 02697 12703 10335 20206 39012 48472 60002 81400 333 10345 56900 59008 60007 81840=
41535 02997 20902 10280 20223 38664 48445 60002 82030 333 10304 56090 59002 82360=
41536 02997 00000 10310 20233 38958 48462 60002 333 10335 59009 60007=
41560 02997 02306 10320 20184 38269 48477 60002 333 10330 58000 60007=
41571 11696 31806 10335 20231 39466 40010 60002 70500 83800 333 10342 56900 59007=
41598 02697 20000 10350 20283 39750 40005 60001 83100 333 10360 56900 59010 60007 83835=
41600 01696 60000 10350 20268 39740 40016 60002 70422 83520 333 10350 56990 58002 60007 83637 83460=
41620 32696 80906 10335 20139 38504 48409 60002 86510 333 10340 56990 59011 60007 86640 82460=
41624 02997 00502 10375 20274 39819 40005 60002 333 10385 59017 60007=
41630 01696 42304 10350 20268 40017 60002 70400 84400 333 10360 56900 59013 60007 84640=
41640 01696 50000 10350 20245 39778 40012 60002 70422 83430 333 10355 56990 59001 60007 83440 83360=
41660 02697 71316 10300 20140 38377 48459 60002 85930 333 10315 56990 59017 60007 81930 84840 85358=
41678 01996 30000 10370 20244 40014 60002 70500 83020 333 10380 56090 59019 60007 83460=
41696 02697 40000 10280 20142 37987 48481 60002 84500 333 10290 56900 58010 60007 84640=
41697 02997 00000 10370 20228 39872 40016 60002 333 10380 59022 60007=
41700 01996 02306 10360 20249 39884 40004 60002 70400 333 10370 59021 60007=
41710 12997 23104 10400 20054 39260 49964 60002 80001 333 10405 56009 59004 82070=
41712 12697 41302 10390 20167 39089 48459 60002 84500 333 10400 56900 59009 84640=
41715 01996 01302 10345 20263 39961 40022 60002 70500 333 10355 59019 60007=
41718 01996 02306 10360 20249 39912 40009 60002 70400 333 10370 59038 60007=
41725 12996 02304 10355 20235 39941 40015 60002 333 10365 59020=
41739 02696 30906 10350 20104 38953 48446 60002 83500 333 10355 56900 58008 60007 83635=
41744 12996 00000 10290 20052 38718 48455 60002 333 10310 59010=
41749 02696 31808 10340 20257 30000 40033 60002 83500 333 10345 56900 58002 60007 83635=
41756 01996 50912 10310 20254 39956 40019 60002 70500 85030 333 10320 56090 58010 60007 85358=
41759 01695 60908 10290 20262 30016 40021 60002 71010 82510 333 10310 56990 58005 60007 82640 84460=
41764 02696 41304 10325 20255 39982 40030 60002 84500 333 10330 56900 59009 60007 84635=
41768 02696 12302 10340 20265 30022 40029 60001 81500 333 10352 56900 59007 60007 81635=
41780 02596 61802 10300 20258 30010 40037 60002 86600 333 10326 56900 58002 60007 83720 85630=
41785 22597 42302 10320 20265 30031 40044 60002 84800 333 10325 56900 58001 60007 84835=
41859 11950 50502 10306 20270 30016 40052 69926 70162 85030 333 10320 56090 58018 70076 85362=
41883 32456 60902 10302 20260 30028 40048 82530 333 10326 56290 58018 70000 82616 86362=
41891 11440 63503 10286 20260 30014 40052 69901 70562 83340 333 10313 56990 58014 70032 83615 81930 85365=
41907 32450 60502 10308 20270 30029 40043 83830 333 10322 56390 58018 70000 82615 83362=
41923 32340 80000 10310 20260 30037 40047 8632/ 333 10326 56999 58011 70006 82709 84615 81930 88458=
41936 11320 61908 10290 20260 30031 40038 60074 76096 84630 333 10342 56990 58013 70090 82708 83615 85362=
41943 32445 41901 10315 20250 30039 40046 82501 333 10338 56409 58007 70012 82616 83082=
41950 11450 60000 10290 20280 30044 40046 60042 72162 85301 333 10330 56309 58012 70122 84616 81928 83080=
41978 32559 62405 10310 20250 30044 40050 82301 333 10330 56909 58010 70000 82828 81930 85080=
41992 31430 61806 10295 20270 30055 40057 70522 83530 333 10330 56990 58005 70000 83616 86362=
41997 22405 10280 20253 40066 56070 70100 81/// 22212 80260=
42001 01121 99259 70897 46/// /1705 10296 20278 30094 40097 91140 22200 00308 333 91206 555 11049 22052 8//05 91132=
42027 32696 10000 10278 20188 38367 48445 81100 333 10289 59030=
42044 32596 20501 10264 20182 38240 48463 82100 333 10289 59028=
42045 32596 40000 10274 20203 38272 48388 84400 333 10314 59018=
42056 32696 32704 10330 20259 39593 83500 333 10343 59009 83635=
42071 31596 22903 10342 20301 40013 71000 82100 333 10353 59012 82830=
42097 01121 99257 70837 46/// ///// 1//// 91156 22200 00300 10401 20401 70005=
42101 32696 20000 10340 20297 40021 82500 333 10359 59003 82635=
42111 21595 70503 10294 20253 39340 40007 71096 85830 333 10346 58007 6011/ 84618 85830 87360=
42123 32596 32301 10348 20262 40014 83500 333 10372 59011 83630=
42131 32696 50000 10314 20267 40020 85400 333 10350 59007=
42165 32696 20000 10366 20235 40003 82100 333 10370 59026 82840=
42182 31696 40000 10352 20263 40009 70521 82530 333 10363 59004 82635 83360=
42189 21595 80000 10292 20264 40029 70596 8582/ 333 10344 58016 6008/ 84620 88460=
42309 31496 41402 10322 20278 40039 71000 82850 333 10356 59002=
42314 32596 49902 10320 20270 40032 82130 333 10350 59004 82825 83360=
42328 32596 63204 10346 20238 40000 86800 333 10363 59006 83630 85835=
42339 31695 40000 10340 20250 39775 40017 70500 81801 333 10348 59023 81842 83070=
42348 21595 73204 10280 20274 40027 79596 85420 333 10345 59007 6045/ 85625 86458=
42361 21596 80000 10314 20284 40018 75052 8552/ 333 10354 59002 6990/ 85620 88458=
42369 21595 80903 10274 20266 40026 76096 8692/ 333 10359 58012 6004/ 82620 82925 86458=
42379 21495 80903 10284 20267 40035 71096 8661/ 333 10329 58021 6004/ 82714 86620 88460=
42398 22596 69901 10310 20272 40040 83530 333 10320 58010 6990/=
42410 21495 50000 10292 20273 40052 71062 82530 333 10302 58000 6998/ 82618 84360=
42415 32596 40000 10298 20259 40056 81431 333 10320 58005 81620 83360=
42452 31596 53602 10334 20256 49999 70520 83530 333 10341 59019=
42492 31596 40504 10310 20268 40031 71021 81531 333 10330 58014 81620 83360=
42559 22596 80000 10270 20244 40015 8552/ 333 10317 58001 6002/ 85620 88458=
42571 32596 43602 10320 20249 49993 81102 333 10351 59012 81830 84075=
42591= NA
42623 31496 60000 10258 20227 39194 40039 71022 84530 333 10323 58004 84618 86360=
42634 22596 40000 10320 20240 40043 84500 333 10330 59005 6002/ 84620=
42647 31596 53204 10326 20253 40034 70522 85800 333 10345 56700 59011 82620 83825=
42667 21596 63209 10244 20235 39443 40019 70522 83930 333 10323 59010 6024/ 83620 81930 86360=
42675 21596 60502 10270 20244 49991 70596 84530 333 10340 59015 6013/ 84620 86360=
42701 21495 70000 10252 20244 39325 40038 71096 84630 333 10280 58021 6004/ 81710 83618 85360=
42724 31596 50000 10304 20271 40045 71022 83530 333 10326 58011 83620 84360=
42737 32596 42306 10316 20260 40039 83801 333 10335 59006 82620=
42754 21395 80506 10244 20235 39407 40031 79596 8492/ 333 10302 59003 6015/ 83708 84618 81930 86458=
42779 32495 50502 10300 20241 39321 49991 84631 333 10306 59004 81710 84620=
42798 31496 71103 10290 20253 40025 71022 85330 333 10323 57910 58013 84615 81930 86360=
42809 21495 61402 10302 20270 40041 70562 84530 333 10338 58019 6002/ 84618 86360=
42840 32596 52503 10314 20255 40043 82530 333 10326 59008 82620 85360=
42867 31496 60703 10314 20239 49982 70522 85930 333 10337 59021 82618 82825 81930 82359=
42874 21496 70508 10300 20255 49986 75052 8583/ 333 10328 59006 6990/ 82618 84825 86359=
42886 21496 60508 10290 20259 40010 70392 84470 333 10333 56290 58009 6990/ 84618 86359=
42895 22596 71402 10300 20269 40032 84430 333 10324 58016 6993/ 84620 86360=
42909 32596 22504 10302 20274 40048 82100 222// 20000 333 10320 59006 82825=
42971 21496 70502 10300 20264 40026 76022 85320 333 10329 57952 58022 6995/ 84618 81930 87360=
43003 31495 82703 10296 20254 40052 70522 8683/ 333 10308 59006 82618 84825 86356=
43014 21495 82703 10244 20233 39378 40013 75055 84720 333 10246 59015 6005/ 82710 84618 86458=
43041 21596 70503 10278 20242 39375 49973 70262 84930 333 10302 59002 6001/ 83620 81930 86360=
43063 21597 82704 10250 20212 39430 40047 70352 8672/ 333 10279 5669/ 59008 6990/ 83722 85626=
43086 21596 80000 10254 20236 39808 49983 76366 8482/ 333 10302 59008 6026/=
43110 21496 83205 10274 20254 40067 70262 8677/ 333 10294 59003 6008/ 83712 84618 86456=
43117 21597 82302 10240 20231 40034 76266 8662/ 333 10250 59004 6021/=
43128 21496 82704 10222 20213 39413 40015 79596 8592/ 333 10239 56699 57972 59010 6027/ 83710 84615 81930 88458=
43150 21496 82008 10272 20252 39941 40001 70555 85831 222// 20000 333 10297 56499 58028 6990/ 82712 83618 85360=
43185 22597 72504 10270 20235 39991 49994 84570 333 10302 58010 6994/ 84620 85360=
43189 21597 70000 10284 20255 39989 49998 70262 83410 333 10294 58012 6992/=
43192 21496 83605 10280 20260 40058 70252 8377/ 333 10290 59008 6002/=
43198 21396 82909 10234 20210 39235 40050 72162 8567/ 333 10264 56799 59007 6995/ 84707 84612 86458=
43201 21396 82701 10222 20216 39309 40030 72065 8572/ 333 10258 5669/ 59008 6005/ 84708 84612 88458=
43213 21597 89901 10260 20231 39699 40012 70265 84877 333 10262 59009 6006/=
43233 22497 82308 10250 20227 39245 40050 8461/ 333 10256 56699 59012 6990/=
43237 22597 82904 10280 20224 39617 40002 8357/ 333 10287 59011 6996/ 83620 87360=
43245 32597 82905 10304 20224 39995 40021 84877 333 10325 58004=
43279 21497 61804 10302 20239 30014 40031 70352 84930 333 10350 57932 57952 58002 6990/ 83620 81925 83360=
43295 32497 62708 10254 20152 39047 48465 84531 333 10292 56699 59003 83612 83818=
43310 22496 81801 10282 20271 40056 85521 333 10284 59008 6011/=
43314 21496 80000 10282 20262 40068 76065 8477/ 222// 21001 333 10306 56899 59011 6009/=
43321 31496 72312 10276 20226 39603 40042 70522 82871 333 10320 59013 82612 86358=
43329 32597 60000 10344 20270 30006 40019 83531 333 10358 59011=
43333 21495 80000 10264 20255 40070 72165 8541/ 333 10295 59009 6007/ 82617 84819 88457=
43344 31496 61806 10348 20250 39928 40025 70522 83531 333 10381 59021 83616 85360=
43353 21496 73206 10273 20246 40071 71021 83720 333 10278 56790 59010 6006/ 83707 83610 85458=
43371 21497 43200 10282 20251 39999 40071 70262 82731 333 10290 59006 6019/ 82716=
44212 32599 30503 10226 21008 38986 40016 57018 82460 333 10255 91205=
44213 32999 22204 10240 21083 38692 40013 57006 80001 333 10278 91111 91207=
44214 32598 72711 10196 21003 38222 40043 53003 85201 333 10236 91117 91213 555 96108=
44215 32698 22902 10218 21051 38337 40021 57010 82400 333 10241 91205=
44217 32998 42304 10150 21031 37844 40113 54000 82044 333 10186 91206=
44218 32699 22406 10259 21089 38525 40009 55002 82100 333 10288 91208=
44219 32999 01807 10272 21036 38534 49995 57011 333 10295 91211=
44265 32999 02701 10257 21018 38775 40049 56008 333 10289 91202=
44266 31999 02309 10182 21062 37770 40074 57004 70930 333 10217 91115 91211=
48010 32556 51801 10325 20265 39883 40031 83930 333 10338 56330 59013 60002=
48020 21340 60000 10280 20259 70152 85930 333 10320 56440 60012=
48025 22440 60000 10282 20268 39901 40038 83370 333 10335 56590 58004 60232 00011=
48031 31256 80000 10215 20185 70144 888// 333 10245 56999 60002=
48048 22556 40000 10280 20250 39991 40046 70252 83801 333 10327 56409 58012 60052=
48052 32456 50000 10300 20239 85900 333 10352 56900=
48062 32558 71804 10293 20274 30039 40046 85970 333 10325 56990 58000=
48064 31440 71401 10320 20281 39970 40026 71799 85903 333 10355 56909 59005=
48071 22450 42302 10300 20253 30056 40064 84900 333 10323 56500 58004 60052=
48094 21456 81801 10266 20260 30057 40067 75065 8597/ 333 10315 5699/ 59001 60222=
48109 22496 82301 10282 20268 30061 40064 8697/ 333 10312 5699/ 59016 60102=
50557 04980 /2503 10149 20084 39799 40086 52015 60002 70000 333 10225 20119 3/014 5002/ 58030 60001 70000 90720 91110=
51076 04980 /3603 10213 20092 39265 40094 52004 60002 70000 333 10267 20142 3/012 5004/ 54415 59041 60001 70000 90720 91112=
51087 04980 /2905 10256 20017 39121 40080 57004 60002 70000 333 10283 20123 3/010 5005/ 54405 59047 60001 70000 90720 91108=
51156 04980 /2504 10169 20064 38663 40124 52014 60002 76000 333 10241 20101 3/009 5005/ 54415 59019 60001 70000 90720 91121=
51243 04980 /3107 10258 20064 39587 40099 52017 60002 70000 333 10297 20188 3/018 5009/ 54415 59015 60001 70000 90720 91115=
51334 04980 /3302 10267 20096 39712 40090 52012 60002 70000 333 10311 20146 3/015 5005/ 54415 59013 60001 70000 90720 91111=
51379 04958 /3501 10287 20062 39186 40074 57002 60002 70000 333 10312 20096 3/009 5002/ 54405 59050 60001 70000 90720 91105=
51463 04980 /2907 10262 20035 38972 40083 52016 60002 70000 333 10293 20161 3/013 5007/ 54405 59028 60001 70000 90720 91110=
51573 04970 /2902 10361 20110 39973 40018 57012 60002 70000 333 10377 20234 3/023 5004/ 54405 59065 60001 70000 90720 91105=
51644 04969 /2302 10279 20152 38875 40052 57009 60002 70000 333 10294 20145 3/016 5003/ 54405 59049 60001 70000 90720 91106=
51656 04965 /3402 10288 20167 39058 40048 57010 60002 70000 333 10311 20144 3/016 5002/ 54405 59050 60001 70000 90720 91107=
51709 04980 /1402 10272 20124 38577 40049 57009 60002 70000 333 10281 20174 3/016 5003/ 54405 59036 60001 70000 90720 91106=
51711 04980 /0301 10199 20124 38002 40033 52003 69902 70065 333 10228 20109 3/009 5002/ 59030 69901 70107 90720 91107=
51716 04967 /2503 10276 20135 38846 40053 57012 60002 70000 333 10285 20178 3/017 5003/ 54405 59042 60001 70000 90720 91106=
51765 04967 /2601 10303 20131 39118 40037 57008 60002 70000 333 10325 20202 3/020 5005/ 54406 59054 60001 70000 90720 91107=
51811 04970 /3401 10261 20139 38732 40056 57010 60002 70000 333 10271 20183 3/017 5002/ 54405 59041 60001 70000 90720 91104=
51818 04974 /1401 10291 20093 38587 40044 57007 60002 70000 333 10309 20165 3/014 5005/ 54405 59040 60001 70000 90720 91104=
51828 04959 /1101 10262 20143 38593 40060 57003 60002 70000 333 10279 20171 3/015 5002/ 54405 59043 60001 70000 90720 91106=
51886 04969 /0405 10213 20052 37135 40000 52005 60002 76000 333 10253 20138 3/014 5006/ 54405 59018 60001 79999 90720 91110=
52203 04975 /2201 10269 20133 39223 40047 57009 69902 70000 333 10335 20191 3/020 5003/ 54405 59042 60001 79999 90720 91104=
52602 04978 /2909 10213 20052 37271 49999 57002 60002 70000 333 10268 20113 3/013 54415 59015 60001 70000 90720 91114=
52681 04962 /0402 10163 20158 38644 40130 52001 69912 76060 333 10238 20157 3/017 5001/ 54418 58011 69911 70001 90720 91110=
52818 04975 /2701 10224 20092 37243 49983 57002 60002 70000 333 10262 20145 3/016 5001/ 54415 59013 60001 70000 90720 91108=
52908 04978 /0307 10125 20029 35847 40003 52001 60002 70000 333 10179 20053 3/006 54415 59001 60001 70022 90720 91112=
53463 04980 /3603 10186 20094 38887 40163 52014 60002 70000 333 10231 20164 3/017 5003/ 54415 58071 60001 70000 90720 91111=
54857 04957 /3104 10266 20256 39991 40079 52020 60022 70500 333 10301 20260 3/028 5002/ 59008 60021 70022 90720 91108=
55228 04980 /2203 10218 21043 36062 49891 57010 60002 70000 333 10227 20078 3/006 5005/ 54405 59020 60001 70000 90720 91113=
55299 04980 /3605 10113 20050 35919 49995 52013 60052 72100 333 10186 20078 3/005 5000/ 54417 58010 60051 70053 90720 91111=
55578 04980 /2404 10206 20046 36395 49906 52004 60002 70000 333 10250 20116 3/013 5003/ 54415 59003 60001 70000 90720 91110=
55591 04980 /1401 10233 20057 36536 49892 57006 60002 70000 333 10259 20142 3/013 5002/ 59001 60001 70000 90720 91106=
55664 04980 /1204 10166 20026 36051 49959 52007 60002 70000 333 10206 20084 3/008 5004/ 54415 58000 60001 70000 90720 91110=
55773 04980 /1106 10075 20053 36080 40066 54000 69922 70000 333 10116 20073 3/008 5002/ 54415 58007 69911 70007 90720 91112=
56004 04980 /0207 10163 20027 35891 49957 57001 60002 70000 333 10210 20051 3/010 54415 59003 60001 70000 90720 91115=
56018 04980 /1102 10148 20045 36245 49996 52003 60002 70000 333 10231 20089 3/011 54415 59002 60001 79999 90720 91113=
56116 04980 /0804 10167 20059 36390 40002 52011 60002 76000 333 10214 20088 3/009 5001/ 54415 58016 60001 70150 90720 91110=
56312 04980 /1204 10211 20084 37104 40008 52003 69922 70000 333 10242 20139 3/015 5003/ 54405 58003 60001 70004 90720 91109=
57494 04957 /0000 10306 20268 30027 40055 52005 60002 70000 333 10381 20265 3/032 5003/ 54405 59015 60001 70000 90720 91107=
58847 04965 /1102 10307 20248 39981 40077 52010 60002 70000 333 10358 20272 3/031 5002/ 54405 59020 60001 70000 90720 91107=
62306 32560 63211 10320 20215 40113 57013 86200=
62309 32560 23002 10332 20202 40100 57012 82500=
62325 32960 03006 10332 20235 40105 57009=
62332 32960 03408 10323 20230 40107 57007=
62337 32560 33308 10326 20218 40100 57007 83200=
62366 35560 52707 10346 20146 40094 57016 82104=
62387 32960 30208 10371 20171 40099 57015 83040=
62393 32960 00115 10377 20154 40125 57016=
62405 32960 00408 10412 20128 40074 57020=
62414 32960 03608 10418 20095 40074 57019=
62419 32960 00809 10392 20105 40055 57020=
62420 32560 30904 10387 20150 40094 57018 83100=
62435 32960 03211 10408 20115 40077 57017=
62440 32960 02708 10348 20197 40106 57013=
62455 32960 03003 10270 20155 40081 57015=
62458 32960 02913 10320 20208 40097 57013=
62459 31956 03023 10333 20201 40062 57016 70700=
62465 32960 03318 10346 20216 40066 57016=
63210 32980 03609 10324 20280 40035 333 10373 58025=
63330 41565 73602 10210 20164 37780 40245 71796 87900 333 59002 81920 84821 85622=
63331 41580 60000 10194 20173 38086 40217 82922 86860 333 59005 82825 85626=
63332 42580 72302 10238 20135 38225 40087 86830 59003 333 82824 84625=
63333 41556 82802 10160 20160 38156 40166 76196 888// 333 58013 82923 84825 85626=63334 41570 70000 10154 20130 37634 71022 87800 333 59003
