SIPK OPKC 310900=
41504 22596 70000 10170 20111 37859 48485 85710 333 56990 58014 60007 82730 83640 84460 RH68%=
41505 22696 80000 10165 20133 38/// 48/// 8567/ 333 5699/ 58/// 83720 83 4640 87760 90%=
41506 22697 83608 10250 20123 38502 48501 8352/ 333 5699/ 58009 60007 83640 85460 45%=
41507 22697 31802 10340 20204 39206 49688 83500 333 56900 59022 60007 83640 45%=
41508 22496 72302 10286 20205 38637 48516 85720 333 56990 59009 60007 82715 83635 84460 62%=
41509 22696 80000 10270 20196 38726 48480 8672/ 333 5699/ 59005 60007 82730 84640 88458 64%=
41510 12696 80000 10175 20151 37917 48504 70262 8352/ 333 56990 58034 60017 83635 85460 86%=
41515 22697 70000 10248 20155 38536 48501 83520 333 56990 58009 60007 83658 84458 56%=
41515 22697 70000 10248 20155 38536 48501 83520 333 56990 58009 60007 83658 84458 56%=
41516 22596 62704 10240 20143 38540 48500 85710 333 56990 59003 60007 82820 83640 83460 RH55%=
41517 22697 60000 10235 20133 37800 48476 83570 333 56990 59012 60007 83635 85460 53%=
41518 22596 73602 10272 20142 38/// 48/// 85770 333 56990 5//// 60007 82720 83440 85762 45%=
41519 22596 60000 10290 20168 38738 48493 84720 333 56990 59007 60007 81730 83840 83362 R48%=
41520 22596 63602 10200 20118 37638 48230 84670 333 56990 59003 60007 81720 83640 83762 59=
41523 22697 12706 10320 20205 39045 48500 81400 333 56900 59021 60007 81840 51%=
41524 22697 22304 10340 20204 39257 40058 82100 333 56900 59049 60007 82845 RH 45%=
41525 22697 30000 10240 20139 37703 48372 83400 333 56900 58000 60007 83640 53%=
41528 22997 00000 10310 20218 39165 48497 333 58007 60007 58%=
41529 22996 02302 10370 20219 39693 40048 333 59041 60007 Rh 42%=
41530 22697 20506 10360 20206 39646 40031 81430 333 56990 58018 60007 81840 41%=
41534 22997 20000 10340 20241 39658 40047 82030 333 56090 59036 60007 82360 RH 56%=
41535 22997 03102 10280 20191 38675 48456 333 59020 60007 RH59%=
41536 22997 01802 10310 20210 38975 48479 333 59033 60007 55%=
41560 22997 42302 10250 20176 38281 48496 84030 333 56090 59017 60007 84360 Rh64%=
41562 22997 01804 10350 20229 39616 40052 333 59012 60007 RH 49%=
41565 22697 23102 10239 20195 38632 48506 82500 333 56900 59003 60007 82640 76%=
41567 21996 00000 10320 20242 39642 40036 70400 333 59020 60007 64%=
41571 21696 13112 10320 20187 39493 40042 70500 81800 333 56900 59036 60007 RH455=
41572 21996 02912 10320 20245 39435 40023 70400 333 59030 60007 RH 64%=
41573 22697 21302 10250 20142 37979 48474 82200 333 56900 59007 60007 82830 51%=
41574 22997 02304 10250 20193 38340 48511 333 59013 60007 70%=
41576 22697 13104 10330 20253 40063 81100 333 56900 59032 60007 81835 64%=
41577 21996 02302 10325 20243 39462 40040 70400 333 59033 60007 RH 62%=
41593 21996 20000 10345 20263 39836 40036 70411 82030 333 56090 59019 60007 82360 62%=
41597 22997 00000 10330 20261 40052 333 59036 60007 67%=
41598 22997 03104 10320 20265 39775 40032 333 59031 60007 73%=
41599 21696 32706 10335 20244 39771 40044 70100 83400 333 56900 59023 60007 83640 59%=
41600 22997 03102 10330 20238 40033 333 59029 60007 58%=
41620 32696 22702 10300 20152 38540 48447 82500 333 56900 58005 60007 82640 41%=
41624 22997 00502 10335 20244 40042 333 59016 60007 59%=
41625 22997 00000 10345 20231 40035 333 59017 60007 52%=
41630 21696 42702 10320 20258 40053 70400 84400 333 56900 59006 60007 84640 70%=
41633 22997 00000 10360 20249 4//// 333 5//// 60007 53%=
41634 22997 03102 10300 20245 3//// 4//// 333 5//// 60007 72%=
41635 22997 00000 10355 20251 3//// 4//// 333 5//// 60007 55%=
41635 22997 00000 10355 20251 3//// 4//// 333 5//// 60007 55%=
41636 21696 40000 10350 20276 39874 40048 70410 84400 333 56900 59005 60007 84640 65%=
41638 21696 40000 10330 20268 4//// 70421 84400 333 56900 5//// 60007 84840 70%=
41639 22997 03102 10340 20225 4//// 333 5//// 60007 51%=
41640 21696 32304 10330 20246 39807 40042 70400 83530 333 56990 59015 60007 83640 61%=
41641 21696 42810 10350 20237 39782 40039 70410 84400 333 56900 59017 60007 84640 52%=
41642 22997 10000 10330 20268 4//// 81030 333 56090 5//// 60007 81360 70%=
41643 21696 23104 10340 20257 39778 40039 70400 82400 333 56900 59024 60007 82640 62%=
41644 22997 30000 10325 20270 4//// 83030 333 56090 5//// 60007 83362 73%=
41646 21696 53102 10335 20266 39860 40060 70422 85400 333 56900 58000 60007 85640 67%=
41652 21996 20902 10350 20237 39884 40053 70400 82030 333 56090 59003 60007 82360 52%=
41660 22697 71320 10260 20154 38402 48487 84430 333 56990 58015 60007 84840 83360 52%=
41661 21697 41302 10265 20185 38358 48478 82520 333 56990 58010 60007 82635 82460 62%=
41669 22697 50000 10340 20265 3//// 4//// 85500 333 56900 5//// 60007 85640 65%=
41670 21996 00000 10335 20235 4//// 70400 333 5//// 60007 56%=
41674 21696 22704 10325 20255 3//// 4//// 70400 82500 333 56900 5//// 60007 82640 67% =
41675 21696 23106 10330 20246 39909 40045 70400 82100 333 56900 59005 60007 82840 61%=
41676 21996 03304 10335 20266 39928 40077 70400 333 58002 60007 67%=
41677 21696 40000 10330 20261 39882 40040 70400 84500 333 56900 58004 60007 84640 67%=
41678 21696 60000 10350 20253 40053 70500 83520 333 56990 58006 60007 83640 83460 57%=
41679 21696 60502 10340 20265 4//// 70422 83570 333 56990 5//// 60007 83640 83460 65%=
41680 21696 42304 10330 20276 40043 70411 83400 333 56900 59002 60007 84840 73%=
41685 22697 30000 10300 20198 38870 48475 83200 333 56900 58007 60007 83840 RH54%=
41696 22697 70902 10240 20148 37982 48473 85520 333 56990 58023 60007 85640 82460 Rh56%=
41697 22697 40000 10340 20265 40065 84500 333 56900 58026 60007 84640 RH65%=
41700 21696 52704 10340 20265 40040 70422 83530 333 56990 58002 60007 83640 83360 65%=
41701 21696 40504 10335 20274 40053 70422 84200 333 56900 58004 60007 84840 70%=
41710 21996 21802 10370 20055 49983 70600 82030 333 56090 58019 60007 82360 RH14%=
41712 22696 31302 10350 20104 39118 48479 83500 333 56900 58019 60007 83640 RH22%=
41715 21696 40000 10310 20269 40059 70522 83530 333 56990 58023 60007 83635 84360 RH79%=
41716 21696 40000 10340 20257 40058 70411 84400 333 56900 58014 60007 84430 62%=
41718 21696 40000 10330 20268 40047 70400 84500 333 56900 58011 60007 84640 70%=
41724 21696 60000 10330 20276 40076 70522 83530 333 56990 58032 60007 83640 83360 RH73%=
41725 22596 43602 10325 20255 40058 84800 333 56900 58038 60007 84835 RH67%=
41726 22696 30000 10330 20261 39967 40034 83500 333 56900 58003 60007 83640 RH67%=
41738 22696 61316 10400 20193 40008 86600 333 56900 58030 60007 86630 RH30%=
41739 22696 60908 10325 20156 38957 48446 83530 333 56990 58006 60007 83635 83360 RH36%=
41742 22697 50904 10325 20215 40036 85200 333 56900 58055 60007 85830 RH 52%=
41743 21696 60502 10300 20258 70300 86500 333 56900 60007 86635 RH 78%=
41744 22696 50000 10285 20025 38739 48476 82520 333 56990 58055 60007 82630 83460 RH 19%=
41745 21696 60902 10320 20250 70500 82530 333 56990 60007 82635 84360 RH67%=
41746 22696 53604 10335 20266 40056 85400 333 56900 58040 60007 85840 RH67%=
41747 22696 33104 10330 20253 40046 83600 333 56900 58032 60007 83640 RH64%=
41748 22696 33604 10320 20265 40064 82530 333 56990 58037 60007 82635 81360 RH73%=
41749 22696 60904 10330 20246 40043 84530 333 56990 58041 60007 84635 82360 RH61%=
41756 21996 51806 10330 20246 40017 70504 85030 333 56090 58028 60007 85358 RH61%=
41757 22996 61812 10330 20253 30009 40021 86030 333 56090 58016 60007 86360 RH64%=
41759 01696 70904 10335 20266 40012 82510 333 56990 58026 60007 82640 85460 RH67%=
41760 21595 80908 10270 20249 40013 75000 85630 333 56990 58030 60037 85720 88458 RH 88%=
41764 22696 60412 10315 20252 30002 40050 86800 333 56900 58054 60007 86835 RH69%=
41765 22596 70506 10315 20260 30013 40047 87630 333 56590 58047 60007 84725 83635 84360 RH72%=
41766 22696 40504 10330 20253 40035 84520 333 56990 58053 60007 82720 82460 RH64%=
41767 22996 4//// 10330 20253 84430 333 56990 60007 82840 82360 RH64%=
41768 22596 50000 10335 20266 30045 40052 85500 333 56900 58036 60007 82720 83635 RH67%=
41780 21596 81112 10300 20251 30016 40043 70400 85620 333 56990 58072 60007 83720 85630 88458 RH75%=
41783 22696 80504 10300 20258 30016 40045 84530 333 56990 58079 60007 84635 84360 RH 78%=
41785 22997 40000 10320 20258 30035 40048 84030 333 56090 58055 60007 84360 RH 70%=
41786 22696 40904 10310 20246 40045 84500 333 56900 58057 60007 84630 RH 69%=
41BAG 22696 60000 10165 20096 84510 333 60007 84635 86460 64%=
41BKI 22996 22304 10365 20212 39642 40030 82030 333 56090 59043 60007 82360 RH41%=
41SKP 21696 40000 10325 20263 4//// 70400 84500 333 56900 5//// 60007 84640 70%=
43532 22997 00000 10330 20209 39258 40008 333 59046 60007 49%=
43533 22997 03102 10315 20207 39150 48466 333 59040 60007 53%=
43563 22997 02302 10333 20246 40028 333 59039 60007 60%=





Data Generated from File : D:\all data handling\Rmc_lhr\2024083109.FSU.txt
31/08/24 09:54:13
______________________________________________________________
15020 24970 53302 10284 20094 39992 40178 50001 80006 333 55310 21972 60007 91004 90730 91104==
15023 25970 20102 10270 20097 39762 40163 52003 7000/ 80001 333 55310 0//// 22117 3//// 60007 91004 91105=
15056 25970 50105 10272 20096 39841 40171 52002 7000/ 85070 333 55310 0//// 22114 3//// 60007 91008 91108=
15069 25598 10508 10231 20079 39149 42828 57005 7000/ 81200 333 55310 0//// 22310 3//// 60007 91011 91111=
15073 25/70 /3504 10266 20103 39737 40178 50005 7000/ 333 55309 0//// 22132 3//// 60007=
15090 24/70 83401 10273 20118 30084 40171 58003 83047 333 55310 01380 22423 30698 60007 91004 90730 91104==
15107 25965 21601 10265 20102 39402 42832 57005 7000/ 80001 333 55310 0//// 22169 3//// 60007 91003 91103 95000=
15108 22/70 30703 10154 20055 38163 48554 52008 81041 333 55310 22488 60007 91007 90730 91108==
15109 25970 33403 10266 20088 39761 40172 50003 7000/ 82041 333 55306 0//// 21744 3//// 60007 91007 91108=
15111 25970 43505 10276 20104 39914 40161 50000 7000/ 82041 333 55310 0//// 22393 3//// 60007 91007 91108=
15113 25970 23605 10272 20093 30008 40162 58002 7000/ 82030 333 55309 0//// 22007 3//// 60007 91008 91108=
15127 25999 43102 10243 20112 39330 42827 50001 7000/ 80001 333 55310 0//// 22316 3//// 60007 91004 91104 95000=
15148 25470 50504 10199 20079 38760 48542 52006 7000/ 81201 333 55310 0//// 22491 3//// 60007 91008 91108=
15150 24/70 43604 10269 20115 39967 40168 58002 82031 333 55309 22241 60007 91007 90730 91108==
15154 25970 33603 10282 20082 30020 40154 58004 7000/ 83030 333 55306 0//// 21716 3//// 60007 91007 91107=
15170 24570 61301 10258 20129 39417 42820 58004 81108 333 55310 22265 60007 91004 90730 91105==
15194 25970 43604 10270 20113 39886 40163 58002 7000/ 82031 333 55310 0//// 22179 3//// 60007 91007 91107=
15197 25/70 /0305 10276 20090 39958 40156 57003 7000/ 333 55304 0//// 21459 3//// 60007=
15217 25997 82201 10215 20145 39525 42823 58003 7000/ 81047 333 55310 0//// 21748 3//// 60007 91002 91103=
15238 25/70 /2001 10223 20152 39577 42826 50001 7000/ 333 55310 0//// 21862 3//// 60007=
15261 25563 63305 10220 20132 39387 42836 54001 7000/ 83205 333 55310 0//// 22331 3//// 60007 91007 91107 95000=
15262 22998 60407 10143 20048 38260 48535 52005 80002 333 55310 0//// 22416 3//// 60007 91012 91112=
15265 25970 73506 10277 20120 30079 40150 57004 7000/ 87070 333 55306 0//// 21590 3//// 60007 91008 91111=
15280 22/84 80511 10076 20005 37572 47149 52006 85057 333 55308 21743 60007 91016 90730 91120==
15300 25999 63302 10222 20143 39565 42826 52002 7000/ 84042 333 55306 0//// 21619 3//// 60007 91004 91104=
15301 25570 70301 10161 20112 38673 48558 52008 7000/ 82048 333 55304 0//// 21344 3//// 60007 91005 91107 95000=
15302 25970 73002 10191 20113 38965 48547 52004 7000/ 87070 333 55309 0//// 22014 3//// 60007 91005 91107 95000=
15307 25/70 /0104 10274 20083 39969 40144 50002 7000/ 333 55306 0//// 21424 3//// 60007=
15310 24/70 83602 10237 20124 30063 40145 50005 8807/ 333 55300 00470 20814 30733 60007 91006 90730 91106==
15324 25570 80704 10260 20106 39393 42817 52005 7000/ 8537/ 333 55305 0//// 21658 3//// 60007 91009 91109=
15325 25970 50102 10177 20071 38520 48532 53006 7000/ 83041 333 55310 0//// 22387 3//// 60007 91009 91109=
15335 24570 60203 10244 20122 30132 40138 50004 83530 333 55306 21570 60007 91007 90730 91107==
15336 25/70 /0103 10246 20144 30128 40130 52003 7000/ 333 55310 0//// 22053 3//// 60007=
15349 25570 30504 10274 20069 39625 40144 50005 7000/ 83200 333 55308 0//// 21707 3//// 60007 91008 91108=
15350 24570 50306 10288 20076 30037 40149 52003 85500 333 55303 21354 60007 91009 90730 91110==
15360 24/70 40310 10253 20188 30108 40124 54001 82031 333 55308 21879 60007 91013 90730 91113==
15377 25597 60304 10307 20072 39940 40141 50001 7000/ 84360 333 55305 0//// 21706 3//// 60007 91008 91108=
15387 25970 50205 10271 20199 30122 40126 54001 7000/ 80006 333 55310 0//// 22552 3//// 60007 91010 91110=
15405 25970 40106 10267 20134 30088 40148 50003 7000/ 84070 333 55304 0//// 21497 3//// 60007 91008 91108=
15406 25970 63504 10242 20160 30090 40135 50002 7000/ 86070 333 55310 0//// 21910 3//// 60007 91007 91107=
15408 25/70 /3505 10251 20128 39877 40130 50001 7000/ 333 55310 0//// 22092 3//// 60007=
15409 25/70 /0107 10243 20138 30084 40129 50002 7000/ 333 55309 0//// 21984 3//// 60007=
15419 25570 60604 10283 20097 39970 40153 50003 7000/ 82370 333 55308 0//// 21918 3//// 60007 91008 91109=
15420 24570 70503 10280 20118 30041 40145 51005 85360 333 55302 21368 60007 91007 90730 91108==
15421 25570 70503 10281 20114 30051 40155 51004 7000/ 82370 333 55303 00862 21448 31060 60007 91007 91108=
15422 25970 70402 10282 20130 30049 40145 50004 7000/ 87070 333 55308 0//// 21801 3//// 60007 91009 91109=
15425 25970 73604 10247 20138 30081 40143 52004 7000/ 87070 333 55306 0//// 21616 3//// 60007 91006 91107=
15434 22570 72101 10266 20161 39958 40156 52009 82370 333 55305 0//// 21411 3//// 60007 91003 91103=
15444 25570 83603 10242 20163 30068 40137 50003 7000/ 8347/ 333 55300 0//// 21272 3//// 60007 91005 91105=
15455 25570 70504 10279 20102 30026 40149 50007 7000/ 83370 333 55303 0//// 21318 3//// 60007 91007 91107=
15460 24570 70103 10236 20172 30118 40141 52005 83570 333 55300 21109 60007 91006 90730 91106==
15462 25570 83303 10220 20187 30049 40132 54001 7000/ 889// 333 55300 0//// 20547 3//// 69967 91004 91105=
15470 24570 60805 10297 20106 30030 40147 51007 82370 333 55308 21935 60007 91007 90730 91107==
15475 22997 80202 10237 20163 30126 40146 52006 8807/ 333 55300 0//// 20776 3//// 60007 91003 91105=
15479 25562 83504 10201 20188 39948 40135 52007 7000/ 889// 333 55300 0//// 20409 3//// 69937 91007 91107=
15480 21570 82501 10226 20162 30108 40124 56003 72598 889// 333 55300 00080 20282 30252 60027 91003 90730 91104==
15489 25970 80802 10277 20129 30062 40150 51008 7000/ 8807/ 333 55304 0//// 21307 3//// 60007 91004 91106=
15491 25970 73501 10254 20150 30120 40149 50005 7000/ 87070 333 55301 0//// 21083 3//// 60007 91002 91102=
15499 27/65 /3102 10209 20197 30112 40121 51004 7818/ 333 55300 0//// 20415 3//// 69937=
15549 42568 73402 10201 20182 39740 40136 52005 87200 333 10202 20180 555 589//=
15552 41570 83602 10231 20183 30067 40113 52008 70262 885// 333 10232 20204 555 57500 60499 92034 92438=
15640 42672 73210 10227 20176 39828 40123 52004 86350 333 10229 20200 555 573//=
15655 41568 82701 10198 20188 30085 40117 52008 78082 883// 333 10232 20197 555 59402 64499 92031 92437=
15730 42670 63608 10240 20133 39755 40128 52006 83231 333 10249 20198 91118 555 551//=
16627 42665 63614 10288 20152 30110 40115 53003 84551 333 84635 85357 90730 91120==
16650 42560 53508 10284 20166 30115 40123 52009 82131 333 82820 84068 90730 91114==
16667 42560 23512 10276 20197 30105 40115 51005 81145 333 90730 91119==
16706 42560 20410 10282 20186 30096 40103 51006 81101 333 90730 91116==
16723 42960 03513 10302 20178 30085 40098 52002 333 90730 91120==
16732 46/// /3618 10270 20207 30109 40119 52010 333 90730 91121==
16742 42960 03113 10286 20191 39947 40094 52005 333 90730 91118==
16749 42460 12516 10296 20199 30071 40085 52005 81100 333 90730 91120==
16754 42560 23406 10290 20223 30080 40126 51009 82101 333 90730 91110==
16760 42560 13605 10284 20168 40122 52008 81200 333 90730 91112==
17022 42570 43005 10266 20185 39954 40111 53001 84200 333 84833 90730 91110==
17024 42670 23203 10294 20279 30026 40099 52004 82200 333 82835 90730 91106==
17026 42570 23505 10309 20218 30071 40107 51001 82200 333 82830 90730 91106==
17031 42670 33508 10282 20216 30093 40099 58004 83100 333 83836 90730 91111==
17034 42670 40102 10263 20213 30067 40111 56001 82130 333 82835 84360 90730 91107==
17038 42670 33505 10270 20206 30056 40101 55001 83100 333 83835 90730 91108==
17042 42670 43003 10280 20208 30068 40105 56006 82130 333 82835 84360 90730 91106==
17050 42570 70106 10246 20156 30076 40135 53009 84270 333 84833 87357 90730 91115==
17056 42670 63105 10274 20179 30105 40109 50000 83230 333 83835 86360 90730 91113==
17060 42560 62308 10267 20184 30075 40121 53003 86200 333 86829 90730 91112==
17070 42665 20802 10254 20145 39265 40083 57009 82100 333 82834 90730 91105==
17074 42570 33501 10238 20183 39209 40095 57006 83200 333 83830 90730 91105==
17084 42570 41803 10266 20188 39230 40079 57008 84300 333 83835 81932 90730 91105==
17085 42670 23601 10310 20166 39621 40076 57013 82100 333 82840 90730 91106==
17092 42/60 32403 10282 20130 38811 48469 57015 83050 333 83358 90730 91110==
17096 42660 30913 10235 20107 38222 48471 57011 83100 333 83840 90730 91122==
17098 42660 31008 10233 20121 38198 48489 57011 83100 333 83840 90730 91115==
17100 42670 10000 10297 20156 39139 40063 57017 81100 333 81840 90730 91105==
17112 42670 40605 10280 20149 30112 40114 53002 84200 333 84835 90730 91109==
17115 42560 63103 10255 20176 30067 40115 57001 86200 333 86830 90730 91108==
17116 42665 53003 10282 20181 39995 40109 57002 83240 333 83835 84360 90730 91109==
17124 42660 12905 10247 20132 39230 40095 57006 81100 333 81840 90730 91112==
17128 42670 52705 10267 20108 39044 40071 58006 85100 333 85840 90730 91109==
17135 42670 32202 10278 20154 39249 40067 58007 83100 333 83840 90730 91105==
17140 42665 30702 10260 20096 38685 48484 50000 83100 333 83840 90730 91108==
17150 42660 23203 10284 20162 39985 40101 58008 82100 333 82835 90730 91110==
17160 42670 32702 10269 20117 38981 48485 58003 83200 333 83840 90730 91107==
17170 42660 12909 10264 20138 38303 48461 57009 81100 333 81840 90730 91117==
17175 42665 23303 10286 20175 30098 40102 54000 82100 333 82840 90730 91106==
17184 42670 23403 10299 20140 39991 40095 57006 82200 333 82835 90730 91107==
17190 42670 23601 10246 20125 38957 48486 57006 82100 333 82835 90730 91106==
17190 42670 23601 10246 20125 38957 48486 57006 82100 333 82835 90730 91106==
17195 42670 20201 10283 20086 38933 48484 58007 82100 333 82840 90730 91108==
17200 42660 10805 10304 20083 39126 40033 57009 81100 333 81840 90730 91114==
17202 42/70 22504 10320 20100 39066 40022 57009 82030 333 82360 90730 91114==
17203 42970 00702 10324 20072 38817 48499 57011 333 90730 91106==
17210 42670 12003 10349 20098 39056 49995 58006 81100 333 81840 90730 91106==
17219 42565 23610 10299 20147 39968 40104 52002 82100 333 82830 90730 91117==
17234 42670 22002 10319 20166 30031 40095 50000 82200 333 82840 90730 91106==
17237 42670 20302 10307 20138 39613 40082 57007 82200 333 82840 90730 91106==
17240 42570 30405 10281 20123 38993 40056 57009 83200 333 83830 90730 91112==
17244 42670 33605 10252 20130 38969 48496 50001 81130 333 81840 83360 90730 91110==
17248 42670 33003 10267 20109 38945 48485 58005 83200 333 83840 90730 91107==
17250 42970 00401 10273 20095 38777 48488 57005 333 90730 91106==
17260 42660 12809 10332 20105 39250 40000 56001 81100 333 81840 90730 91118==
17270 42970 02502 10366 20075 39427 40016 57005 333 90730 91110==
17275 42970 00000 10318 20079 38920 48477 50000 333 90730 91110==
17280 42960 00906 10354 20095 39288 40007 58005 333 90730 91112==
17290 42970 03307 10328 20138 30062 40092 51003 333 90730 91112==
17292 42670 23002 10292 20129 39361 40067 50000 82100 333 82840 90730 91108==
17300 42560 31809 10316 20214 30012 40078 50002 83100 333 83830 90730 91113==
17310 42970 02005 10333 20254 30063 40070 51008 333 90730 91109==
17330 42670 51202 10328 20236 30059 40076 53002 83130 333 83840 85360 90730 91109==
17350 42670 22109 10326 20203 39989 40062 57004 82100 333 82835==
17370 42670 32803 10309 20239 30078 40082 53001 83200 333 83835 90730 91110==
17375 42670 12004 10306 20226 30060 40062 50000 81200 333 81835 90730 91110==
33088 42960 00801 10284 20123 30017 40194 54000==
33135 42/70 70901 10242 20144 30073 40212 52001 86035==
33177 42570 50301 10292 20164 39974 40193 52005 85200==
33317 42970 00702 10292 20117 39874 40185 58002==
33393 42/60 30101 10282 20117 39824 40187 52003 83030==
33415 42970 00102 10296 20129 39815 40182 52001==
33429 42960 00303 10295 20120 39788 40177 54000==
33466 42570 80702 10267 20088 30014 40189 52002 82339 333 30///==
33506 42/60 70805 10310 20045 30000 40181 58004 81031==
33562 42/60 20502 10298 20091 39904 40185 58002 82030==
33587 42/70 80702 10270 20088 39932 40178 52004 8805/==
33658 42982 23103 10258 20140 39904 40184 52001 80001==
33663 42/70 53102 10292 20114 30084 40173 58005 85030==
33664 42598 70503 10292 20060 39877 40170 52001 83231=
33678 42898 32803 10295 20065 39988 40181 57005 82031=
33679 42997 53502 10312 20089 39986 40161 58013 83031=
33711 42/60 80708 10317 20076 39962 40154 57003 84031==
33745 42597 60603 10308 20067 39998 40176 57006 83930=
33748 42997 20903 10292 20095 39893 40156 52001 82030=
33754 42598 70203 10302 20107 30023 40158 58003 83330=
33761 42570 80405 10262 20091 39953 40161 52002 883//==
33791 42670 80807 10298 20033 30034 40152 50000 82131==
33815 42598 70201 10274 20068 39957 40150 52001 85540=
33837 42579 60603 10255 20124 30090 40138 51001 82551==
33881 42598 63403 10268 20073 39968 40151 52001 84330=
33883 42898 60204 10276 20093 39994 40145 52002 86030=
33885 42598 80103 10222 20111 30036 40160 52002 84340=
33892 42598 80303 10246 20087 39948 40147 52004 883//=
33902 42560 60902 10268 20101 30078 40133 52001 84340==
33924 42570 80604 10232 20188 30112 40124 52005 82903 333 90730 91110==
33946 41675 70403 10233 20197 39900 40107 57001 70162 82530 333 82635==
33983 42560 60805 10269 20194 30056 40112 52008 83331==
34300 42960 71005 10304 20034 30035 40199 58004 80005==
34336 42970 30703 10323 20050 30115 40209 58009 80001==
34344 42970 01005 10332 20065 30126 40206 57008==
34356 42960 00906 10303 20077 30087 40222 58001 333 91010 90730 91111==
34357 42970 00906 10314 20083 30066 40207 57006 333 91011 90730 91114==
34398 41970 00706 10265 20056 30229 40238 58007 70730 333 90730 91115==
34415 42970 61102 10316 20065 30094 40183 58010 80006==
34438 42960 80906 10325 20068 30012 40186 57008 80009 333 91010 90730 91112==
34445 42970 20808 10322 20047 30097 40201 58007 80001 333 91011 90730 91112==
34461 42960 00905 10313 20068 30168 40219 57002 333 91010 90730 91111==
34473 42997 21008 10279 20072 30199 40235 58001 80001 333 91015 91116=
34476 42970 00706 10286 20049 30226 40233 51003 333 91011 90730 91112==
34504 42/75 51006 10294 20043 30004 40165 58002 85030==
34535 42970 71108 10326 20041 30114 40179 57012 80004 333 91014 90730 91115==
34545 42970 60907 10324 20039 30083 40185 57007 80001 333 91012 90730 91112==
34555 42970 30605 10293 20139 30116 40200 57010 80004==
34560 42960 00810 10310 20107 30032 40206 57004 333 91013 90730 91113==
34578 41960 00905 10317 20087 30199 40205 57003 70700 333 91010 90730 91111==
34579 42970 00505 10309 20064 30172 40213 57002 333 91010 90730 91110==
34644 42960 50805 10324 20043 30101 40171 57010 80002 333 91010 90730 91112==
34646 42970 60604 10296 20138 30099 40173 57010 80001==
34655 42/60 20808 10336 20012 30124 40179 57008 82030 333 91013 90730 91113==
34662 41970 10806 10331 20041 30183 40194 57008 70700 80001 333 91011 90730 91112==
34691 41970 00508 10298 20041 30225 40214 58002 70730==
34720 42/70 70703 10271 20116 30125 40162 57003 86031 333 90730 91110==
34727 42560 61008 10272 20079 30117 40144 58002 86400 333 91012 90730 91114==
34743 42960 71006 10329 20037 30088 40169 57007 80005 333 91013 90730 91113==
34759 41560 80908 10328 20052 30043 40162 58008 70732 83504 333 91013 90730 91115==
34772 41940 20708 10333 20056 30183 40186 58006 73233 80001 333 91013 90730 91114==
34785 42970 00708 10331 20073 30209 40189 57006 333 91012 90730 91113==
34798 42970 00507 10329 20110 30216 40190 58004==
34824 42/60 81006 10274 20115 30129 40133 52003 84031 333 90730 91111==
34838 42/60 80803 10278 20057 30051 40140 57004 8807/ 333 90730 91110==
34845 42/70 81104 10300 20065 30052 40150 58009 80031 333 91010 90730 91111==
34858 42/60 71004 10316 20049 30055 40153 57008 85035 333 91011 90730 91111==
34861 41/60 61409 10317 20008 39936 40157 57007 70722 83034 333 91013 90730 91115==
34866 41970 61007 10335 20023 30169 40161 58010 70732 80001 333 91012 90730 91114==
34880 41/60 20804 10328 20121 30202 40178 57003 70700 81031 333 90730 91111==
34887 41970 60605 10328 20063 30188 40170 57005 70722 80006 333 91010 90730 91110==
34949 41670 80809 10242 20083 39633 40142 52004 72522 8333/ 333 91012 90730 91115==
34954 42570 60904 10303 20045 39982 40141 57009 84401 333 90730 91110==
34958 42570 60905 10300 20047 39958 40141 57009 82509 333 91011 90730 91111==
34975 41960 61207 10334 20008 30155 40151 58007 70721 80003 333 91013 90730 91113==
34984 42970 50706 10323 20130 30192 40165 58003 80002 333 90730 91110==
35217 42960 00505 10254 20052 30204 40241 58006==
35302 42970 00807 10256 20076 30228 40247 58006==
35315 42998 00304 10264 20073 30175 40227 58005=
35344 42699 50507 10215 20058 39958 40226 58004 85100=
35358 42960 03609 10225 20048 30048 40206 58003==
35368 42599 63506 10212 20074 39940 40188 58005 84201=
35386 42598 60104 10194 20059 39667 40149 57004 85140=
35394 42670 63004 10190 20062 39506 40133 57007 86230==
35404 42998 01007 10276 20061 30226 40234 58006=
35406 41960 00404 10268 20065 30225 40227 58004 70230==
35416 42670 12006 10270 20057 30107 40218 57004 81100==
35426 42984 00304 10245 20061 39949 40217 54000==
35437 42698 30508 10244 20071 39928 40217 52005 83100=
35497 42670 63204 10206 20052 39391 40125 58009 83201==
35498 42698 53403 10210 20124 39313 40116 57006 85500=
35514 42998 00706 10283 20067 30216 40212 58004=
35522 42698 40705 10251 20092 39978 40209 54000 84100=
35542 42999 00505 10227 20047 30072 40208 58004=
35563 42598 73103 10203 20032 39448 40159 58004 87800=
35576 42970 63406 10233 20049 39734 40145 58007 80005==
35582 42698 73305 10206 20075 39583 40136 57007 86203=
35594 42599 73506 10212 20059 39349 40116 57003 82984=
35605 42998 00308 10290 20080 30224 40204 58003=
35633 42998 00510 10244 20067 30005 40201 52004 333 91015 91115=
35671 42570 60304 10239 20070 39756 40148 58004 85540==
35699 42660 72301 10280 20061 39406 40081 57018 86380==
35700 42970 00708 10300 20068 30224 40202 52005==
35715 42999 00905 10319 20088 30194 40181 58006=
35739 42999 10507 10271 20109 30049 40176 52005 81080=
35746 41570 60508 10235 20098 30119 40181 58004 70198 82352==
35777 42997 02705 10250 20077 39889 40205 53008=
35796 42660 22105 10260 20110 39711 40103 57018 81201==
35849 42570 60408 10280 20103 30096 40174 52003 86300 333 90730 91115==
35895 42598 42007 10272 20080 39708 40108 57021 84200=
35907 42998 50609 10276 20200 30195 40167 58002 80001=
35925 42670 10504 10343 20067 30055 40155 58007 81100==
35927 42998 00504 10349 20069 30150 58011=
35953 41684 63120 10294 20072 30042 40159 52004 73232 85202 333 91023 90730 91125==
35969 42584 22903 10319 20047 39976 40131 57009 82300==
35997 42698 20901 10301 20078 39710 40096 57018 82100=
36259 42684 20201 10187 21010 38234 48487 57025 82401==
36335 41599 73004 10186 20099 39178 40119 57006 70282 82356=
36358 41599 82702 10204 20105 39168 40095 57017 71722 889//=
36394 42597 73403 10270 20080 39717 40095 57022 85301=
36397 42684 62004 10278 20041 39588 40092 57014 86200==
36403 42698 70201 10242 20069 39777 40103 57019 87900=
36418 42799 31404 10270 20037 39553 40103 57021 82201=
36421 42699 53201 10261 20134 39596 40101 57027 85200=
36428 42784 41704 10280 20051 39655 40102 57021 82261==
36439 42798 50000 10226 20058 38948 48513 57022 82531=
36498 42698 62003 10266 20051 39377 40085 57023 85501=
36501 42699 72304 10272 20040 39406 40077 57020 87200=
36535 42984 31204 10281 20052 39533 40096 57024 80001==
36546 42699 22003 10266 20057 39625 40108 57026 82100=
36619 42999 01602 10299 20060=
36622 42798 62706 10277 20053 39369 40085 57020 86100=
36639 42984 01802 10293 20079 39549 40086 57019==
36643 42699 20804 10283 20062 39505 40094 57022 81101=
36665 42799 20406 10281 20079 39441 40086 57022 82100=
36666 42999 00506 10250 20146 39661 40103 57023=
36729 42998 00000 10284 20085 39658 40087 57018=
36736 42699 22902 10293 20092 39607 40099 57021 82100=
36744 42998 02703 10296 20080 39696 40096 57019=
36770 42999 03102 10301 20033 39433 40078 57017=
36786 42999 02902 10282 20061 39259 40078 57012=
36796 42998 02701 10260 20061 38995 48511 56013=
36803 42999 00103 10280 20140 39697 40098 57019=
36806 42999 51510 10294 20038 39691 40108 58015 80002 333 91015 91118=
36819 42998 31603 10308 20062 39533 40076 57024 80001=
36821 42984 02902 10303 20069 39655 40090 57017==
36839 42999 02502 10295 20064 39065 40070 57005=
36843 42998 00601 10265 20055 39020 40077 57015=
36846 42999 02603 10241 20007 38599 48500 57011=
36859 42984 01801 10313 20083 39378 40070 57021==
36870 42960 00000 10288 20150 39155 40057 57015==
36874 42999 01803 10310 20096 39376 40065 57021=
36877 42999 02802 10294 20074 39202 40074 57016=
36885 42999 01102 10272 20109 39059 40073 57014=
36889 42999 03601 10114 20047 37108 47142 57003=
36894 42999 00502 10324 20061 39414 40068 57017=
36905 42999 00602 10250 20061 38720 48496 57016=
36911 42999 02502 10295 20143 39194 40067 57015=
36927 42699 11402 10245 20077 38348 48500 57012 81100=
36934 42599 21701 10206 20089 38280 48394 57015 82300=
36953 42699 10000 10216 20064 38201 48508 57019 81100=
36963 42799 21103 10162 21014 37082 48/// 57010 82500=
36974 42798 22701 10262 20004 37966 48473 57021 82101=
36982 42999 01102 10126 21082 36599 47157 57010=
37018 42670 62201 10312 20213 30034 40103 57005 85832==
37031 41560 70904 10270 20141 39952 40132 52001 70182 86930 333 90730 91111==
37054 42670 60903 10277 20142 39776 40129 58004 86500==
37061 42560 70906 10322 20074 39982 40136 58013 86531 333 91014 90730 91110==
37085 42570 70908 10313 20099 30170 40145 58002 85502 333 91012 90730 91113==
37171 42770 23104 10280 20222 30084 40101 57002 81130==
37228 42560 83501 10228 20159 39340 40117 52004 8557/==
37235 42/70 32101 10285 20175 39828 40118 57001 8004/==
37472 42560 71205 10262 20226 30158 40138 52002 83571 333 90730 91110==
38149 42970 03502 10342 20051 30081 40151 58014==
38262 42970 01001 10332 20114 30074 40148 57006==
38264 42970 03305 10331 20038 30061 40146 57009==
38345 42999 02604 10278 20061 38779 48503 57015=
38353 42998 02701 10299 20050 39275 40089 57012=
38392 42997 00505 10336 20086 30043 40136 58009=
38396 42960 00404 10326 20061 30023 40136 58009==
38403 42960 00502 10349 20114 30019 40128 58009==
38413 42970 00604 10340 20027 39842 40104 53002==
38457 42960 02502 10332 20073 39558 40088 57007==
38462 42984 02305 10292 20032 38727 48492 57016==
38462 42984 02305 10292 20032 38727 48492 57016==
38507 42998 01706 10348 21007 30028 40121 58002=
38545 42998 03602 10336 20058 39957 40116 58007=
38565 12970 03203 10322 20106 39538 40108 58009 60002==
38579 12984 00901 10325 20071 39709 40087 57004 60002==
38583 12960 02902 10326 20103 39805 40097 58005 60002==
38611 42960 02104 10312 20107 39558 40076 57019==
38613 42999 01902 10305 20117 40070 57017=
38616 42998 02301 10287 20101 39142 40065 58016=
38618 42960 02401 10324 20140 39440 40061 57015==
38647 42998 00606 10350 20002 30073 40111 57007=
38656 42998 00702 10352 20021 30021 40120 58010=
38683 42960 03603 10334 20074 39843 40093 58011==
38687 42997 00202 10334 20043 39892 40106 57005=
38696 12984 02702 10319 20102 39294 40069 57008 60002==
38713 42998 01402 10284 20082 39013 48520 58004=
38750 42997 02902 10312 20209 30159 40133 58003=
38763 42998 00904 10343 20027 30035 40131 54000=
38774 42998 00802 10341 20078 39944 40121 57007=
38799 42997 00503 10351 20062 39903 40112 58004=
38806 42997 02702 10344 20129 39843 40078 58010=
38812 42960 02803 10337 20040 39671 40081 58006==
38836 42999 02502 10331 20123 39167 40009 57017=
38880 48/// 81141 333 58008 81824 63791 32580 50906 10263 20144 39190=
38886 42997 03501 10339 20045 39904 40111 58009=
38895 42996 01501 10344 20086 39844 40106 58007=
38911 42998 03504 10354 20102 39823 40088 58010=
38915 42997 00000 10350 20089 39803 40096 58010=
38927 12960 02801 10341 20048 39735 40075 57015 60002==
38933 42999 03602 10332 20200 39629 40093 58015=
38944 42997 01602 10326 20089 39524 40008 57023=
38954 42899 40000 10313 20097 37906 48430 57020 83901=
38974 42998 00202 10343 20062 39795 40098 58012=
38987 42996 00303 10316 20058 39405 40083 57012=
40030 42570 32704 10320 20197 40090 54000 83500 333 83630=
40080 42965 02408 10322 20094 39400 4//// 58010=
40100 43970 02412 10309 20219 30102 40117 51005 333 58///=
40180 02660 52906 10318 20190 30060 40106 52001 85800 333 70000==
40199 02/// /0305 10352 20157 30079 40103 57009 333 70000==
40255 46/// /2810 10267 29061 3//// 4//// 5////=
40270 41550 32919 10270 20145 39243 40098 57004 70711 83100 333 83830=
40272 41950 02615 10284 20170 39313 40104 54000 70500=
40296 46/// /2303 10362 29044 4//// 5////=
40310 42960 03112 10284 20189 38945 48429 54000=
40340 42960 03514 10340 20160 30047 40108 57007=
40356 42960 02406 10286 20090 39148 48496 333 59004 555 04410 50068=
40357 42960 03309 10342 20080 39453 40042 333 59004=
40360 42960 03014 10318 20120 39522 40081 333 59005=
40361 42960 03011 10328 20070 39341 40085 333 59006=
40362 42960 03007 10365 20040 39564 40044 333 58005=
40373 42960 03612 10396 20050 39644 40030 333 58007=
40375 42960 03505 10323 20060 39249 40071 333 58000=
40394 42960 00308 10350 20110 38993 48505 333 59004 555 04410 50042=
40394 42960 00308 10350 20110 38993 48505 333 59004 555 04410 50042=
40400 42960 02811 10344 20240 30045 40072 333 59014=
40405 42960 03510 10387 20020 39349 40031 333 58002=
40417 42960 03417 10417 20040 39998 40012 333 58012=
40420 42960 03515 10422 20060 39817 40007 333 58007=
40430 42660 21804 10360 20140 39361 40056 82500 333 59007 82645=
40437 42960 03314 10389 20010 39376 40029 333 58003=
40439 42960 12414 10390 20250 30033 40051 80001 333 59022 81070=
40582 32960 03519 10410 20116 40013 58006 333 55310 00921 10000 22863 31086 41338 51868 63949 55407 41777 90400 91025 91127 91219 91319=
40703 42960 00405 10300 20128 38869 40035 57015 333 70000 555 10193 29035 66666 00342 10332 20274 30288 50254 90262=
40706 42960 00706 10308 20085 38613 40024 57014 333 70000 555 10176 29025 66666 00374 10312 20304 30308 50304 90289=
40712 42660 10503 10286 20134 38638 40030 57010 81100 333 70000 81835 555 10190 29039 66666 00317 10258 20251 30251 50244 90230=
40713 42960 01104 10312 20096 38616 40005 58010 333 70000 555 10182 29026 66666 00288 10286 20290 30289 50283 90260=
40718 42460 10302 10311 20226 30150 40123 57011 81100 333 70000 81815 555 10253 29061 66666 00386 10294 20294 30292 50286 90264=
40723 42970 00000 10275 21112 38946 40113 57009 333 70000 555 10118 29007 66666 00346 10304 20246 30252 50262 90252=
40726 42960 03604 10292 20113 38617 40024 57014 333 70000 555 10182 29033 66666 00314 10294 20288 30280 50274 90258=
40727 42965 01603 10328 20053 38443 40005 57012 333 70000 555 10171 29018 66666 00380 10287 20264 30265 50256 90232=
40732 42560 20404 10292 20221 30138 40115 58007 82200 333 70000 82825 555 10244 29066 66666 00320 10314 20294 30292 50276 90260=
40736 42560 13202 10311 20226 30150 40126 58004 81200 333 70000 81825 555 10253 29061 66666 00358 10320 20300 30298 50296 90286=
40737 42560 12802 10325 20213 30097 40114 57010 81100 333 70000 81825 555 10249 29052 66666 00296 10278 20270 30265 50257 90252 77777 00014 10005 20013 30020 50023 70/// 99026=
40738 42660 12603 10327 20179 30132 40134 57009 81100 333 70000 81840 555 10230 29041 66666 00310 10318 20296 30296 50292 90274=
40739 42965 01004 10272 20023 38682 40087 58009 333 70000 555 10142 29020 66666 00320 10324 20274 30284 50288 90285=
40741 42960 03003 10347 20063 39793 40104 57013 333 70000 555 10189 29017 66666 00404 10346 20322 30322 50330 90325=
40743 42970 01004 10304 21011 39036 40081 57015 333 70000 555 10149 29013 66666 00383 10331 20308 30322 50329 90322=
40745 42962 01105 10290 20087 39018 40096 57014 333 70000 555 10173 29028 66666 00368 10302 20262 30272 50272 90275=
40747 42960 03102 10331 21013 38590 40000 57014 333 70000 555 10155 29011 66666 00408 10320 20309 30314 50306 90293=
40754 42662 11504 10307 21058 38805 40053 58010 81100 333 70000 81840 555 10138 29009=
40762 42962 00603 10282 20002 38536 40066 58013 333 70000 555 10139 29016 66666 00390 10306 20266 30276 50288 90280=
40766 42960 01905 10358 21085 38633 49989 58007 333 70000 555 10153 29006 66666 00416 10330 20300 30304 50298 90284=
40768 42962 01204 10315 21014 38236 40008 57013 333 70000 555 10146 29012 66666 00338 10300 20280 30292 50298 90288=
40769 41958 00703 10314 21014 38283 40014 57012 70600 333 70000 555 10146 29012 66666 00392 10326 20302 30306 50316 90298=
40780 41959 02605 10353 20090 38618 49993 58005 70600 333 70000 555 10193 29020 66666 00410 10346 20330 30330 50324 90310=
40782 42965 03102 10379 20010 38788 49990 57011 333 70000 555 10180 29010 66666 00376 10320 20308 30308 50314 90292=
40785 42960 00603 10350 21131 39036 40044 57017 333 70000 555 10148 29004 66666 00430 10380 20370 30380 50390 90390 77777 00/// 10000 20/// 30/// 50/// 70/// 99///=
40791 42965 02602 10356 21080 39287 40053 57015 333 70000 555 10158 29006 66666 00390 10370 20340 30350 50367 90366=
40792 42965 01702 10305 21056 38692 40056 57010 333 70000 555 10137 29009 66666 00376 10340 20304 30318 50344 90320=
40798 42960 03001 10315 21058 37959 40007 56011 333 70000 555 10135 29009 66666 00424 10325 20272 30278 50277 90262=
40800 42960 01002 10333 21024 38445 40026 57012 333 70000 555 10153 29010 66666 00416 10366 20324 30316 50324 90304=
40809 42960 02804 10326 21097 38468 40025 56010 333 70000 555 10138 29006 66666 00386 10334 20296 30304 50308 90304=
40811 41958 02602 10410 20151 39964 49988 58004 70500 333 70000 555 10243 29022 66666 00446 10386 20378 30386 50392 90386=
40812 42960 02703 10434 20109 39636 49978 57002 333 70000 555 10232 29015 66666 00480 10438 20408 30412 50410 90394=
40818 42660 10902 10315 21025 37965 49984 57015 81100 333 70000 81840 555 10142 29011 66666 00328 10291 20293 30304 50324 90308=
40821 42965 02902 10329 21133 38757 40042 58011 333 70000 555 10137 29004 66666 00403 10366 20349 30359 50365 90359=
40829 42960 53609 10377 20081 39507 40035 58015 80006 333 70000 85269 555 10204 29017 66666 00398 10354 20332 30330 50322 90304=
40831 41958 02908 10409 20131 39999 40006 54000 70700 333 70000 555 10235 29019 66666 00486 10424 20394 30394 50390 90368=
40833 42960 02003 10418 20135 39968 49997 58004 333 70000 555 10239 29019 66666 00436 10400 20384 30390 50388 90370=
40835 42960 02203 10409 20091 39226 49990 58002 333 70000 555 10216 29015 66666 00426 10388 20372 30360 50366 90352=
40841 42965 03107 10307 21070 38227 40020 55015 333 70000 555 10132 29008 66666 00304 10324 20298 30304 50306 90296=
40845 42960 03106 10359 20237 30003 40008 52004 333 70000 555 10272 29050 66666 00406 10388 20374 30380 50378 90368=
40848 42960 01003 10360 20053 38472 49976 58010 333 70000 555 10182 29015 66666 00382 10334 20310 30312 50306 90292=
40851 42960 00000 10340 21038 38230 49975 58014 333 70000 555 10150 29009 66666 00436 10352 20322 30328 50336 90328=
40854 42960 00304 10358 21097 38893 40008 57013 333 70000 555 10154 29005 66666 00480 10382 20360 30372 50380 90376=
40856 41950 00602 10323 20018 38601 40024 57017 70600 333 70000 555 10160 29014 66666 00418 10418 20344 30310 50320 90324=
40859 41656 62404 10366 20121 38644 49981 58010 70521 81132 333 70000 81840 84070 555 10210 29023 66666 00404 10324 20298 30296 50304 90297=
40875 41956 11908 10361 20262 30003 40014 58007 70500 81030 333 70000 81360 555 10289 29057 66666 00420 10376 20372 30374 50375 90372=
40879 41956 53302 10394 20041 39373 40000 57019 70510 82076 333 70000 82360 84270 555 10197 29012 66666 00450 10428 20394 30398 50408 90404=
40882 41956 01107 10418 20152 39969 40001 58004 70500 333 79999 555 10246 29021 66666 00444 10398 20378 30386 50380 90366=
40883 41940 11306 10397 20223 39980 40002 58002 70500 81030 333 70000 81360 555 10275 29037 66666 00458 10419 20384 30385 50389 90377=
40893 41956 01408 10324 20257 30007 40012 58011 70500 333 70000 555 10276 29068 66666 00364 10368 20365 30366 50370 90370=
40898 41556 41604 10328 20271 39986 49995 56015 70510 82130 222// 00306 20801 333 70000 82825 83359 555 10286 29072 66666 00450 10408 20366 30370 50374 90360=
41024 42960 03108 10402 20200 30025 40049 333 59026=
41036 42960 01007 10314 20080 38554 48506 333 59009 555 04410 50067=
41055 42960 03610 10305 20060 38359 48501 333 59003 555 04410 50064=
41061 41957 03512 10411 20000 39355 40011 70600 90849 333 58000=
41084 42960 00609 10355 20060 38817 48488 333 58000 555 04410 50016=
41112 42960 00308 10271 20060 37944 48494 333 59006 555 04410 50031=
41114 42960 00212 10268 20050 37978 48495 333 59005 555 04410 50034=
41128 41550 20108 10360 20030 38767 48487 70633 82100 333 58004 82830 555 04410 50021=
41136 42660 30905 10418 20060 39241 49996 83400 333 58011 83640=
41140 41558 12804 10359 20260 30036 40042 70500 81100 333 59015 81830=
41150 42964 03319 10375 20242 40013 333 58016=
41176 44/59 /0608 10380 20275 39992 49998 333 58016=
41184 41957 00920 10438 20007 49999 70600 333 58023=
41194 41956 01316 10442 20064 39984 49989 70600 333 58012=
41196 41956 00916 10439 20036 39958 49996 70600 333 58014=
41216 42960 21007 10415 20219 39985 49989 80001 333 58007 82075=
41217 42960 01007 10418 20217 39957 49984 333 58005=
41246 36/// /0711 10341 20285 30011 40013 333 0E032 55300 25022 58029=
41255 36/// /2503 10408 20127 39490 49961 333 0E030 58014=
41258 36/// /1015 10318 20253 30001 40005 333 0E/// 55310 23212 58026=
41265 36/// /0906 10395 20115 39430 49956 333 0E031 55300 23406 58017=
41267 36/// /0206 10327 20261 30005 40017 333 0E029 58036=
41268 36/// /0314 10360 20221 39959 40003 333 0E029 55300 25022 58036=
41275 36/// /1217 10409 20168 39838 49995 333 0E027 55300 23437 58016=
41288 36/// /0204 10287 20237 39993 40014 333 0E026 58028=
41304 36/// /2713 10426 20165 39686 49969 333 0E030 55300 23460 58004=
41315 26/04 /1608 10231 20230 39236 47250 333 0E024 55300 27726 58003 70014=
41316 21256 81806 10259 20251 30018 40047 70550 886// 333 58005 55407 55408 55507 55508 70014 85704 88714=
41397 40606 10165 20130 40160 5//// 70211 84/// 22224 00131 20000=
41398 33002 10270 20226 40191 5//// 70200 831// 22274 00310 20200 319// 40802 80240=
41480 41956 21208 10329 20264 30029 40037 70644 82030 333 58010 82360=
41497 60112 10300 20260 40208 54000 7//22 83222 22200 0//// 20104 80270=
41498 61418 10240 20210 40180 5//// 7//// 8662/ 22273 06240 20904 80220=
41506 12460 83604 10250 20123 38502 48010 60001 8552/ 333 5688/ 58009==
41508 12440 72301 10286 20205 38637 48160 60001 84720 333 56880 59009==
41515 12860 70000 10248 20155 38536 48010 60001 84520 333 56880 58009==
41523 12460 12703 10320 20205 39045 48000 60001 81400 333 56800 59021==
41535 12960 03101 10280 20191 38675 48560 60001 333 59020==
41536 12960 01801 10310 20210 38975 48790 60001 333 59033==
41560 12960 42301 10250 20176 38281 48960 60001 84030 333 56080 59017==
41571 11640 13106 10320 20187 39493 40042 60001 70500 81800 333 21696 56800 59036==
41598 12960 03102 10320 20265 39775 40032 60001 333 59031==
41600 12960 03101 10330 20238 30000 40033 60001 333 59029==
41620 12440 22701 10300 20152 38540 48470 60001 82500 333 56800 58005==
41624 12960 00501 10335 20244 30000 40042 60001 333 59016==
41630 11440 42701 10320 20258 30000 40053 60001 70400 84400 333 56800 59006==
41640 11440 32302 10330 20246 39807 40042 60001 70400 83530 333 56880 59015==
41660 12460 71310 10260 20154 38402 48870 60001 83430 333 56880 58015==
41678 11440 60000 10350 20253 30000 40053 60001 70500 83520 333 56880 58006==
41696 12460 70901 10240 20148 37982 48730 60001 82520 333 56880 58023==
41697 12460 40000 10340 20265 30000 40065 60001 84500 333 56800 58026==
41700 11440 52702 10340 20265 30000 40040 60001 70422 83530 333 56880 58002==
41710 11940 21801 10370 20055 30000 49983 60001 70600 82030 333 56080 58019==
41712 12440 31301 10350 20104 39118 48790 60001 83500 333 56800 58019==
41715 11440 40000 10310 20269 30000 40059 60001 70522 84530 333 56880 58023==
41718 11440 40000 10330 20268 30000 40047 60001 70400 84500 333 56800 58011==
41725 12440 43601 10325 20255 30000 40058 60001 84800 333 56800 58038==
41739 12440 60904 10325 20156 38957 48460 60001 83530 333 56880 58006==
41744 12440 50000 10285 20025 38739 48760 60001 83520 333 56880 58055==
41749 12440 60902 10330 20246 30000 40043 60001 82530 333 56880 58041==
41756 11940 51803 10330 20246 30000 40017 60001 70504 85030 333 56080 58028==
41759 12440 70902 10335 20266 30000 40012 60001 85510 333 56880 58026==
41764 12440 60406 10315 20252 30002 40050 60001 86800 333 56800 58054==
41768 12440 50000 10335 20266 30045 40052 60001 83500 333 56800 58036==
41780 11440 81106 10300 20251 30016 40043 60001 70400 88620 333 56880 58072==
41785 12960 40000 10320 20258 30035 40048 60001 84030 333 56080 58055==
41859 02450 72302 10350 20260 39999 40036 83520 333 58005 70000 83618 87458==
41883 02450 60000 10334 20250 30013 40033 83520 333 58008 70000 83618 86458==
41891 01450 62702 10340 20260 30008 40045 70522 84330 333 58021 70380 83616 85365 81930==
41907 02450 70903 10350 20270 30016 40030 85810 333 58006 70000 82615 83825 86458==
41923 02456 61202 10334 20250 30027 40037 83530 333 58009 70000 83615 85360==
41936 01450 41706 10340 20260 30021 40028 70522 82630 333 58005 70000 81710 83362==
41943 02450 51802 10330 20240 30037 40044 83430 333 58016 70042 82618 83362==
41950 02450 61502 10322 20250 30032 40035 84431 333 58011 70024 83617==
41978 42458 62109 10320 20250 30039 40045 83530 333 58014 83618 85360==
41992 01430 61810 10310 20260 30046 40048 70522 84520 333 58014 70000 84615 86460==
41997 10711 10285 20237 40175 51015 70200 81008 22253 04280 20201 80250=
42001 31091 99259 70897 46/// /1405 10297 20281 30113 40116 90840 22200 00309 333 91206 555 11056 22060 8//06 90833=
42027 31595 81801 10244 20167 38410 48492 70522 8552/ 333 59025=
42044 32596 63201 10244 20166 38280 48507 82110 333 59026=
42045 32596 20502 10266 20153 38300 48419 82100 333 59028=
42056 32696 22302 10328 20239 39615 82100 333 59020 82840=
42071 32596 42708 10338 20310 40037 84400 333 59017 84630=
42097 31091 99257 70837 46/// ///// 1//// 90926 22200 00299 10402 20402 70008=
42101 32596 33202 10348 20294 40041 83400 333 59013 81630 83835=
42111 22596 70000 10312 20230 39355 40019 83830 333 58015 6992/ 81620 83830 87360=
42123 32696 42702 10344 20258 40036 84800 333 59006 82635 84838=
42131 32696 62504 10340 20256 40038 85401 333 59005=
42165 22696 79902 10364 20236 40025 87800 333 59005 6996/ 84635 84840=
42182 31596 42905 10350 20258 40028 70510 84800 333 59008 83630=
42189 31595 53202 10346 20269 40022 70521 83501 333 59010 83620 85070=
42309 21496 70206 10288 20257 40055 71022 83850 333 58047 6002/=
42314 21596 60206 10286 20258 40051 71062 83530 333 58043 6001/ 83620 85360=
42328 32596 53403 10342 20233 40024 85800 333 58022 83630 83835=
42339 21595 83204 10254 20245 40063 72996 8372/ 333 58023 6023/ 81720 83625 88456=
42348 31596 59903 10330 20238 40043 70522 85400 333 58002 83630 84835=
42361 31596 52301 10348 20277 40028 70510 82530 333 59008 82620 85360=
42369 21596 61402 10296 20293 40025 76162 84330 333 59004 6010/ 84620 81925 85360=
42379 31595 70203 10352 20267 40015 70522 84870 333 57790 59009 82715 84620 85458 87360=
42410 31495 60000 10344 20284 40037 70522 83530 333 58016 83618 85360=
42415 22596 80000 10292 20258 40056 8632/ 333 58035 6992/ 85620 81925 88459=
42452 31596 79902 10324 20241 40033 70522 84530 333 58013=
42492 31496 51803 10366 20267 40015 70522 83430 333 59014 81618 83825 84360=
42559 22596 63602 10318 20259 40016 84230 333 59003 6993/ 84825 86360=
42571 32596 60000 10332 20253 40012 86800 333 59004 82625 84830=
42591 31496 60903 10334 20274 40019 70521 84330 333 59011 83618 83825 81930=
42623 31496 72301 10302 20244 39195 40026 70521 84530 333 58010 84618 87360=
42634 32596 61802 10320 20249 40057 86800 333 58044 84620 83825=
42647 31596 42305 10334 20249 40060 70422 84400 333 56500 58023 84620=
42667 21596 73212 10300 20247 39461 40029 70562 8593/ 333 59003 6990/ 86320 83825 81930 85360=
42675 32596 40502 10324 20247 40010 84400 333 58000 81620 83830=
42701 31596 41104 10306 20277 39310 40007 71022 84800 333 59007 82620 83825=
42724 32496 71801 10334 20268 40039 85330 333 58014 83618 83825 81930=
42737 32596 41805 10320 20243 40056 84500 333 58032 84620=
42754 22496 52906 10298 20236 39421 40035 84830 333 58004 6002/ 83618 83825=
42779 32596 50000 10324 20256 39337 40002 84431 333 59009 82620 84825=
42798 31496 51406 10338 20257 40009 70522 85400 333 59008 83618 83825=
42809 21596 71404 10340 20259 40027 70522 85430 333 58004 6990/ 82620 83825 84360=
42840 32596 51802 10324 20260 40064 83230 333 58017 83825 83360=
42867 31496 53404 10336 20258 40046 70522 83520 333 58021 83618 84458=
42874 32596 31104 10334 20246 49999 83400 333 59014 81620 83825=
42886 32596 50904 10328 20249 40000 84430 333 59016 82620 83825 85360=
42895 21596 50503 10318 20268 40024 83430 333 59002 6991/ 82620 85360=
42909 32596 42004 10302 20280 40063 84800 222// 20000 333 58033 81620 83825=
42971 21495 70703 10302 20272 40006 76062 85720 333 59009 6001/ 82712 84616 87459=
43003 31595 62906 10320 20255 40066 70422 85830 333 58009 82620 83825=
43014 32596 72506 10304 20228 39409 40034 85830 333 58010 83620 83825 85360=
43041 32596 50505 10300 20238 39386 49980 85400 333 59022 83620 85825=
43063 21597 72704 10288 20216 39446 40054 70265 85730 333 56600 59001 6999/ 81722 85626=
43086 22597 83201 10304 20284 39825 49998 8457/ 333 59019 6001/=
43110 21496 82703 10284 20256 40077 72162 8677/ 333 56799 58006 6004/ 83712 84618 85456=
43117 32597 83202 10284 20242 40042 8562/ 333 58007=
43128 21496 89902 10242 20233 39428 40026 76365 8472/ 333 56699 59022 6008/ 81710 83615 88458=
43150 21496 80000 10270 20264 39919 49979 79596 8492/ 333 57971 59019 6016/ 83618 81930 88458=
43185 21596 82702 10248 20246 39982 49985 76166 8472/ 333 59031 6043/ 84718 87458=
43189 21597 80000 10268 20250 39975 49984 72165 8387/ 333 59035 6011/=
43192 21395 83604 10295 20270 40074 76066 8377/ 333 58002 6001/=
43198 21396 82909 10258 20208 39250 40061 70262 8467/ 333 56799 58001 6991/ 85707 84612 85358=
43201 21496 82701 10246 20229 39329 40046 75065 8561/ 333 5669/ 58003 6003/ 83710 83612 88458=
43213 21597 83203 10252 20246 39720 40034 76362 8487/ 333 58004 6002/=
43237 21497 82303 10270 20241 39639 40026 75052 8352/ 333 56699 58003 6001/ 83615 88458=
43245 21597 82506 10274 20248 39998 40024 75162 83877 333 59011 6001/=
43279 32596 72709 10328 20236 30016 40033 84831 333 59010 83620 85360=
43284 21296 82709 10272 20255 39962 40076 76062 8597/ 333 56699 57922 57952 58001 6012/ 82704 83612 81925 88458=
43295 32497 72704 10252 20202 39056 48474 84631 333 56699 59004 82710 83612 85358=
43314 21597 83202 10314 20267 40080 70262 82837 333 59003 6993/=
43321 31496 72314 10314 20220 39612 40046 70522 83332 333 57912 57953 59006 82612 81920 83358 85270=
43329 32597 62702 10342 20276 30021 40034 83531 333 59006=
43333 21496 72306 10264 20247 40070 76062 84420 333 56990 59006 6998/ 83617 84819 86457=
43344 31496 62715 10372 20214 39943 40039 70522 83431 333 59004 82616 83820 85360=
43353 22496 62907 10296 20248 40085 81520 333 56790 58004 6998/ 81610 83614 85459=
43369 21496 83203 10266 20257 40090 70265 8447/ 333 58004 6022/ 84618 86458=
43371 32497 73204 10290 20253 30010 40082 83271 333 59010 81617 83820=
43404 22470 62105 10312 20269 30042 40045 57030 85000 333 553// 20421 59007 60008 91011 555 60008==
43410 22470 4//// 10354 20209 30039 40042 57032 83000 333 59012 60008==
43413 22470 42207 10309 20251 30057 40061 56026 83200 333 553// 20469 59008 60008 91011==
43415 22470 42702 10322 20246 39955 40063 56028 84000 333 59012 60008 555 60008==
43418 22470 62703 10358 20225 30011 40052 57023 85201 333 59010 60008 555 60008==
43421 22470 32703 10330 20226 39955 40058 57027 83000 333 553// 20273 59011 60008 91008 555 60008==
43422 22470 52903 10321 20241 39931 40061 58025 85200 333 59012 60008 555 60008==
43424 22470 62305 10312 20259 30066 40068 57026 81000 333 59007 60008 555 60008==
43436 22070 61102 10312 20255 30054 40057 57018 86000 333 59005 60008 555 60008==
43441 22/70 62303 10298 20229 39940 40071 56024 333 59009 60008 84/18 81/20 555 60078==
43444 21470 62704 10274 20222 39544 40073 57022 72522 85000 333 59013 69918 555 60028==
43450 21470 62308 10296 20257 30080 40092 55015 70282 85101 333 553// 20041 59002 69958 555 69958==
43466 21470 52302 10311 20234 30077 40085 5/018 70382 85000 333 553// 20382 59004 60008 91007==
43467 21/70 72503 10311 20252 30080 40086 57018 70382 333 59004 69988 82816 82918 555 60098==
43473 21/66 72904 10176 20171 38104 48465 57014 75052 85/// 333 553// 20216 59003 60008 84708 83810 91008 555 69908==
43475 22470 61806 10297 20241 30050 40054 57028 86000 333 553// 20203 59011 60008 91010 555 60008==
43476 22470 72301 10240 20195 38744 48492 5/023 84000 333 59009 60008 555 60008==
43479 22470 73402 10282 20206 39227 57017 86000 333 59006 60008 555 60008==
43486 21468 80202 10285 20240 39980 40079 5/022 70582 87000 333 553// 20235 59015 60008 91004==
43495 22470 72006 10274 20249 30067 40080 57/// 87/// 333 59005 60008 81919==
43497 41470 62204 10299 20000 30057 40074 5/022 70116 85000 333 553// 20417 59002 91006==
44212 42584 23503 10215 20066 39087 40134 57019 82200==
44213 42684 20000 10231 21025 38778 40116 57017 82100==
44214 42970 00502 10202 21021 38274 40101 57022==
44215 42670 20403 10199 20014 38410 40121 57018 82100==
44217 32998 00000 10182 21028 37869 40117 57025 333 91200=
44218 42984 00804 10218 20027 38599 40118 57019==
44219 32999 02902 10219 21014 38617 40121 57014 333 91204=
44265 42984 03301 10240 21001 38828 40117 56020==
44266 32699 21304 10170 21012 37809 40136 57013 82200 333 91205=
44404 42358 50904 10278 20188 38112 48435 83250 333 59005=
44416 42560 42603 10353 20265 39277 40009 84400 333 59017=
44424 41560 62410 10254 20159 37646 47083 71792 84380 333 59007=
44434 42560 51408 10330 20246 39156 48467 82130 333 59013=
44438 42558 42206 10354 20268 39902 40024 82130 333 59009=
44449 42560 31604 10358 20300 39872 40021 83200 333 59009=
44454 42458 52212 10282 20226 38612 48453 83330 333 59010=
44462 42358 72702 10256 20221 38238 48446 87800 333 59004=
44474 41025 80806 10244 20197 38225 48464 71042 887// 333 59010=
44477 41550 72402 10274 20237 38775 48492 71022 87400 333 59002=
44478 41558 61607 10336 20273 39942 40024 71722 84330 333 59005=
48010 42557 71401 10313 20267 39899 40047 84870 333 58029==
48020 42457 50000 10330 20275 83900==
48025 42458 71402 10331 20275 39916 40051 84870 333 58020==
48031 42257 71401 10240 20209 87800==
48048 42559 42202 10352 20266 39989 40042 84900 333 59001==
48052 32457 50000 10342 20240 85700 333 56900=
48062 41457 81803 10292 20259 30050 40056 70255 86970 333 58019==
48064 42458 40401 10330 20258 39976 40032 83801 333 58001==
48071 42457 62305 10315 20215 30054 40062 84970 333 58001==
48094 41457 82202 10267 20260 30060 40070 76166 8597/ 333 58011==
50557 14/80 /3102 10202 20054 39770 40056 57011 60001 333 10226 20082 3/008 58013 70000 90761 91108==
51076 14/80 /2402 10238 20042 39313 40149 57020 60001 333 10241 20097 3/009 59020 70000 90761 91105==
51087 14/80 /2302 10238 20042 39178 40148 57018 60001 333 10239 20103 3/008 59020 70000 90761 91107==
51156 14/80 /2104 10214 20040 38688 40146 57018 60001 333 10217 20082 3/007 59025 70000 90761 91108==
51243 14/80 /2501 10286 20072 39611 40121 57023 60001 333 10286 20188 3/018 59035 70000 90761 91107==
51334 14/80 /2902 10291 20088 39734 40112 57026 60001 333 10292 20118 3/012 59047 70000 90761 91104==
51379 14/80 /3401 10258 20074 39244 40139 57019 60001 333 10261 20117 3/010 59043 70000 90761 91105==
51463 14/80 /3004 10240 20049 39005 40127 57020 60001 333 10246 20142 3/010 59047 70000 90761 91107==
51573 14/72 /2102 10336 20083 30043 40089 57022 60001 333 10339 20239 3/023 58019 70000 90761 91108==
51644 14/58 /0903 10267 20108 38927 40104 57013 60001 333 10291 20173 3/019 58046 70000 90761 91108==
51656 14/78 /1802 10266 20144 39115 40104 57012 60001 333 10273 20195 3/020 58039 70001 90761 91105==
51709 14/80 /1605 10266 20123 38616 40096 57010 60001 333 10292 20162 3/015 58039 70000 90761 91108==
51711 14/80 /0502 10236 20103 38029 40051 57017 60001 333 10246 20125 3/010 58028 70000 90761 91106==
51716 14/66 /1201 10262 20156 38891 40107 57015 60001 333 10269 20182 3/018 58041 70000 90761 91104==
51765 14/79 /2601 10266 20137 39172 40102 57010 60001 333 10299 20217 3/022 58050 70000 90761 91106==
51811 14/56 /0702 10252 20158 38775 40101 57008 60001 70500 333 10285 20195 3/018 58040 70000 90761 91104==
51818 14/60 /1103 10269 20125 38627 40085 57012 60001 333 10289 20203 3/019 58029 70000 90761 91108==
51828 14/70 /1003 10212 20166 38634 40113 57019 60021 333 10259 20174 3/018 58035 70145 90761 91106==
51886 14/63 /1402 10222 20094 37144 49999 57019 60001 333 10253 20123 3/014 58017 70011 90761 91108==
52203 14/74 /2402 10300 20072 39265 40084 57022 60001 333 10307 20197 3/020 58034 70000 90761 91107==
52602 14/80 /3402 10242 20090 37282 49978 57023 60001 333 10279 20143 3/014 58019 70008 90761 91112==
52681 14/80 /3204 10268 20132 38621 40071 57009 60001 333 10351 20209 3/022 58084 70000 90761 91112==
52818 14/70 /3203 10252 20095 37249 49967 57020 60001 333 10311 20158 3/015 58024 70000 90761 91109==
52908 14/68 /3104 10190 21015 35847 49939 57016 60001 333 10193 20037 3/002 59008 70000 90761 91111==
53463 14/60 /3405 10197 20182 38804 40057 52012 60081 76050 333 10305 20195 3/021 59019 70081 90761 91114==
54857 14/57 /1403 10276 20236 39993 40081 57009 60001 70500 333 10300 20265 3/025 58006 70000 90761 91107==
55299 14/80 /0103 10185 21019 35912 49943 57017 60001 72100 333 10214 20032 3/001 59016 70000 90761 91108==
55591 14/80 /2102 10270 20021 36534 49867 57031 60001 333 10274 20121 3/009 59035 70000 90761 91105==
56004 14/80 /0203 10204 21047 35898 49929 57017 60001 333 10206 20036 3/101 59008 70000 90761 91107==
56018 14/80 /0403 10209 20027 36235 49913 57012 60001 333 10255 20085 3/007 59002 70000 90761 91112==
56299 57920 87615 81955=
57494 14/74 /2502 10361 20223 30034 40062 57011 60001 333 10368 20261 3/026 58002 70000 90761 91105==
58847 14/61 /1402 10318 20252 39979 40075 52007 60001 333 10359 20280 3/027 58011 70000 90761 91108==
62309 32960 03406 10312 20194 40130 52004=
62325 32560 32705 10323 20241 40122 57002 83100=
62332 32560 33108 10314 20238 40123 52006 83100=
62387 32960 00206 10348 20139 40120 52003=
62420 32960 43503 10349 20162 40125 52005=
62435 32960 03610 10383 20132 40101 52001=
62455 32960 03309 10320 20167 40120 57004=
62458 32960 03014 10307 20206 40106 54000=
62459 32960 03022 10304 20223 40081 57006=
63210 32980 02710 10366 20230 40021 333 58001=
