SMPK OPKC 310600=
41504 02596 82702 10150 20116 37862 48492 60001 8571/ 333 5699/ 58014 60007 82730 83640 88460 RH80%=
41505 22696 80000 10145 20139 38/// 48/// 60002 8667/ 333 5699/ 58/// 83720 83640 87760 90%= 
41515 02697 80000 10220 20174 38544 48509 60001 8452/ 333 5699/ 58023 60007 84650 84458 75%=
41516 12596 70000 10205 20182 38564 48523 69901 85710 333 56990 58014 60007 82820 83640 87460 RH 87%=
41517 02697 50000 10225 20130 37823 48505 60001 83530 333 56990 58003 60007 83635 82360 55%= 
41518 02596 73602 10228 20185 38/// 48/// 60001 86720 333 56990 5//// 60007 83720 83640 85462 76%=
41519 02596 73102 10240 20187 38761 48511 60001 84730 333 56990 59007 60007 81730 83630 85362 RH72=
41520 02596 61802 10200 20136 37657 48251 84670 333 56990 58010 60007 82720 83640 83762 67=
41530 02697 23108 10320 20200 39672 40063 60001 81430 333 56990 59023 81840 49%=
41571 11996 22704 10300 20206 39510 40063 60001 70500 82030 333 56090 59026 RH57%=
41620 32696 23102 10265 20165 38552 48459 60001 82500 333 56900 58006 60007 82640 54%=
41660 02697 71316 10250 20160 38415 48501 60061 85430 333 56990 58021 60017 85835 84358 57%=
41661 02697 51302 10230 20178 38369 48491 60051 83520 333 56990 58017 60007 83635 82460 73%=
41685 02697 40000 10275 20194 38877 48478 60001 84200 333 56900 58004 60007 84840 RH.61%=
41696 02697 60000 10220 20151 37985 48480 60051 84520 333 56990 58018 60007 84640 82460 Rh65%=
41697 02697 80904 10330 20246 40086 60031 8452/ 333 5699/ 58038 60007 84640 84460 RH 61%=
41710 11996 40000 10330 20035 39252 49975 60001 70600 84010 333 56090 59015 84460 RH.16%=
41712 01997 21302 10310 20074 39134 48487 69901 70150 82030 333 56090 58024 69907 82630 RH 24%=
41715 21696 70502 10285 20257 30020 40083 60031 72165 83530 333 56990 58038 60027 83635 84360 RH 85%= 
41724 01696 60510 10310 20269 40090 60041 70522 83520 333 56990 58033 60007 83640 83460 RH 79%=
41725 12596 23602 10305 20256 40072 60001 82800 333 56900 58037 82835 RH 75%=
41726 02696 30000 10305 20264 39973 40041 60001 83500 333 56900 58003 60007 83640 RH 79%=
41738 02696 50514 10360 20187 39864 40033 60001 85600 333 56900 58026 60007 85630 RH 36%=
41739 02696 50906 10300 20198 38970 48455 60001 85500 333 56990 58004 60007 85635 RH 54%=
41742 12997 70000 10305 20225 40050 60001 87010 333 56090 58052 87460 RH 62%=
41743 01696 60502 10290 20248 60001 70300 86500 333 56900 60007 86360 RH 78%= 
41744 01696 80000 10210 20163 38722 48453 60193 72162 8451/ 333 5699/ 58012 60067 84630 88460 RH 74%=
41745 01696 50902 10300 20258 60001 70500 82530 333 56990 60007 82635 83360 RH 78%= 
41746 02696 40000 10315 20252 30022 40074 60001 84400 333 56900 58038 60007 82640 82840 RH 69%=
41747 02696 60502 10310 20254 40061 60001 84630 333 56990 58039 60007 84640 82360 RH 72%=
41748 02696 50502 10305 20256 40083 60001 83530 333 56990 58045 60007 83635 82360 RH 75%=
41749 02696 60904 10300 20235 30017 40050 60001 84530 333 56990 58037 60007 84635 82360 RH68%=
41756 01996 60910 10325 20207 39965 40028 60001 70504 86030 333 56090 58017 60007 86358 RH 50%=
41757 02996 40906 10330 20230 30020 40032 60001 84030 333 56090 58008 60007 84360 RH 56%=
41759 01696 50000 10315 20252 30019 40024 60001 82530 333 56990 58024 60007 82640 83360 RH 69%= 
41760 01595 80926 10300 20258 30009 40022 60001 75000 85630 333 56990 58011 60007 85720 88458 RH 78%=
41764 01596 70912 10300 20258 30016 40064 60001 70500 82610 333 56290 58066 60007 82725 84635 84360 RH 78%=
41765 02596 60504 10310 20261 30028 40062 60001 85630 333 56590 58063 60007 82725 83635 83360 RH 75%=
41766 12696 50504 10305 20264 41050 85530 333 56990 58061 60007 82720 85360 RH 79%=
41767 02996 4//// 10310 20254 60001 84430 333 56990 60007 82840 82360 RH72%=
41768 02596 20000 10315 20267 30061 40068 60001 82600 333 56900 58034 60007 82720 RH76%=
41780 01596 80708 10275 20247 30028 40055 60121 70465 85620 333 56990 58073 69967 83720 85630 88458 RH 85%=
41783 02696 80504 10275 20247 30021 40050 60007 84530 333 56990 58090 60007 84635 84360 RH 85%=
41785 02997 40502 10300 20265 30048 40061 60001 84030 333 56090 58079 60007 84360 RH 82%= 
41786 02696 40906 10295 20232 30026 40062 60001 84500 333 56900 58062 60007 84630 RH 71%=
41BAG 02696 80000 10150 20134 60001 84510 333 56990 60007 84635 88460 90%= 

SMPK OPLA 310600=
=================
41506 02697 83604 10215 20178 38514 48513 60001 8452/ 333 5699/ 58011 60007 84640 85460 79%=
41507 02697 51802 10300 20206 39226 49715 60001 82510 333 56990 59002 60007 82640 83460 57%=
41508 02496 61302 10228 20200 38658 48534 69901 85720 333 56990 58009 60007 82710 83635 83%=
41509 02496 80000 10245 20193 38742 48495 60001 8672/ 333 5699/ 58004 60007 83710 83635 88458 RH 73%=
41510 01696 80000 10160 20144 37937 48529 60101 72162 8352/ 333 56990 58016 60037 83635 85460 90%=
41515 02697 80000 10220 20174 38544 48509 60001 8452/ 333 5699/ 58023 60007 84650 84458 75%=
41523 02697 22704 10290 20211 39055 48505 60001 81440 333 56990 59011 60007 81840 62%=
41524 02697 42302 10305 20195 39295 40110 60001 82520 333 56990 59022 60007 82640 82460 RH 52%=
41525 12997 60000 10210 20130 37706 48383 60001 82037 333 56099 58010 82362 84270 60%=
41528 02997 00000 10265 20207 39184 48504 60001 333 58004 60007 70%=
41529 02696 03602 10335 20219 39718 40077 60001 333 59012 60007 Rh51%=
41534 02997 20000 10300 20243 39682 40077 60001 82030 333 56090 59013 60007 82360 RH 72%=
41535 02997 00000 10240 20179 38689 48468 60001 333 59017 60007 RH69%=
41536 02997 00000 10260 20201 38997 48491 60001 333 59020 60007 70%=
41560 02697 62304 10230 20178 38291 48508 60001 82520 333 56990 58003 60007 82630 84460 Rh73%=
41562 02997 00000 10320 20226 39640 40080 60001 333 58005 60007 RH 58%=
41565 02696 33104 10211 20179 38638 48510 60001 82530 333 56990 58018 60007 82640 81360 83%=
41567 01996 00000 10290 20232 39649 40047 60001 70400 333 59004 60007 71%=
41572 01696 22910 10290 20256 39450 40046 60001 70400 82500 333 56900 59021 60007 82640 RH82%=
41573 02997 01302 10250 20142 37985 48481 60001 333 59005 60007 51%=
41574 02997 02302 10230 20194 38352 48525 60001 333 58006 60007 80%=
41576 01997 13104 10300 20251 40074 60001 70400 81030 333 56090 59026 60007 81360 75%=
41577 01996 02302 10295 20232 39477 40064 60001 70421 333 59023 60007 RH 69%=
41593 01996 00000 10320 20250 39855 40057 60001 70410 333 59007 60007 67%=
41597 02997 00000 10295 20253 40075 60001 333 59020 6007 78%=
41598 02997 23102 10290 20248 39791 40051 60001 82030 333 56090 59030 60007 82360 78%=
41599 01996 03104 10310 20239 39783 40059 60001 70400 333 59025 60007 66%=
41600 02997 03102 10305 20241 39764 40046 333 59034 60007 69%=
41624 02997 00902 10315 20236 39877 40068 60001 333 59002 60007 63%=
41625 02997 00000 10315 20236 39859 40050 60001 333 59019 60007 63%=
41630 01696 42304 10305 20251 40067 60001 70401 84400 333 56900 59010 60007 84640 75%=
41633 02997 00000 10320 20250 4//// 60001 333 5//// 60007 67%=
41633 02997 00000 10320 20250 4//// 60001 333 5//// 60007 67%=
41634 02697 20000 10265 20237 3//// 4//// 60001 82600 333 56900 5//// 60007 82640 85%=
41635 02997 00000 10325 20248 3//// 4//// 60001 333 5//// 60007 64%=
41636 01696 40000 10320 20272 39900 40079 60001 70400 84400 333 56900 59003 60007 84640 76%=
41638 01696 60000 10290 20262 4//// 60001 70421 82570 333 56990 5//// 60007 82640 84460 85%=
41639 02697 23102 10300 20211 3//// 4//// 60001 82500 333 56900 5//// 60007 82640 59%=
41640 01996 03102 10320 20242 39821 40057 60001 70400 333 59012 60007 64%=
41641 01996 23112 10325 20232 39795 40054 60001 70400 82030 333 56090 59016 60007 82360 58%COR=
41641 01996 23112 10325 39795 40054 60001 70400 82030 333 56090 59016 60007 82360 58%=
41642 02997 02704 10305 20256 3//// 4//// 60001 333 5//// 60007 75%=
41643 01996 03102 10320 20258 39800 40063 60001 70400 333 59008 60007 70%=
41644 02997 30000 10305 20264 4//// 60001 83030 333 56090 5//// 60007 83362 79%=
41646 01696 43102 10315 20260 39870 40072 60001 70422 84500 333 56900 59002 60007 84640 72%=
41652 01996 20502 10320 20242 39911 40081 60001 70400 82030 333 56090 58012 60007 82360 64%=
41669 02997 23602 10315 20252 3//// 4//// 60001 82030 333 56090 5//// 60007 82362 69%=
41670 01996 00000 10310 20231 4//// 60001 70400 333 5//// 60007 63%=
41674 01996 20506 10300 20251 3//// 4//// 60001 70400 82030 333 56090 5//// 60007 82360 75%=
41675 01696 23606 10300 20243 39927 40064 60001 70400 82100 333 56900 58006 60007 82840 72%=
41676 01996 33304 10310 20254 39936 40086 60001 70400 83030 333 56090 58004 60007 83360 72%=
41677 01696 40000 10300 20265 39895 40054 60001 70400 84500 333 56900 58012 60007 84640 82%=
41678 01996 30000 10320 20250 40071 60001 70500 83020 333 56090 58022 60007 83460 67%=
41679 01696 50502 10325 20250 4//// 60001 70411 82570 333 56990 5//// 60007 82640 83460 67%=
41680 01695 40000 10315 20267 39878 40066 60001 70410 84400 333 56900 58012 60007 84840 76%=
41700 01696 60504 10310 20261 40061 60001 70422 83530 333 56990 58014 60007 83640 84360 75%=
41701 01696 60506 10315 20274 39935 40072 60001 70422 86400 333 56900 58015 60007 86840 79%=
41716 01696 50504 10315 20250 39984 40083 60001 70411 85400 333 56900 58026 60007 85430 72%=
41718 01696 30000 10310 20269 39967 40067 69921 70410 83500 333 56900 58019 60007 83640 79%=
41BKI 02996 23604 10330 20221 39666 40060 60001 82030 333 56090 59015 60007 82360 RH53%=
41SKP 01696 32702 10300 20258 3//// 4//// 60001 70400 83500 333 56900 5//// 60007 83640 78%=
43532 02697 20000 10260 20217 39288 40059 60001 82500 333 56900 59004 60007 82640 77%=
43533 02997 03102 10275 20194 39167 48477 60001 333 59033 60007 61%=
43563 02997 00000 10289 20219 39403 40061 60001 333 59018 60007 65%=

41526 Not Received
41533 Not Received
41564 Not Received
41568 Not Received
41592 Not Received
41594 Not Received
41672 Not Received
41781 Not Received

UPPK OPKC 310600=
=================
PPAA 8106/ 41515 NO ASSCENT DUE TO OVER CAST=
PPAA 8106/ 41764 NO ASSCENT DUE TO LOW CLOUDS= 
PPAA 8106/ 41516 NO ASSCENT DUE TO AIRMOVEMENT=
PPAA 8106/ 41517 NO ASSCENT DUE TO AIR MOVEMENT=
PPAA 8106/ 41739 NO ASSCENT DUE TO SECUITY RISK= 
PPAA 81051 41780 NO ASSCENT DUE TO RED BALLOON SHORTAGE=
PPAA 8106/ 41715 NO ASSCENT DUE TO LOW CLOUDY RAINY WEATHER=

PPAA 8106/ 41506 MISDA DUE TO OVER CAST=
PPAA 8106/ 41624 MISDA DUE TO TECHNICAL FAULT=
PPAA 8106/ 41646 MISDA DUE TO TECHNICAL FAULT=
PPAA 8106/ 41675 MISDA DUE TO TECHNICAL ISSUE=
PPAA 8106/ 41640 MISDA DUE TO TECHNICAL PROBLEM=
PPAA 8106/ 41678 MISDA DUE TO TECHNICAL PROBLEM=
PPAA 8106/ 41718 MISDA DUE TO TECHNICAL PROBLEM=
PPAA 8106/ 41598 MISDA DUE TO TECHNICAL PROBLEM=
PPAA 8106/ 41600 MISDA DUE TO TECHNICAL PROBLEM=

Data Generated from File : D:\all data handling\Rmc_lhr\2024083106.FSU.txt
31/08/24 07:03:18
______________________________________________________________
15007 05970 13403 10202 20129 39739 40192 52009 60002 7000/ 80001 333 10241 20160 30014 4/000 55302 0//// 20496 3//// 60007 70000 91004 91104=
15020 05970 33001 10208 20132 39992 40182 51011 60002 7000/ 81041 333 10264 20176 30017 4/000 55305 0//// 20560 3//// 60007 79999 91003 91104=
15023 05970 13104 10207 20127 39759 40168 52008 60002 7000/ 81030 333 10265 20180 30018 4/000 55305 0//// 20564 3//// 60007 70000 91006 91107=
15056 05970 10103 10221 20106 39839 40175 52011 60002 7000/ 81040 333 10265 20204 30016 4/000 55302 0//// 20476 3//// 60007 79999 91004 91106=
15069 05964 10501 10120 20104 39154 42836 52007 60002 7000/ 800/1 333 10198 20084 30007 4/000 55302 0//// 20438 3//// 60007 70000 91001 91101=
15073 05/70 /3304 10220 20122 39733 40180 50007 60002 7000/ 333 10247 20200 3/015 4/000 55304 0//// 20456 3//// 60007 70003=
15090 05970 82601 10188 20129 30086 40176 51011 60002 7000/ 85057 333 10266 20169 31014 4/000 55301 00074 20439 30319 60007 70006 91003 91103=
15107 01957 01200 10138 20112 39406 42830 50005 60002 710// 333 10204 20090 30007 55302 0//// 20454 3//// 60007 70000 91001 91102 95000=
15108 02298 30805 10127 20054 38155 48549 52003 60002 81141 333 10132 20114 3//// 55310 0//// 20814 3//// 60007 70000 91007 91107 95100=
15109 05970 22704 10192 20128 39758 40179 51009 60002 7000/ 81041 333 10241 20174 30017 4/000 55302 0//// 20529 3//// 60007 79999 91008 91109=
15111 05970 23304 10203 20131 39914 40168 51010 60002 7000/ 80001 333 10268 20165 30015 4/000 55303 0//// 20447 3//// 60007 79999 91006 91107=
15113 05/66 /2702 10190 20140 30010 40168 51010 60002 7000/ 333 10253 20149 3/016 4/000 55302 0//// 20518 3//// 60007 70001=
15127 05998 22901 10138 20120 39332 42826 50003 60002 7000/ 81041 333 10192 20106 30008 4/000 55300 0//// 20457 3//// 60007 70000 91002 91102 95000=
15148 05970 40502 10169 20078 38754 48534 50000 60002 7000/ 81041 333 10175 20111 31/// 55303 0//// 20341 3//// 60007 70001 91006 91106=
15150 05970 63602 10211 20142 39969 40174 51012 60002 7000/ 82046 333 10263 20159 31015 4/000 55304 0//// 20544 3//// 60007 70001 91004 91104=
15154 05970 33002 10181 20143 30024 40163 51009 60002 7000/ 82031 333 10239 20151 31014 4/000 55307 0//// 20652 3//// 60007 70002 91005 91105=
15168 05/66 /1701 10158 20140 39576 42819 51006 60002 7000/ 333 10186 20136 3/012 4/000 55300 0//// 20315 3//// 60007 70000=
15170 05998 63600 10153 20133 39420 42817 50004 60002 7000/ 80006 333 10173 20104 31014 55303 0//// 20479 3//// 60007 70000 91001 91102=
15194 05970 62705 10191 20137 39889 40174 52010 69902 7000/ 83038 333 10234 20172 31014 55301 0//// 20473 3//// 60007 70009 91007 91109=
15197 05/70 /0501 10199 20140 39960 40163 52006 60002 7000/ 333 10239 20168 3/013 4/000 55301 0//// 20566 3//// 60007 70000=
15215 05962 81001 10163 20148 39594 42819 51006 60002 7000/ 81047 333 10169 20141 31013 55300 0//// 20409 3//// 60007 70017 91002 91102=
15217 05497 73501 10149 20137 39527 42819 52006 60002 7000/ 83670 333 10199 20127 31012 55300 0//// 20356 3//// 60007 70000 91002 91102=
15219 05/70 /3004 10206 20143 30041 40161 52008 60002 7000/ 333 10242 20174 3/016 4/000 55301 0//// 20469 3//// 60007 70000=
15238 05/70 /2000 10166 20142 39577 42820 52005 60002 7000/ 333 10201 20132 3/012 4/000 55305 0//// 20588 3//// 60007 70002=
15261 01505 31301 10145 20145 39388 42834 53004 69942 7284/ 82201 333 10189 20138 31012 55300 0//// 20375 3//// 60007 70004 91002 91102 95090=
15262 02398 40308 10115 20075 38255 48532 55001 60002 84500 333 10124 20105 31/// 55307 0//// 20706 3//// 60007 70000 91013 91114=
15265 05970 63504 10206 20156 30083 40156 52010 69912 7000/ 86070 333 10253 20184 31014 4/000 55300 0//// 20442 3//// 60007 70001 91006 91106=
15280 01299 60410 10061 20039 37566 47140 54000 60022 70242 82572 333 10071 20055 31/// 55301 0//// 20454 3//// 60007 70015 91016 91116=
15300 05999 81901 10174 20140 39563 42819 52005 60002 7000/ 83047 333 10211 20145 31013 55301 0//// 20436 3//// 60007 70000 91001 91102 99021=
15301 05970 70301 10141 20098 38666 48549 54001 69992 7000/ 82048 333 10145 20129 30/// 55300 0//// 20305 3//// 60007 70013 91005 91108 95000=
15302 05998 71201 10134 20124 38962 48535 52004 69962 7000/ 80006 333 10152 20119 31/// 55300 0//// 20278 3//// 60007 70006 91001 91102 95000=
15307 05/70 /0104 10241 20104 39967 40144 53009 60002 7000/ 333 10262 20218 3/021 4//// 55300 0//// 20407 3//// 60007 70000=
15310 05970 73603 10209 20115 30058 40140 51005 60012 7000/ 84078 333 10248 20193 31018 4/000 55300 00042 20285 30260 60007 70015 91007 91108=
15324 05570 81002 10200 20109 39388 42810 50002 69912 7000/ 8537/ 333 10212 20180 30017 55300 0//// 20186 3//// 60007 70017 91004 91106=
15325 05970 80103 10136 20083 38514 48526 55001 60002 7000/ 83047 333 10151 20131 31/// 4/000 55300 0//// 20332 3//// 60007 70010 91008 91111 95000=
15328 05570 83502 10221 20128 39818 40153 53009 60002 7000/ 8532/ 333 10256 20191 31018 4//// 55300 0//// 20270 3//// 60007 70000 91005 91105=
15335 05570 73101 10208 20145 30128 40135 51006 60002 7000/ 84530 333 10232 20191 31018 55300 0//// 20517 3//// 60007 70049 91002 91103=
15336 05/70 /3603 10203 20144 30126 40127 51008 60002 7000/ 333 10230 20184 3/018 4/000 55305 0//// 20612 3//// 60007 70042=
15349 05570 63402 10221 20113 39620 40148 52005 60002 7000/ 86300 333 10236 20191 30018 4/000 55300 0//// 20255 3//// 60007 70000 91005 91106=
15350 05570 60105 10242 20107 30033 40147 53009 69912 7000/ 86500 333 10276 20200 30019 55300 0//// 20193 3//// 60007 70001 91008 91108=
15360 05970 40108 10239 20174 30107 40124 52007 60002 7000/ 83031 222// 06222 20002 333 10256 20229 3//// 60007 70020 91011 91111 92438=
15375 05968 73303 10220 20124 39805 40148 53004 60002 7000/ 87070 333 10251 20185 30017 4/000 55300 0//// 20124 3//// 60007 70001 91004 91105=
15377 02597 70101 10232 20133 39939 40145 53009 60002 87300 333 10251 20183 31017 55300 0//// 20193 3//// 60007 70000 91001 91105=
15387 05970 43604 10239 20193 30122 40125 52007 69972 7000/ 84030 333 10251 20219 32021 4/000 55308 0//// 20739 3//// 60007 70114 91007 91107=
15402 05570 80202 10206 20157 30070 40142 52008 60012 7000/ 8457/ 333 10259 20186 31014 55300 0//// 20190 3//// 60007 70017 91004 91104=
15405 05970 70206 10205 20149 30085 40146 52011 69952 7000/ 87070 333 10246 20198 30019 4/000 55300 0//// 20161 3//// 60007 70005 91008 91108=
15406 05970 83402 10192 20173 30088 40134 51011 60002 7000/ 8807/ 333 10232 20190 31018 4/000 55300 0//// 20108 3//// 60007 70051 91003 91104=
15408 05/70 /0404 10205 20151 39875 40132 52008 60002 7000/ 333 10218 20197 3/020 4/001 55300 0//// 20138 3//// 60007 70170=
15409 05/70 /3605 10212 20161 30081 40127 52004 60002 7000/ 333 10230 20201 3/020 4//// 55300 0//// 20313 3//// 60007 70128=
15419 05570 81100 10211 20158 39967 40155 53007 60002 7000/ 8437/ 333 10242 20193 30017 4/000 55300 0//// 20233 3//// 60007 70000 91001 91102=
15420 05570 83401 10222 20153 30036 40142 53005 60002 7000/ 8437/ 333 10244 20187 30018 4/000 55300 0//// 20272 3//// 60007 70000 91002 91103=
15421 01570 81800 10219 20163 30046 40153 53005 69952 70282 8437/ 333 10254 20198 31/// 4/000 55300 00064 20233 30217 60007 70005 91000 91103=
15422 01570 80700 10227 20161 30045 40142 53006 69982 70282 8437/ 333 10256 20191 31019 55300 0//// 20241 3//// 60007 70008 91001 91102=
15425 05570 83403 10197 20159 30077 40139 51010 69942 7000/ 8357/ 333 10240 20196 31019 4/000 55300 0//// 20112 3//// 60007 70004 91005 91105=
15434 01570 80201 10215 20161 39949 40151 52003 69912 72582 8537/ 333 10228 20197 31019 4/000 55300 0//// 20225 3//// 69917 70017 91003 91103=
15444 07560 83101 10195 20189 30065 40135 52005 60012 7818/ 8437/ 333 10225 20193 31019 4/000 55300 0//// 20048 3//// 69917 70019 91002 91102=
15455 05570 83402 10222 20148 30019 40145 52004 60002 7000/ 8437/ 333 10254 20197 30021 4/000 55300 0//// 20175 3//// 60007 70000 91004 91104=
15460 01463 82901 10198 20187 30112 40136 53004 60062 7616/ 8802/ 333 10222 20190 31019 4/000 55300 0//// 20094 3//// 60037 70065 91002 91102=
15462 01559 83202 10189 20185 30048 40131 54001 60072 78098 889// 333 10226 20186 31019 4/000 55300 0//// 20071 3//// 60077 70072 91002 91103=
15470 05570 73503 10224 20148 30022 40143 52003 60002 7000/ 82370 333 10265 20211 30020 55300 0//// 20175 3//// 60007 70000 91004 91105=
15475 01597 82801 10197 20190 30120 40140 52005 60012 7028/ 8437/ 333 10222 20186 31019 55300 0//// 20124 3//// 69917 70018 91003 91103=
15479 07469 83502 10183 20181 39942 40129 50002 60152 7616/ 8672/ 333 10216 20180 31018 4/000 55300 0//// 20076 3//// 60107 70209 91003 91103=
15480 01557 83102 10201 20192 30111 40128 55007 60572 79598 889// 222// 06240 2//// 333 10250 20182 32019 4/000 55300 10088 20033 30029 60227 70573 91004 91105 92436=
15489 05970 73301 10223 20144 30053 40143 52005 60002 7000/ 87070 333 10241 20209 30021 55300 0//// 20241 3//// 60007 70000 91002 91102=
15491 01967 72401 10206 20180 30115 40144 52008 69922 70282 87070 333 10226 20192 31020 55300 0//// 20251 3//// 60007 70005 91002 91102=
15499 07/70 /3403 10207 20195 30107 40116 51004 62262 7818/ 222//=
15549 11568 70503 10181 20158 39735 40134 52003 60072 72582 87400 333 10214 20176 70070 555 31017 58600 66099 70644=
15552 12570 83404 10204 20171 30059 40106 53013 60012 885// 222// 00279 10201 333 10216 20189 50312 55023 70067 555 31020 582// 92026 92428=
15640 11670 83410 10201 20175 39824 40122 53008 69922 78082 8637/ 333 10226 20196 55010 70006 91116 555 31019 58500 64499 70600=
15655 12568 73401 10227 20176 30077 40108 53003 60002 87200 222// 00257 10301 333 10239 20220 70000 555 30/// 573// 92023 92427=
15730 11670 70000 10205 20153 39749 40126 53002 69902 72581 85336 333 10239 20197 55032 70000 555 39/// 57200 65326 70600=
16627 12565 60000 10238 20174 30107 40113 58004 60002 82151 333 20214 30/// 50500 55076 70000 82830 85357 90730 91104 555 10000 30254 20000 89050 99084 30000 10270 20276 30280 40306 50320 6//// 40000 47614 44240 50000 50198=
16650 12860 30307 10266 20167 30106 40114 55000 60002 82031 333 20238 30/// 55107 70000 90730 91111 555 10000 30266 20000 89038 99086 30000 10276 20304 30300 40270 50302 60286 40000 47616 44270 50000 50204=
16667 12560 13511 10264 20203 30100 40111 51005 60002 81100 333 20242 30/// 55111 70000 90730 91115 555 10000 30282 20000 89039 99073 40000 47615 44280 50000 50224=
16706 12960 00209 10270 20193 30090 40096 51004 60002 333 20220 30/// 55117 70000 90730 91112 555 10000 30270 20000 89046 99071 40000 47603 44240 50000 50220=
16723 12960 00108 10284 20170 30083 40096 52005 60002 333 20250 30/// 50000 55/// 70000 90730 91115 555 10000 30288 20000 89043 99060 40000 47600 44260 50000 50212=
16732 36/// /3612 10263 20215 30099 40109 52004 333 20252 90730 91121 555 10000 30264 20000 89056 99///=
16742 12960 03510 10268 20205 39942 40090 52004 60002 333 20248 30/// 70000 90730 91116 555 10000 30268 20000 89051 99076 40000 47495 44265 50000 50226=
16749 12960 02411 10286 20187 30066 40079 52001 60002 333 20260 30/// 55115 70000 90730 91115 555 10000 30286 20000 89050 99077 40000 47587 44260 50000 50222=
16754 11260 43206 10260 20234 30071 40118 52009 60012 72586 82603 333 20230 31/// 50050 55085 70013 82706 84068 90730 91108 555 10000 30270 20000 89058 99083 60000 60013 60100 70000 77O// 7OR//=
16760 12460 40108 10244 20200 40119 52006 60002 84600 333 20224 30/// 55089 70000 82715 83625 90730 91112 555 10000 30250 20000 89048 99086=
17022 12670 50302 10249 20198 39953 40110 52008 60002 83230 333 20204 30019 50421 55103 22227 83833 85360 91106 92428=
17024 12670 22006 10246 20237 30022 40095 52009 60002 82100 333 20197 31018 50481 55113 82835 91114 92428=
17026 12970 03502 10274 20224 30070 40107 52006 60002 333 20218 30018 50454 55087 22085 91105 92428=
17031 12570 31703 10263 20201 30097 40103 51003 60002 81130 333 20191 31018 70002 81830 83360 91106=
17034 12970 03101 10238 20190 30068 40112 52002 60002 333 20220 32020 50301 55000 91103 92428=
17038 12670 29904 10268 20181 30057 40102 51001 60002 82100 333 20228 30/// 79999 82835 91113 92428=
17042 12670 20904 10262 20194 30074 40111 55001 60002 82100 333 20214 32021 55000 70309 82835 91115 92428=
17050 12670 63501 10247 20157 30067 40126 52002 60002 83270 333 20217 31018 50521 55068 79999 83833 86357 91105=
17056 12970 03006 10243 20174 30105 40109 50001 60002 333 20207 30020 55058 21545 79999 91110 92418=
17060 12560 33206 10242 20176 30072 40118 52003 60002 83100 333 20211 30018 50431 55000 83822 91110=
17070 12665 62801 10185 20146 39274 40101 51008 60002 83250 333 20161 30013 50564 22077 83834 86360 91104=
17074 12970 00000 10162 20155 39215 40112 52004 60002 333 20129 31009 50281 55054 21352 70248 91102=
17084 12970 01802 10216 20180 39238 40096 51002 60002 333 20165 30014 50401 55082 22755 70008 91105=
17085 12970 23203 10235 20175 39634 40094 51003 60002 82030 333 20203 31020 50711 55081 82360 91106=
17092 12960 02301 10236 20131 38826 48483 50001 60002 333 20142 30014 50774 55078 22303 91110=
17096 12660 11012 10193 20107 38233 48483 58001 60002 81100 333 20121 30011 50974 55069 20674 79999 81840 91120=
17098 12660 30305 10176 20128 38209 48503 50000 69922 81130 333 20100 31009 70002 81840 83358 91108=
17100 12670 10000 10252 20160 39156 40083 50002 60032 81100 333 20186 31018 50504 55078 22613 70026 81840 91106=
17112 12970 20602 10251 20163 30110 40112 50001 60002 82030 333 20222 30020 50681 55089 22198 82360 91108 92418=
17115 11660 60000 10220 20195 30067 40116 50003 69922 72582 84230 333 20201 31020 50454 55075 22081 70002 84835 86360 91104=
17116 12662 40901 10233 20178 39997 40112 50003 60002 82230 333 20193 30019 55108 82835 84360 91104=
17124 12960 02603 10191 20139 39236 40108 52006 60002 333 20130 30012 22910 91108=
17128 12970 20601 10213 20121 39050 40082 52004 60002 82030 333 20166 30015 50724 55067 20850 82360 91106=
17135 12670 41401 10224 20153 39256 40077 52004 60002 82150 333 20181 30015 50481 55094 24610 82840 84360 91103=
17140 12965 00403 10219 20104 38685 48483 51001 60002 333 20146 31014 50401 91106=
17150 12660 11501 10220 20161 39993 40110 50006 60002 81100 333 20175 30016 50481 55073 21913 81835 91106=
17160 12970 03505 10213 20122 38984 48485 52003 60002 333 20163 30014 50961 55106 22370 91110=
17170 12660 10104 10262 20098 38312 48470 54000 60002 81100 333 20152 30/// 81840 91113=
17175 12965 03504 10256 20186 30098 40102 52006 60002 333 20224 30020 50601 55109 22303 91106 92427=
17184 12670 13502 10246 20153 39997 40102 50005 60002 81100 333 20196 31018 50261 55076 21834 70050 81840 91104=
17190 12970 00000 10190 20128 38963 48491 52002 60002 333 20148 30014 50681 55084 91104=
17190 12970 00000 10190 20128 38963 48491 52002 60002 333 20148 30014 50681 55084 91104=
17195 12970 20404 10204 20112 38940 48487 52004 60002 82030 333 20143 30013 55091 22106 82362 91116=
17200 12960 00806 10261 20083 39135 40044 52005 60002 333 20171 30/// 91108=
17202 12970 02603 10276 20097 39075 40035 52001 60002 333 20185 30/// 91108=
17203 12970 00801 10260 20114 38828 48508 51001 60002 333 20190 30016 50704 55085 22005 91105=
17210 12670 23501 10300 20095 39062 40007 51006 60002 82100 333 20241 30022 50801 55102 82840 91104=
17219 12965 03512 10266 20161 39966 40102 52005 60002 333 20208 30020 5102/ 55107 22382 91114=
17234 12970 00501 10253 20168 30031 40095 51007 60002 333 20224 30020 50581 55098 22319 91104=
17237 12970 03401 10264 20145 39620 40091 52003 60002 333 20221 30018 50701 55107 91105=
17240 12570 30503 10233 20126 39002 40075 51002 60002 81130 333 20186 30014 50604 55103 22357 81830 83360 91106=
17244 12670 31503 10217 20131 38968 48492 51005 60002 81130 333 20158 31/// 50481 70010 81840 83360 91109=
17248 12970 02302 10215 20121 38950 48489 52008 60002 333 20177 31016 50621 55000 91107=
17250 12670 30601 10217 20103 38782 48492 52005 60002 83200 333 20148 30012 50801 55113 22328 83840 91106=
17260 12960 02911 10290 20139 39251 40004 52004 60002 333 20209 30020 91116=
17270 12970 01101 10316 20130 39432 40024 52009 60002 333 20240 30022 51101 91111=
17275 12970 00000 10282 20080 38920 48475 52007 60002 333 20249 30019 50961 55114 91110=
17280 12960 03507 10313 20110 39293 40011 52005 60002 333 20215 30017 51134 55110 22441 91110=
17290 12970 02701 10292 20160 30059 40089 50004 60002 333 20259 30022 50904 55110 91104 92428=
17292 12970 03003 10222 20139 39361 40074 51004 60002 333 20200 30019 50721 55099 22370 91109=
17300 12960 02703 10296 20206 30010 40076 52008 60002 333 20250 30024 79999 91108=
17330 12670 50201 10304 20199 30057 40074 51007 60002 83130 333 20271 30027 50701 83840 85360 91105=
17350 12670 20203 10292 20216 39993 40066 53001 60002 82100 333 20238 30/// 82835=
17370 11670 53201 10294 20240 30077 40081 52008 69902 70282 85200 333 20264 31025 50641 55096 79999 85835 91110 92428=
17375 12970 00000 10283 20162 30060 40062 52006 60002 333 20237 30020 50881 55104 22470 91102 92408=
33088 32997 01402 10186 20128 30017 40200 52004 333 20122 555 10025=
33135 31997 50901 10180 20114 30072 40214 52005 70241 83031 333 20126 555 10018=
33177 32598 30000 10198 20159 39969 40195 52002 83200 333 20131 555 10027=
33317 32998 00000 10212 20128 39876 40196 52007 333 20134 555 10025=
33393 32660 50000 10186 20160 39821 40196 53005 83130 333 20140=
33415 32997 20000 10197 20146 39814 40193 52005 80001 333 20166 555 10026=
33429 32997 03602 10212 20132 39788 40188 52006 333 20154 555 10029=
33466 32698 80000 10190 20118 30012 40192 52004 8255/ 333 20137 555 10022=
33506 32997 70902 10240 20055 30004 40189 52004 82034 333 20215 555 10033=
33562 32960 20000 10172 20129 39906 40199 52007 82030 333 20139 555 10017=
33587 32998 80601 10237 20090 39928 40176 52001 86051 333 20185 555 1/027=
33658 32980 23103 10184 20145 39903 40190 52008 80001 333 20159 555 10022=
33663 32998 52901 10172 20106 30089 40182 52005 83031 333 20148 555 10022=
33664 32998 50202 10217 20099 39876 40176 52006 82031 333   20168 555   80014=
33678 32898 72801 10205 20068 39993 40191 52008 87050 333   20145 555   80013=
33679 32597 60000 10213 20092 39999 40180 52003 85530 333   20171=
33711 32660 70505 10239 20079 39965 40162 58002 84330 333 20219 84936 555 10027=
33745 32597 60202 10207 20074 30004 40186 52009 83931 333   20170 555   80013=
33748 32997 30602 10240 20084 39892 40159 52003 83030 333   20199 555   80014=
33754 32598 53101 10180 20097 30026 40167 53004 82330 333   20155=
33761 32970 70305 10235 20091 39951 40161 52001 87050 333 20168 555 10027=
33791 12981 10506 10265 20079 30034 40153 51001 69902 82031 333 20243 555 10030=
33815 32598 53601 10217 20060 39956 40153 53006 82531 333   20200=
33837 32678 80000 10223 20108 30089 40138 53007 8255/ 333 20202 555 10022=
33881 32598 63402 10221 20090 39967 40153 52004 85330 333   20182 555   80012=
33883 32898 63603 10215 20085 39992 40145 52002 86030 333   20182 555   80017=
33885 32598 73303 10187 20121 30030 40157 52004 83530 333   20167 555   80011=
33892 32598 70103 10209 20067 39944 40146 52003 84330 333   20177 555   80019=
33902 32597 80202 10232 20091 30077 40133 53005 883// 333 20202 555 10021=
33924 12998 80504 10232 20168 30107 40119 52002 60002 80003 333 20201=
33946 12680 80805 10206 20168 39901 40110 58001 60002 8355/ 333 20194 83642=
33983 11597 70905 10238 20199 30048 40105 52007 60072 70282 84331 333 20208=
34300 32997 60703 10248 20061 30039 40206 51004 80001 333 20198 555 10024=
34336 42998 30703 10237 20092 30124 40222 51006 80001=
34344 82998 00902 10253 20123 30134 40216 51004=
34356 82997 00805 10265 20085 30088 40226 52008=
34357 82998 00803 10256 20089 30072 40216 52005=
34398 31998 02907 10240 20085 30236 40246 52012 70730 333 20155=
34415 32970 70000 10225 20085 30104 40195 52008 80006 333 20160 555 10025=
34438 82997 80706 10260 20060 30020 40199 52005 80002 333 91110=
34445 82998 20804 10267 20083 30104 40210 52004 80001=
34461 82997 00604 10271 20082 30170 40221 52007=
34473 32597 10807 10252 20081 30200 40236 52013 81500 333 20184=
34476 82998 00806 10260 20069 30223 40230 52013 333 91010 91111=
34504 32970 50705 10250 20063 30006 40169 52006 85030 333 20231=
34535 82998 71002 10256 20047 30125 40192 52004 80004=
34545 82998 60605 10274 20041 30090 40193 51004 80001=
34555 82998 30403 10240 20137 30126 40212 52008 80004=
34560 42997 20809 10248 20113 30036 40214 52010 80001 333 91112=
34578 82997 00904 10269 20092 30202 40208 52011=
34579 82998 00504 10267 20080 30174 40215 52012 333 91110=
34644 82997 60503 10253 20072 30111 40183 52005 84032=
34646 82998 80604 10238 20128 30109 40186 52005 80001=
34655 82997 50505 10291 20047 30133 40188 50003 85030=
34662 82998 20402 10282 20049 30191 40201 52007 80001=
34691 31998 00908 10262 20071 30227 40216 52013 70730 333 20199=
34720 82598 60504 10239 20102 30128 40165 52005 82544 333 20218=
34727 82597 60905 10244 20064 30119 40149 52013 83401 333 91111=
34743 82997 70805 10277 20053 30095 40177 52002 80005 333 91011 91111=
34759 82598 70606 10280 20064 30051 40172 52001 82501 333 91011 91111=
34772 82998 00606 10294 20026 30189 40192 52005=
34785 82998 00606 10280 20077 30215 40194 52010=
34798 32997 00706 10277 20111 30220 40193 53012 333 20178=
34824 81997 80905 10243 20123 30126 40131 52007 70224 82031 333 20231 91110=
34838 42997 80804 10235 20069 30055 40145 51011 8807/ 333 20204=
34845 82998 81003 10234 20084 30061 40162 52007 80031=
34858 42997 60702 10234 20086 30063 40164 52005 85031 333 20180=
34861 82998 61108 10262 20034 39943 40169 52003 83034 333 91013 91112=
34866 82998 60908 10299 20042 30179 40171 52003 80001 333 91012 91112=
34880 82997 20504 10286 20089 30205 40181 52006 80001=
34887 82998 60502 10285 20088 30193 40176 52004 80006=
34949 82698 80809 10222 20114 39629 40140 52006 82331 333 91012 91112=
34954 82998 80601 10239 20106 39991 40153 52005 80002 333 20151=
34958 42598 81301 10219 20133 39967 40154 52007 86501=
34975 42998 51105 10275 20140 30162 40158 52004 80004=
34984 82998 50606 10287 20152 30195 40167 52006 80002 333 91111=
35217 32997 00205 10222 20069 30210 40248 52004 333 20140=
35302 32998 00907 10227 20097 30234 40254 52007 333 20159=
35315 32998 00606 10225 20085 30180 40233 52009 333 20146=
35344 12999 00507 10188 20087 39962 40233 52009 69940 333 20104=
35345 36/// /0506 10191 20063 39926 40229 51007=
35358 32997 23408 10202 20081 30051 40210 52014 82040 333 20145=
35368 32599 50106 10200 20099 39945 40194 52005 83202 333 20134=
35386 32598 63503 10182 20063 39671 40156 58003 86900 333 20102=
35394 11698 63303 10182 20074 39513 40142 58002 69930 70282 86200 333 20114=
35404 32998 01006 10240 20090 30232 40240 52010 333 20166=
35406 32997 00604 10230 20094 30229 40231 52005 333 20170=
35416 32698 01201 10257 20107 30134 40245 52001 333 20135=
35426 32999 00404 10224 20093 39949 40219 52011 333 20137=
35437 32998 20909 10210 20090 39923 40214 52011 80003 333 20143=
35449 32999 30605 10241 20150 30084 40180 52014 80003 333 20192=
35497 12698 63202 10182 20093 39400 40140 52003 60010 82232 333 20114=
35498 12698 63203 10190 20099 39319 40130 57001 69940 86500 333 20120=
35514 32998 00506 10242 20098 30220 40216 52004 333 20168=
35519 31998 00507 10249 20084 30140 40206 52005 70730 333 20178=
35522 32998 00808 10233 20100 39978 40211 52009 333 20158=
35542 31599 70504 10155 20135 30076 40215 52015 72581 86902 333 20178=
35563 32598 83503 10180 20062 39452 40169 52005 84801 333 20134=
35576 32998 60505 10213 20071 39741 40155 52005 80001 333 20139=
35582 12998 53205 10199 20105 39590 40144 58001 69940 80003 333 20126=
35594 32599 63405 10212 20075 39352 40119 58006 82289 333 20150=
35605 32998 00208 10251 20092 30227 40207 52008 333 20194=
35633 11998 20413 10215 20108 30001 40199 52012 60020 70298 82080 333 20162 91015 91116=
35671 32598 60304 10233 20102 39760 40153 52001 82541 333 20140=
35699 32997 63201 10264 20050 39424 40104 58015 83084 333 20134=
35700 32998 00707 10260 20105 30219 40197 52007 333 20204=
35715 32999 00506 10292 20097 30200 40187 52008 333 20206=
35739 32999 20502 10273 20099 30044 40170 51010 82100 333 20180=
35746 31598 80604 10195 20143 30123 40186 52020 71798 86951 333 20198=
35777 32997 00000 10224 20048 39889 40200 58012 333 20127=
35796 32997 11703 10230 20154 39729 40125 58009 80001 333 20145=
35816 36/// /0706 10305 20094 30183 40194 51007=
35849 32598 60306 10275 20103 30093 40171 52013 86300 333 20174=
35895 32998 52301 10243 20099 39729 40132 58007 85030 333 20150=
35907 32998 00905 10249 20177 30197 40169 52003 333 20187=
35925 32998 03603 10318 20074 30062 40162 52005 333 20165=
35927 32998 00702 10312 20063 30161 52005 333 20171=
35953 32999 53607 10276 20092 30038 40155 52008 84062 333 20190=
35969 32999 33401 10301 20054 39985 40140 58004 80001 333 20137=
35997 32998 00501 10274 20092 39728 40119 58011 333 20129=
36259 82699 22301 10157 20010 38259 48516 57016 82401=
36335 11599 73104 10158 20122 39184 40135 57003 60030 70282 87300 333 20138=
36358 32599 70000 10213 20062 39185 40112 58012 87300 333 20144=
36394 32597 70402 10248 20082 39739 40121 58016 85330 333 20164=
36397 32699 52504 10270 20065 39602 40108 58019 83230 333 20174=
36403 32698 53202 10245 20082 39796 40122 57012 85900 333 20174=
36418 32799 21205 10250 20038 39574 40129 58017 82200 333 20116=
36421 32699 33301 10220 20118 39623 40137 58021 82502 333 20102=
36428 32799 32002 10270 20069 39676 40125 58021 82541 333 20103 95000=
36439 32798 51205 10202 20053 38970 48528 58017 82531 333 20083=
36467 32699 62703 10240 20074 39246 40099 58015 85570 333 20088=
36498 32698 22205 10252 20062 39400 40113 58018 82101 333 20120=
36501 32699 30000 10252 20096 39426 40102 58016 82202 333 20160=
36535 32999 01004 10253 20073 39557 40127 57024 333 20079=
36546 32699 22004 10246 20063 39651 40139 58016 82100 333 20109=
36619 32999 00902 10279 20083 333 20130=
36622 32798 32302 10256 20054 39389 40112 57020 83100 333 20117=
36639 32999 01602 10277 20090 39568 40109 57019 333 20050=
36643 32999 03404 10260 20065 39527 40122 58020 333 20121=
36665 32999 00903 10266 20079 39463 40113 58023 333 20142=
36666 32999 00708 10233 20141 39684 40130 57023 333 20097=
36729 32998 03201 10263 20079 39676 40109 57019 333 20101=
36736 32999 00903 10272 20076 39628 40125 57023 333 20115=
36744 32998 01302 10281 20082 39715 40118 58005 333 20126=
36770 32999 03501 10281 20082 39450 40100 57015 333 20075=
36786 32999 02502 10268 20053 39271 40095 57013 333 20138=
36796 31998 00000 10245 20094 39008 48519 58021 70241 333 20039=
36803 32999 00102 10248 20127 39716 40122 58015 333 20155=
36806 32999 41606 10274 20011 39706 40110 57004 82052 333 20158=
36819 31998 32009 10265 20030 39557 40110 58011 71800 80001 333 20146 91116 91804=
36821 32999 00000 10288 20059 39672 40111 58013 333 20120=
36839 32999 00302 10266 20075 39070 40086 57012 333 20093=
36843 32998 00402 10260 20055 39035 40095 57009 333 20136=
36846 32999 02704 10223 20019 38610 48509 57010 333 20090=
36859 32999 01201 10289 20093 39399 40099 57020 333 20143=
36870 32997 01801 10262 20146 39170 40083 58008 333 20141=
36874 32999 00903 10260 20078 39397 40099 57010 333 20095=
36877 32999 00000 10254 20076 39218 40103 58009 333 20079=
36885 32999 03404 10242 20084 39073 40101 58005 333 20121=
36889 32999 01602 10115 21044 37111 47142 58001 333 20046=
36894 32999 00506 10282 20086 39431 40095 58014 333 20177=
36905 32999 01101 10213 20081 38736 48516 57012 333 20126=
36911 42999 00000 10262 20122 39209 40094 58010 333 20115=
36927 42999 01402 10218 20093 38360 48515 58011 333 20122=
36934 42699 11801 10200 20102 38295 48415 53008 81200 333 20133=
36953 32999 02801 10179 20071 38220 48508 57017 333 20058=
36963 42999 01602 10116 20004 37092 48/// 58008 333 20023=
36974 42998 02301 10228 21002 37987 48501 57016 333 20075=
36982 42999 02306 10108 21044 36609 47166 58008 333 21029=
37018 81698 70501 10252 20202 30039 40109 52003 70282 86932=
37031 82597 80902 10235 20156 39951 40133 52007 8697/=
37054 82598 80602 10206 20136 39780 40143 52006 885//=
37061 82597 70802 10227 20155 39995 40153 52008 86531=
37085 82998 60706 10281 20169 30172 40147 53005 80001=
37171 42998 30101 10252 20216 30086 40103 58002 83030=
37228 82598 52901 10212 20160 39336 40117 52002 83130=
37235 82698 61901 10224 20172 39829 40125 52007 8454/=
37472 82997 51304 10261 20210 30156 40135 52003 82071=
38149 42998 00102 10285 20103 30095 40166 52008 333 20115=
38262 32998 00000 10291 20149 30080 40155 58006 333 20143=
38264 42998 00403 10317 20017 30070 40155 52004 333 20157=
38345 42999 00000 10270 20105 38794 48512 58014 333 20095=
38353 42998 02302 10277 20082 39287 40108 58002 333 20150=
38388 32998 00000 10304 20127 30083 40148 53002 333 20174=
38392 32997 00803 10312 20092 30052 40147 52007 333 20178=
38396 42997 00503 10293 20095 30032 40147 52005 333 20165=
38403 42997 00503 10307 20110 30028 40138 52004 333 20224=
38413 42998 00903 10308 20038 39840 40104 58026 333 20230=
38457 32997 03301 10295 20106 39565 40102 52005 333 20174=
38462 42999 02702 10267 20041 38743 48502 58016 333 20096=
38462 42999 02702 10267 20041 38743 48502 58016 333 20096=
38507 32998 00805 10327 20043 30030 40124 54000 333 20227=
38545 32998 03201 10306 20103 39964 40125 52006 333 20165=
38565 32998 00402 10308 20109 39547 40119 54000 333 20118=
38579 32999 00301 10294 20105 39713 40096 57002 333 20173=
38583 32997 03201 10285 20151 39810 40105 52001 333 20154=
38599 32998 02404 10302 20080 39626 40096 57006 333 20172=
38611 42997 01502 10275 20131 39577 40102 57007 333 20181=
38613 42999 01801 10273 20105 40097 58004 333 20160=
38616 42998 02001 10263 20112 39158 40092 56001 333 20141=
38618 32997 02901 10290 20150 39455 40084 57002 333 20165=
38647 32998 00704 10289 20032 30080 40119 52008 333 20199=
38656 32998 00902 10330 20030 30031 40131 52007 333 20192=
38683 42997 03603 10295 20130 39854 40107 52004 333 20159=
38687 32997 00702 10315 20097 39897 40112 58007 333 20180=
38696 32999 02902 10290 20123 39302 40085 58001 333 20164=
38713 32998 00502 10282 20095 39017 48530 54000 333 20149=
38750 32997 02702 10298 20190 30162 40135 52016 333 20200=
38763 32998 00903 10282 20080 30035 40133 52008 333 20203=
38774 32998 01101 10321 20094 39951 40129 58001 333 20218=
38799 32997 03402 10311 20073 39907 40120 52009 333 20155=
38806 32997 03601 10304 20181 39853 40090 52007 333 20166=
38812 42997 02904 10315 20062 39677 40090 52008 333 20169=
38836 32999 00000 10290 20124 39184 40039 58007 333 20177=
38880 22997 00902 10318 20052 39888 40121 51008 333 20194 60002=
38886 32997 03303 10298 20088 39913 40123 52005 333 20166=
38895 32996 00000 10308 20106 39851 40117 52003 333 20150=
38911 32998 01602 10278 20092 39833 40105 52011 333 20190=
38915 32997 01801 10299 20110 39813 40111 51003 333 20185=
38927 32960 02302 10300 20058 39750 40096 58004 333 20168=
38933 32999 02302 10290 20177 39644 40117 52012 333 20164=
38944 32997 00902 10295 20109 39547 40037 58002 333 20192=
38954 32899 53002 10242 20119 37926 48460 58014 84901 333 20153=
38974 32998 03201 10289 20043 39807 40116 52009 333 20184=
38987 32996 00201 10278 20070 39417 40105 58006 333 20150=
40030 32570 22702 10290 20197 40093 53002 82500 82500 333 20248 30/// 55113 82630=
40066 32570 52803 10250 20205 4//// 5//// 85400 333 20230 845626=
40080 32965 02106 10253 20167 39410 4//// 52010 333 20202 30///=
40100 43960 11909 10302 20218 30095 40110 51007 6///1 333 58///=
40180 12560 51902 10293 20211 30058 40105 52008 60002 85800 333 10293 20260 70000=
40199 129// /0204 10306 20193 30088 40111 52005 60002 333 10346 20270 70000=
40255 36/// /2706 10237 29078 3//// 4//// 5////=
40270 31550 42711 10236 20167 39247 40106 52006 70511 84100 333 20208 30019 84830=
40272 31645 02512 10236 20170 39313 40107 52005 70500 333 20186 30017=
40296 36/// /2404 10325 29056 4//// 5////=
40310 32960 02714 10224 20161 38945 48425 5//// 333 2//// 3////=
40340 32960 03510 10290 20189 30054 40115 52002 333 20262 30025=
40356 42960 02708 10220 20150 39152 48498 333 20193 59008 555 04410 50077=
40357 42960 03215 10287 20100 39462 40053 333 20257 59007=
40360 42960 02910 10258 20150 39529 40090 333 20207 59011=
40361 42960 02911 10269 20110 39354 40113 333 20238 59002=
40362 42960 03111 10317 20020 39569 40049 333 20245 59004=
40373 42960 03210 10348 20050 39650 40037 333 20286 59001=
40375 42960 03506 10280 20080 39256 40078 333 20250 58001=
40394 42960 03310 10308 20100 39002 48512 333 20274 59005 555 04410 50055=
40394 42960 03310 10308 20100 39002 48512 333 20274 59005 555 04410 50055=
40400 42960 00000 10328 20240 30043 40070 333 20283 59012=
40405 42960 03215 10344 20030 39357 40051 333 20260 59003=
40417 42960 03211 10371 20160 30003 40017 333 20302 58005=
40420 41957 03413 10373 20060 39824 40017 70700 333 20304 58000=
40430 42660 31402 10295 20190 39370 40080 83500 333 20242 59008 83645=
40437 42960 03308 10350 20020 39385 40039 333 20292 58000=
40439 42960 13206 10354 20230 30041 40059 80001 333 20316 59031 81070=
40582 32960 03416 10375 20109 40020 52013 333 55309 00656 10000 22075 30792 41279 51680 62868 55407 41283 90400 91023 91123 91217 91313=
40703 12960 00000 10252 20131 38884 40057 58001 60001 333 30016 50821 70000 555 10178 29047=
40706 12960 00710 10254 20092 38627 40050 52001 60001 333 30020 51441 70000 555 10160 29036=
40712 12660 13602 10253 20136 38648 40045 52006 60001 81500 333 30012 50671 70000 81640 555 10180 29048=
40713 12960 01107 10268 20107 38626 40023 51007 60001 333 30021 50971 70000 555 10171 29037=
40718 12460 13102 10288 20218 30161 40134 51007 60001 81100 222// 0//// 20301 333 30019 50441 70000 81815 555 10241 29066=
40723 12970 01402 10232 20009 38955 40125 50002 60001 333 30/// 51051 70000 555 10123 29023=
40726 12960 03605 10248 20124 38631 40045 52013 60001 333 30011 50601 70000 555 10172 29046=
40727 12965 01503 10277 20047 38455 40029 51005 60001 333 30014 51141 70000 555 10150 29023=
40732 12560 43605 10284 20212 30145 40122 51011 60001 84500 333 30024 50441 70000 84627 555 10236 29065=
40736 12560 23101 10297 20226 30154 40130 52008 60001 82200 333 30021 50481 70000 82825 555 10249 29066=
40737 12960 03601 10320 20209 30107 40124 52005 60001 333 30019 50421 70000 555 10245 29052=
40738 12960 02702 10292 20186 30141 40143 52010 60001 333 30015 50831 70000 555 10223 29053=
40739 12965 00504 10238 20016 38691 40103 50009 60001 333 30015 51191 70000 555 10126 29023=
40741 12960 03303 10306 20069 39806 40118 52004 60001 333 30017 51121 70000 555 10176 29023=
40743 12970 01004 10261 20007 39051 40101 50002 60001 333 30018 51381 70000 555 10135 29019=
40745 12965 00903 10260 20071 39032 40115 51006 60003 333 30010 50711 70000 555 10155 29030=
40747 12960 03404 10274 21025 38604 40028 51006 60001 333 30020 51371 70000 555 10130 29014=
40754 12660 11703 10286 21073 38815 40066 51007 60001 81100 333 30018 50341 70000 81840 555 10127 29009=
40762 12962 01203 10238 20008 38549 40083 50005 60001 333 30008 50961 70000 555 10123 29022=
40766 12960 02403 10301 21022 38640 40000 50001 60001 333 30011 51201 70000 555 10142 29012=
40768 12962 03302 10234 20005 38249 40041 50003 60001 333 30008 51141 70000 555 10119 29022=
40769 11959 00502 10255 21006 38295 40042 51009 60001 70600 333 30012 51201 70000 555 10125 29018=
40780 12960 01502 10328 20090 38623 49995 52005 60001 333 30020 51001 70000 555 10185 29023=
40782 12965 00501 10346 20021 38799 49997 50004 60001 333 30011 51081 70000 555 10171 29013=
40785 12960 00000 10280 21040 39053 40071 52009 60001 333 30018 50961 70000 555 10132 29012=
40791 12965 02802 10296 21071 39302 40071 51011 60001 333 30017 51301 70000 555 10135 29009=
40792 12965 02402 10265 21034 38702 40067 51008 60001 333 30010 50981 70000 555 10125 29014=
40798 12960 03001 10258 21040 37970 40028 51003 60001 333 30008 51251 70000 555 10116 29014=
40800 12960 00702 10297 21027 38457 40044 52007 60001 333 30014 51281 70000 555 10138 29012=
40809 12960 00000 10299 21097 38478 40036 52002 60001 333 30011 51311 70000 555 10127 29007=
40811 12960 02902 10352 20145 39968 49992 52015 60001 333 30027 51371 70000 555 10222 29029=
40812 12960 01402 10397 20096 39638 49981 52014 60001 333 30023 51341 70000 555 10216 29016=
40818 12960 00101 10270 21038 37980 40006 57003 60001 333 30013 51221 70000 555 10121 29013=
40821 12965 03403 10280 21081 38768 40059 51007 60001 333 30019 51601 70000 555 10123 29009=
40829 11958 03512 10326 20053 39522 40054 50003 60001 70700 333 30023 52191 70000 555 10177 29018=
40831 12960 03010 10358 20141 39999 40006 51008 60001 333 30027 51841 70000 555 10223 29027=
40833 12960 02601 10352 20120 39972 40002 52004 60001 333 30023 51101 70000 555 10212 29025=
40835 12960 00000 10372 20097 39228 49990 51007 60001 333 30020 50921 70000 555 10206 29019=
40841 12960 03103 10260 21038 38242 40037 53003 60001 333 30012 50971 70000 555 10119 29014=
40845 12960 03306 10352 20220 39999 40004 52015 60003 333 30033 51341 70000 555 10261 29047=
40848 12660 10000 10324 20029 38482 49983 51007 60001 81400 333 30013 51321 70000 81640 555 10162 29015=
40851 12960 10000 10300 21023 38244 49997 51007 60001 80001 333 30015 51761 70000 81070 555 10138 29012=
40854 12960 00000 10337 21089 38906 40020 51007 60001 333 30022 51061 70000 555 10147 29006=
40856 11950 00503 10285 20012 38618 40047 50002 60001 70600 333 30011 51091 70000 555 10144 29017=
40859 11656 50000 10336 20100 38654 49991 51013 60001 70510 81550 333 30020 51261 70000 81640 84360 555 10192 29024=
40875 11950 11808 10353 20282 30010 40021 52024 60001 70500 81030 333 30027 50941 70000 81360 555 10300 29067=
40879 11956 00102 10368 20034 39392 40019 50000 60001 70500 333 30027 52021 70000 555 10186 29012=
40882 11950 00906 10364 20260 39973 40005 52016 60001 70500 333 30030 50801 79999 555 10288 29055=
40883 11940 00606 10383 20201 39982 40004 51013 60001 70500 333 30032 50641 70000 555 10259 29035=
40893 11950 01310 10317 20270 30018 40023 52018 60001 70500 222// 00305 20402 333 30030 50741 70000 555 10283 29076=
40898 11556 21503 10333 20252 30001 40010 56003 60001 70500 82600 222// 00304 20801 333 30025 50791 70000 82720 555 10275 29063=
41024 42660 33210 10349 20260 30039 40064 83500 333 20322 59018 83640=
41036 42560 22005 10254 20120 38562 48513 82400 333 20200 59006 82630 555 04410 50097=
41055 42560 23015 10256 20090 38365 48508 82400 333 20218 59003 82630 555 04410 50074=
41061 41956 03514 10350 20100 39368 40027 70700 333 20294 59001=
41084 42960 03410 10302 20080 38832 48502 333 20262 58001 555 04410 50036=
41112 42960 02010 10230 20080 37953 48505 333 20175 59003 555 04410 50049=
41114 42960 00212 10240 20080 37986 48504 333 20176 59004 555 04410 50046=
41128 41557 30108 10328 20050 38776 48496 70610 83400 333 20250 59004 83630 555 04410 50031=
41136 42960 00000 10380 20080 39247 40005 333 20310 58002=
41140 41959 01604 10329 20260 30046 40052 70500 333 20292 59020=
41150 42964 03315 10367 20252 40013 333 20344 30034 58005=
41176 44/59 /3612 10378 20230 39995 40001 333 20265 58006=
41184 41958 00920 10420 20055 40005 70600 333 20298 58010=
41194 12960 01116 10397 20193 39998 40003 60001 333 20330 58010=
41196 12960 01210 10399 20186 39972 40010 60001 333 20308 58011=
41216 42960 20806 10364 20284 39995 49999 82030 333 20329 58003 82368=
41217 42960 09904 10359 20285 39970 49997 333 20324 30031 58005=
41246 36/// /0907 10331 20278 30019 40021 333 0E032 20304 55300 25022 58022=
41255 32960 01206 10341 20184 39512 41001 333 20280 3/030 58015=
41256 32960 00509 10333 20255 39998 40015 90545 333 20297 58020 55407 55408 55507 55508=
41263 36/// /1305 10346 20186 39454 49984 333 0E030 20292 55300 21921 58014 =
41265 36/// /2402 10341 20187 39452 49987 333 0E031 20270 55300 21848 58016 =
41275 36/// /1113 10326 20216 39858 40019 333 0E027 20265 55300 21663 58010 =
41288 36/// /2405 10263 20234 30005 40027 333 0E026 20244 58015 =
41315 26/04 /1607 10229 20228 39247 47353 333 0E024 20224 55300 27667 58001 70014 =
41316 01255 89905 10256 20248 30031 40060 69981 70550 886// 333 20249 58005 55407 55408 55507 55508 70014 85706 88714=
41396 42862 33302 10345 20216 39337 40016 83030 333 20288 3//// 58008 83358=
41397 62007 10250 2//// 40220 52005 70222 84598 22200 00261 20401 314// 41003=
41398 62515 10280 20252 40197 5//// 70111 8/662 22273 04300 20504 327// 40505 80260=
41480 41956 10910 10257 20257 30033 40042 70544 81030 333 20278 30/// 58006 81360=
41497 72024 10288 20252 40146 53014 75800 8471/ 22214 00276 20602 316// 40804 80261=
41498 1//// 10279 20252 40152 58014 700// 81100 22263 00310 2//// 80259=
41506 02697 83604 10215 20178 38514 48513 60001 8452/ 333 5699/ 58011 60007 84640 85460=
41508 02496 61302 10228 20200 38658 48534 69901 85720 333 56990 58009 60007 82710 83635=
41515 02697 80000 10220 20174 38544 48509 60001 8452/ 333 5699/ 58023 60007 84650 84458=
41523 02697 22704 10290 20211 39055 48505 60001 81440 333 56990 59011 60007 81840=
41535 02997 00000 10240 20179 38689 48468 60001 333 59017 60007=
41536 02997 00000 10260 20201 38997 48491 60001 333 59020 60007=
41560 02697 62304 10230 20178 38291 48508 60001 82520 333 56990 58003 60007 82630 84460=
41571 11996 22704 10300 20206 39510 40063 60001 70500 82030 333 56090 59026=
41598 02997 23102 10290 20248 39791 40051 60001 82030 333 56090 59030 60007 82360=
41600 02997 03102 10305 20241 39764 40046 333 59034 60007=
41620 32696 23102 10265 20165 38552 48459 60001 82500 333 56900 58006 60007 82640=
41624 02997 00902 10315 20236 39877 40068 60001 333 59002 60007=
41630 01696 42304 10305 20251 40067 60001 70401 84400 333 56900 59010 60007 84640=
41640 01996 03102 10320 20242 39821 40057 60001 70400 333 59012 60007=
41660 02697 71316 10250 20160 38415 48501 60061 85430 333 56990 58021 60017 85835 84358=
41678 01996 30000 10320 20250 40071 60001 70500 83020 333 56090 58022 60007 83460=
41696 02697 60000 10220 20151 37985 48480 60051 84520 333 56990 58018 60007 84640 82460=
41697 02697 80904 10330 20246 40086 60031 8452/ 333 5699/ 58038 60007 84640 84460=
41700 01696 60504 10310 20261 40061 60001 70422 83530 333 56990 58014 60007 83640 84360=
41710 11996 40000 10330 20035 39252 49975 60001 70600 84010 333 56090 59015 84460=
41712 01997 21302 10310 20074 39134 48487 69901 70150 82030 333 56090 58024 69907 82630=
41715 21696 70502 10285 20257 30020 40083 60031 72165 83530 333 56990 58038 60027 83635 84360=
41718 01696 30000 10310 20269 39967 40067 69921 70410 83500 333 56900 58019 60007 83640=
41725 12596 23602 10305 20256 40072 60001 82800 333 56900 58037 82835=
41739 02696 50906 10300 20198 38970 48455 60001 85500 333 56990 58004 60007 85635=
41744 01696 80000 10210 20163 38722 48453 60193 72162 8451/ 333 5699/ 58012 60067 84630 88460=
41749 02696 60904 10300 20235 30017 40050 60001 84530 333 56990 58037 60007 84635 82360=
41756 01996 60910 10325 20207 39965 40028 60001 70504 86030 333 56090 58017 60007 86358=
41759 02696 50000 10315 20252 30019 40024 60001 82530 333 56990 58024 60007 82640 83360=
41764 01596 70912 10300 20258 30016 40064 60001 70500 82610 333 56290 58066 60007 82725 84635 84360=
41768 02596 20000 10315 20267 30061 40068 60001 82600 333 56900 58034 60007 82720=
41780 01596 80708 10275 20247 30028 40055 60121 70465 85620 333 56990 58073 69967 83720 85630 88458=
41785 02997 40502 10300 20265 30048 40061 60001 84030 333 56090 58079 60007 84360=
41859 32450 70902 10333 20260 30015 40051 83520 333 56990 58006 70000 83618 87458=
41883 32556 61302 10332 20260 30031 40051 83130 333 56390 59001 70000 83828 86362=
41891 31440 80000 10300 20250 30028 40066 70522 8431/ 333 56999 58018 70380 83615 81928 88458=
41907 32450 71302 10340 20260 30035 40049 85810 333 56390 58003 70000 82615 83825 86458=
41923 32456 60903 10318 20250 30049 40059 85330 333 56490 58006 70000 83615 83824 81930=
41936 31450 31612 10340 20260 30042 40049 70522 82530 333 56990 58006 70000 82615 82362=
41943 32445 51803 10330 20230 30054 40061 84531 333 56499 58014 70042 84616=
41950 11450 60000 10320 20270 30049 40051 60022 72162 84431 333 56399 58005 70024 83617=
41978 32458 62008 10326 20260 30055 40061 82130 333 56990 58017 79999 82828 85360=
41992 31435 62105 10320 20250 30065 40067 70522 84520 333 56990 58017 70000 84615 86460=
42001 31061 99259 70897 46/// /1107 10300 20282 30119 40122 90540 22200 00309 333 91208 555 11072 22076 8//07 90533=
42027 31595 62301 10228 20168 38431 48515 70522 84430 333 58031=
42044 32596 72301 10206 20163 38300 48531 83510 333 59010=
42045 32596 11402 10250 20152 38316 48436 81100 333 59024=
42056 32696 12701 10306 20234 39628 81100 333 59030 81840=
42071 32596 12908 10324 20294 40059 81500 333 59016 81630=
42097 31061 99257 70837 46/// ///// 1//// 90556 22200 00300 10401 20401 70006=
42101 32596 23201 10338 20284 40056 82500 333 59018 82630=
42111 32696 20000 10340 20250 39361 40021 82100 333 59019 82830=
42123 32596 53201 10318 20271 40058 85800 333 59003 83830 85632=
42131 32696 62301 10330 20260 40055 86400 333 59009=
42165 21696 30000 10332 20247 40052 70161 83500 333 58007 6996/ 83640=
42182 31696 32708 10338 20263 40046 70521 83200 333 59018 83835=
42189 31595 42701 10338 20269 40036 70510 84500 333 59018 84620=
42309 21396 80504 10264 20258 39964 40079 71096 8562/ 333 58038 6002/=
42314 21496 70205 10262 20256 40080 71096 84530 333 58039 84618 87360=
42328 32696 50000 10316 20232 40046 85800 333 58027 83635 83840=
42339 31595 82302 10284 20256 40066 70521 8252/ 333 58011 82630 88458=
42348 31596 49903 10312 20247 40059 70511 84800 333 59001 82630 84835=
42361 31596 33202 10330 20275 40048 70500 83100 333 59005 83825=
42369 31596 40000 10353 20297 40036 70510 84400 333 59016 82620 82825=
42379 31595 50000 10356 20283 40027 70510 85200 333 59021 85825=
42410 31495 60000 10330 20266 40049 70522 83530 333 58002 83618 85360=
42415 21596 80000 10298 20267 40069 70296 8532/ 333 58020 6992/ 84620 81925 88459=
42452 31596 60502 10310 20254 40055 70522 83130 333 58001=
42492 31496 50902 10352 20276 40034 70511 84430 333 59015 82618 83825=
42559 21596 72702 10294 20260 40044 72162 85430 333 59004 6993/ 82620 83825 85360=
42571 32596 50000 10306 20255 40039 83530 333 59006 83625 85360=
42591 31496 50905 10442 20270 40036 70500 82531 333 59016 82618=
42623 31496 71801 10292 20248 39212 40050 71022 84530 333 58001 84618 87360=
42634 32596 51802 10302 20239 40069 85800 333 58070 83620 83825=
42647 31495 70000 10312 20247 40076 70522 86402 333 56500 58022 84618 83825=
42667 32596 63407 10290 20244 39485 40062 84530 333 59008 83620 84825 85360=
42675 32596 40000 10304 20247 40039 84200 333 59006 84830=
42701 31596 42004 10292 20262 39328 40028 71011 83530 333 59004 83620 84360=
42724 32496 61802 10344 20267 40056 84430 333 58008 82618 83825=
42737 32496 52005 10296 20254 40069 82600 333 58034 82715 84620=
42754 21496 63205 10272 20241 39442 40062 70562 85830 333 58003 6002/ 82618 83825=
42779 32596 50000 10310 20252 39358 40029 84830 333 59012 82620 84825=
42798 31496 61108 10312 20253 40037 70522 84830 333 59003 84618 83825 86360=
42809 21496 71405 10326 20259 40046 76122 84430 333 59003 6990/ 82618 83825 84360=
42840 32596 51802 10306 20258 40081 83230 333 58017 83825 83360=
42867 31496 53602 10316 20254 40039 70522 82520 333 59014 82618 84458=
42874 32596 40505 10320 20249 39695 40021 84100 333 59026 84825=
42886 32496 50208 10324 20254 40028 84430 333 56190 59015 83618 84825 85360=
42895 21596 60502 10304 20271 40038 70262 84530 333 59008 6991/ 84620 84360=
42909 32596 22003 10296 20274 40073 82100 222// 20000 333 58027 82825=
42971 21496 60906 10314 20261 40025 70562 85430 333 56290 59016 6997/ 85616 86360=
43003 31595 62304 10308 20254 40084 70462 83830 333 58012 82620 83825 85360=
43014 31596 72905 10292 20233 39429 40056 70542 84830 333 58002 83620 83825 86360=
43041 31596 40208 10296 20237 39406 40001 70522 84400 333 59031 82620 84825=
43063 21597 72702 10264 20230 39468 40081 75052 87700 333 56600 58006 6990/ 83722 84626=
43086 21597 80000 10270 20252 39852 40027 72122 8357/ 333 59023 6001/=
43110 31496 72304 10294 20260 40092 70362 86730 333 58002 81712 83618 85822=
43117 32597 81401 10276 20254 40071 8662/ 333 58003=
43128 21496 82705 10236 20230 39451 40053 76362 8572/ 333 56699 59014 6006/ 83710 83615 88458=
43150 21496 70000 10286 20278 39937 49998 75096 84971 333 57922 59033 6002/ 83618 81930 86458=
43185 21496 82706 10246 20243 30002 40005 76096 8472/ 333 59035 6021/ 84718 88458=
43189 21597 80000 10266 20251 39999 40008 70296 8357/ 333 59031 6008/=
43192 21496 82906 10302 20272 40090 70262 82731 333 58005 6995/=
43198 21396 72909 10250 20212 39267 40081 70262 84631 333 56699 58005 6991/ 84707 84612 85358=
43201 32496 62703 10250 20221 39342 40059 84510 333 56690 59002 84612 85458=
43213 21597 82502 10254 20239 39743 40058 76062 8487/ 333 58000 6993/=
43233 32497 82506 10254 20231 39282 40090 8561/ 333 56699 58000=
43237 21596 82504 10256 20239 39661 40050 75065 8252/ 333 59002 6001/ 82620 88458=
43245 21596 81104 10266 20254 30025 40051 76166 8487/ 333 59009 6998/=
43279 31596 82504 10310 20232 30043 40060 70522 83517 333 59003 83620 85360 86270=
43284 21196 80506 10250 20238 39985 40101 76066 8492/ 333 57952 57962 58007 6011/ 82702 83612 81925 88458=
43295 32497 72704 10236 20194 39080 48493 84631 333 56699 59004 82710 83612 85358=
43314 32497 89902 10288 20248 40102 8382/ 333 59001=
43321 31496 62012 10298 20215 39638 40075 70522 82531 333 59010 83612 85358=
43329 32997 12302 10322 20261 30045 40058 80001 333 59014=
43333 31496 72309 10286 20255 40088 70562 85430 333 56990 58000 83618 85820 87360=
43344 31496 62517 10342 20226 39967 40064 70522 83531 333 59018 83616 85360=
43353 21496 73207 10288 20251 40101 71061 81720 333 56790 59012 6998/ 81710 83615 85459=
43369 21496 82706 10290 20290 40118 76162 8447/ 333 58006 6003/ 84618 86458=
43371 31497 60000 10294 20257 30032 40104 70362 83702 333 56709 58003 83710 83820 85071=
44212 32599 33502 10210 20083 39106 40156 57017 83100 333 91203=
44213 32699 20000 10209 21010 38795 40146 57015 82100 333 91203=
44214 32998 03402 10171 21009 38296 40150 57018 333 91205=
44215 32698 33403 10177 20004 38428 40156 57016 83100 333 91204=
44217 32998 00000 10143 21015 37894 40184 58012 333 91200=
44218 32699 10803 10206 20024 38618 40147 57017 81100 333 91203=
44219 32999 02003 10208 20001 38634 40148 57013 333 91204=
44265 32999 02602 10125 20049 38848 40152 58017 333 91202=
44266 32699 31602 10157 20007 37822 40163 58007 83200 333 91206=
44404 42358 41804 10268 20214 38123 48444 82250 333 59008=
44416 42560 22104 10335 20298 39290 40025 82200 333 59021=
44424 42560 12605 10268 20158 37658 47102 81200 333 59018=
44438 42560 32205 10351 20266 39911 40032 82150 333 59021=
44449 42560 31903 10347 20278 39887 40036 83200 333 59011=
44454 42458 42002 10312 20212 38621 48462 84800 333 59015=
44462 42360 62702 10260 20214 38240 48447 86800 333 59004=
44474 42256 30302 10266 20212 38236 48472 83200 333 59014=
44477 42558 52202 10308 20253 38787 48505 85200 333 58000=
44478 42558 41506 10346 20279 39955 40037 82230 333 59007=
48010 32557 71401 10300 20266 39917 40066 84770 333 56330 58008=
48020 32460 51801 10340 20270 70222 83802 333 56409=
48025 32458 70901 10330 20275 39940 40076 85870 999 56590 58009 =
48031 32258 31801 10260 20215 70111 86800 333 56400=
48048 32557 71403 10320 20265 30014 40069 85950 333 56440 58000=
48052 32457 61401 10318 20248 82536 333 56999=
48062 21457 81805 10265 20256 30063 40070 75152 85970 333 56490 58015=
48064 32457 61401 10312 20267 39993 40049 84831 333 56499 58003=
48071 32457 82303 10303 20253 30073 40081 8697/ 333 5659/ 58020=
48094 21457 81801 10270 20260 30071 40081 76066 8597/ 333 5699/ 58009=
48109 32497 72301 10278 20250 30087 40090 85970 333 56990 58008=
50557 04980 /2805 10215 20084 39781 40066 57020 60002 70000 333 10229 20082 3/008 5003/ 58029 60001 70000 90720 91108=
51076 04980 /1702 10223 20069 39333 40172 57016 60002 70000 333 10224 20097 3/009 5001/ 54405 59004 60001 70000 90720 91105=
51087 04977 /2803 10213 20056 39196 40168 57021 60002 70000 333 10218 20103 3/008 5001/ 54405 59005 60001 70000 90720 91105=
51156 04980 /2003 10192 20042 38706 40168 57015 60002 70000 333 10205 20082 3/007 5000/ 54405 59008 60001 70000 90720 91105=
51243 04980 /1003 10260 20076 39634 40146 57018 60002 70000 333 10283 20188 3/018 5002/ 54415 59019 60001 70000 90720 91107=
51334 04980 /2802 10268 20092 39760 40138 57019 60002 70000 333 10287 20118 3/012 5001/ 54405 59036 60001 70000 90720 91104=
51379 04980 /0802 10239 20079 39263 40162 57023 60002 70000 333 10241 20117 3/010 5002/ 54406 59027 60001 70001 90720 91105=
51463 04980 /3405 10225 20079 39025 40150 57017 60002 70000 333 10228 20142 3/010 5002/ 54405 59027 60001 70000 90720 91106=
51573 04972 /1702 10330 20091 30065 40111 57022 60002 70000 333 10331 20239 3/023 5003/ 54405 58039 60001 70000 90720 91108=
51644 04963 /1002 10252 20110 38940 40112 57004 60002 70000 333 10291 20173 3/019 5004/ 54415 58050 60001 79999 90720 91108=
51656 04979 /2802 10262 20143 39127 40116 57006 60002 70000 333 10262 20195 3/020 5000/ 54405 58044 60001 70001 90720 91106=
51709 04980 /1503 10247 20126 38626 40111 57004 60002 70000 333 10294 20162 3/015 5001/ 54415 58036 60001 70000 90720 91106=
51711 04980 /3401 10213 20095 38046 40082 57011 60002 70000 333 10246 20125 3/010 5001/ 54405 58036 60001 70000 90720 91106=
51716 04971 /1402 10248 20154 38906 40125 52003 60002 70000 333 10269 20182 3/017 5000/ 54405 58046 60001 70000 90720 91104=
51765 04980 /1101 10264 20106 39182 40110 57009 60002 70000 333 10299 20217 3/022 5001/ 54415 58056 60001 79999 90720 91108=
51811 04072 02301 10237 20127 38783 40107 57002 69902 70060 333 10288 20195 3/018 5001/ 54415 58036 69901 79999 90720 91105=
51818 04961 /1203 10247 20145 38639 40104 57003 60002 70000 333 10289 20203 3/019 5002/ 58027 60001 70000 90720 91107=
51828 04963 /0902 10196 20172 38653 40135 57004 60142 70000 333 10259 20174 3/018 5001/ 54415 58037 60141 70145 90720 91107=
51886 04960 /3001 10202 20098 37163 40026 57016 60012 70000 333 10263 20123 3/014 5001/ 54415 58021 69921 70011 90720 91108=
52203 04977 /2301 10287 20073 39287 40108 57016 60002 70000 333 10322 20197 3/020 5002/ 54415 58058 60001 79999 90720 91107=
52602 04980 /3303 10195 20102 37305 40043 57005 69982 70000 333 10288 20143 3/014 54418 58029 69981 70008 90720 91112=
52681 04972 /3206 10245 20154 38630 40082 57005 60002 70000 333 10353 20209 3/022 5003/ 54418 58089 60001 70000 90720 91112=
52818 04970 /3203 10237 20097 37269 49986 57016 60002 70000 333 10311 20158 3/015 5003/ 54415 58024 60001 70000 90720 91109=
52908 04979 /3603 10166 20011 35863 49974 57009 60002 70000 333 10192 20037 3/002 54415 59004 60001 70000 90720 91105=
53463 04976 /2004 10250 20196 38792 40030 57023 69912 75060 333 10316 20195 3/021 5000/ 54416 59040 60001 70001 90720 91109=
54857 04958 /1503 10290 20243 30002 40090 57014 60002 70000 333 10319 20265 3/024 5002/ 54415 58018 60001 70000 90720 91106=
55228 04980 /2302 10145 20027 36113 49991 57011 69972 70000 333 10208 20086 3/008 5001/ 54415 58017 69971 70007 90720 91108=
55299 04980 /3202 10189 21021 35929 49939 57019 60002 70000 333 10209 20032 3/001 5000/ 54405 59018 60001 70000 90720 91105=
55578 04980 /1302 10213 20035 36435 49976 57016 60002 70000 333 10226 20074 3/009 5003/ 54405 59010 60001 70000 90720 91105=
55591 04980 /3502 10236 20035 36565 49920 57024 60002 70000 333 10250 20121 3/009 5002/ 54405 59028 60001 70000 90720 91105=
55664 04980 /2903 10176 21011 36083 49998 57016 60002 70000 333 10199 20048 3/005 5009/ 54405 59001 60001 70000 90720 91105=
55773 04980 /2303 10150 20025 36084 40020 57014 69922 70000 333 10152 20045 3/003 5003/ 54405 59012 60001 70002 90720 91105=
56004 04980 /0202 10190 21032 35915 49950 57013 60002 70000 333 10208 20036 3/101 54405 59006 60001 70000 90720 91106=
56018 04980 /0702 10228 20023 36247 49905 57022 60002 70000 333 10255 20085 3/007 59013 60001 70000 90720 91105=
56116 04980 /1102 10216 20038 36395 49917 57019 60002 70000 333 10269 20097 3/008 5003/ 54415 59014 60001 70000 90720 91106=
56299 82818 83361 86280=
56312 04968 /1902 10216 20107 37105 49989 57022 60002 76000 333 10302 20153 3/015 5001/ 54415 59014 60001 70000 90720 91105=
57494 04770 /2101 10356 20236 30045 40073 57020 60002 70000 333 10361 20261 3/026 5002/ 54405 58004 60001 70000 90720 91105=
58847 04962 /1104 10348 20256 39972 40068 57024 60002 70000 333 10359 20280 3/027 5004/ 58001 60001 70000 90720 91108=
62306 32560 32404 10276 20222 40133 52013 83500 333 20230=
62309 32560 32706 10274 20228 40126 5//// 83500 333 20240=
62332 32960 02508 10284 20238 40117 52006 333 20265=
62366 35960 00303 10281 20196 40114 52011 333 20260=
62387 31930 03405 10281 20198 40117 52013 70500 333 20246=
62393 32960 03606 10296 20146 40142 52016 333 20256=
62405 32960 00000 10324 20143 40104 52017 333 20290=
62414 32960 00105 10341 20108 40104 52017 333 20302=
62419 31958 02404 10315 20217 40099 52008 70500 333 20286=
62420 32960 03601 10296 20163 40123 52014 333 20259=
62435 32960 03604 10333 20120 40101 52019 333 20307=
62440 32960 00000 10278 20210 40120 52009 333 20238=
62455 32960 03003 10292 20167 40120 5//// 333 20250=
62458 32960 03107 10294 20176 40095 52008 333 20269=
62459 31956 03019 10295 20215 40087 52013 70700 333 20281=
62465 32960 03115 10320 20189 40088 57019 333 20311=

42747 Not Received
42686 Not Received
42398 Not Received
43410 Not Received
43450 Not Received
