SMPK OPKC 301200=
41504 01596 80000 10180 20149 37846 48468 60002 87710 333 10190 56990 58042 60017 83720 84640 88460 82%=
41505 22696 80000 10160 20144 38/// 48/// 60002 8667/ 333 10170 58/// 83720 83640 88760 90%=
41506 02697 80000 10220 20191 38495 48494 69952 72162 8452/ 333 10243 5699/ 58050 69957 84640 85460 84%=
41516 01396 80000 10210 20179 38540 48500 69902 72052 8551/ 333 10223 5699/ 58009 69907 82710 83640 88460 83%=
41517 01496 80000 10190 20134 37812 48503 69902 70452 8562/ 333 10196 5699/ 58015 69907 82715 83630 88460 70%=
41518 02596 80000 10233 20168 38/// 48/// 60002 8572/ 333 10244 5699/ 5//// 60007 82720 83640 88461 68%=
41519 01596 70000 10240 20179 38737 48488 69902 72052 84720 333 10250 56990 58006 69907 81730 83640 85462 69%=
41520 02596 70000 10180 20132 37628 48225 60012 84670 333 10190 56990 59015 60007 81720 83640 86762 73%=
41524 01696 80000 10245 20216 39306 40138 60032 76066 8452/ 333 10270 5699/ 58049 60027 84640 85458 84%=
41525 01696 81804 10140 20129 37689 48395 60112 76166 8352/ 333 10175 5699/ 58021 60037 83640 85460 90%=
41528 02696 80000 10235 20213 39160 48476 60222 8552/ 333 10241 5699/ 59002 60067 85640 88460 88%=
41536 01496 80000 10210 20203 39000 48486 60112 76066 8572/ 333 10215 5699/ 58023 60047 82720 83630 88460 96%=
41565 01394 83102 10178 20175 38640 48511 60192 76665 8472/ 333 10190 5699/ 58040 60047 84730 84460 100%=
41567 01696 80000 10240 20225 39663 40068 60052 70402 333 10255 56990 58036 60007 83640 85460 91%=
41572 01696 52306 10250 20229 39452 40056 60082 70462 83510 333 10257 56990 58027 69927 83640 85460 88%=
41573 01697 81304 10150 20134 37979 48493 60212 70262 8452/ 333 10163 56990 58023 60037 84640 85460 90%=
41574 01697 70000 10180 20165 38345 48519 60132 70266 83520 333 10190 56990 58019 60017 83640 86460 91%=
41576 01697 52702 10280 20259 40079 60452 70222 81570 333 10285 56990 58021 60007 81640 85360 88%=
41577 01696 80000 10245 20238 39490 40087 60652 70462 83510 333 10250 56990 58039 60027 83640 85460 96%=
41597 01996 30000 10285 20264 39786 40069 60812 70410 83030 333 10290 56090 58014 60007 83362 89%=
41598 01696 40000 10280 20273 39790 40051 60282 70296 81130 333 10283 56990 58014 60007 81835 83362 96%=
41599 01996 30504 10300 20228 39774 40050 60192 83070 333 10305 56990 58010 60007 83460 65%=
41600 01696 63102 10305 20264 39760 40042 60022 70422 83570 333 10310 56990 58005 60007 83645 83363 79%=
41620 02696 60504 10250 20165 38530 48436 60012 76102 84510 333 10260 56990 58042 60017 84640 82460 59%=
41624 02697 80502 10290 20232 39861 40053 60002 8452/ 333 10305 5699/ 58040 60007 84637 84460 71%=
41625 02697 70504 10300 20243 39849 40041 60002 83520 333 10315 56990 58031 60007 83637 84460 72%=
41630 01695 72704 10270 20256 40061 60072 79596 84970 333 10320 56990 58037 60057 81930 83640 86460 92%=
41633 02997 40000 10300 20243 4//// 60002 84030 333 10310 56090 5//// 60007 84360 72%=
41634 01696 60000 10235 20228 3//// 4//// 60202 76000 82640 333 10255 56990 5//// 60187 82640 84460 96%=
41635 01696 80502 10290 20262 3//// 4//// 69902 70422 8452/ 333 10295 5699/ 5//// 60007 84640 88460 85%=
41636 01596 80000 10310 20269 39885 40062 60012 71791 84320 333 10320 56990 58048 60007 81930 83640 88460 79%=
41638 01696 70504 10275 20254 4//// 60042 71792 8532/ 333 10312 5699/ 5//// 60007 81930 84640 88460 88%=
41639 01696 60000 10275 20224 3//// 4//// 60062 70465 83530 333 10285 56990 5//// 60007 83640 83360 74%=
41640 01696 62704 10290 20248 39810 40048 60002 70422 83570 333 10332 56990 58032 60007 83640 84460 78%=
41641 01696 72912 10310 20246 39788 40050 60002 70422 83470 333 10332 56990 58032 60007 83640 86460 69%=
41642 02997 20000 10310 20269 3//// 4//// 60212 82030 333 10322 56090 5//// 60007 82360 79%=
41643 01696 53602 10325 20263 39774 40035 60002 70422 82470 333 10336 56990 58004 60007 82640 83460 70%=
41644 02697 60000 10280 20266 4//// 60332 83520 333 10295 56990 5//// 60007 83640 83460 92%=
41646 01696 60000 10300 20258 39855 40057 60002 70422 84470 333 10325 56990 58035 60007 84640 86460 78%=
41652 01996 50504 10315 20252 39873 40043 60012 70400 85030 333 10322 56090 58030 60007 85360 69%=
41660 02697 71316 10260 20154 38379 48463 69902 85330 333 10265 56990 58033 60007 81830 84840 85358 52%=
41661 02697 71302 10265 20169 38337 48456 60002 88800 333 10270 56900 58026 60007 83635 85840 56%=
41669 02696 60504 10300 20258 3//// 4//// 60002 83520 333 10315 56990 5//// 60007 83460 84460 78%=
41670 01996 30000 10300 20243 3//// 4//// 60002 70400 83030 333 10315 56090 5//// 60007 83360 72%=
41674 01696 70506 10310 20297 3//// 4//// 60272 70422 8347/ 333 10315 5699/ 5//// 60007 83840 86460 93%=
41675 01696 70506 10305 20249 39907 40044 60302 70422 84470 333 10314 56990 58044 60007 84840 84460 72%=
41676 01996 33306 10320 20265 39923 40073 60002 70400 83030 333 10324 56090 58044 60007 83360 73%=
41677 01596 83104 10260 20260 39872 40033 60162 79509 85970 333 10325 56990 58035 60167 81930 84640 86460 100%=
41678 01696 80000 10290 20276 40038 60012 75052 84520 333 10350 56990 58032 60017 84640 84460 92%=
41679 01996 43102 10305 20278 4//// 60002 70411 84030 333 10325 56090 5//// 60007 84460 85%=
41680 01695 70000 10290 20276 39854 40044 60032 79592 84320 333 10330 56990 58041 60037 81930 83640 8646O 92%=
41685 02697 50504 10275 20194 38855 48456 60002 85200 333 10290 56900 58025 60007 85840 61%=
41696 02697 80502 10185 20162 37959 48457 60272 83520 333 10195 56990 58004 60017 83640 85460 86%=
41697 01697 80000 10260 20246 39898 40049 60302 72166 8452/ 333 10340 5699/ 58073 60047 84640 84460 92%=
41700 01696 60504 10310 20269 39903 40025 60042 70496 83530 333 10321 56990 58040 60047 83640 84360 79%=
41701 01696 70504 10315 20288 39898 40034 60062 70429 84430 333 10324 56990 58043 60017 84840 84360 86%=
41710 11995 03104 10360 21034 39244 49957 60002 70600 333 10370 58025 08%=
41712 11995 71304 10340 20022 39085 48445 60002 70600 87010 333 10360 56090 58040 87460 13%=
41715 01696 60504 10305 20264 39962 40025 60002 70522 83530 333 10325 56990 58044 60007 83635 83360 79%=
41716 01696 60506 10300 20265 39937 40035 60082 70422 86400 333 10320 56900 58041 60007 86430 82%=
41718 01695 80504 10285 20278 39928 40026 60192 71796 8592/ 333 10317 5699/ 58045 60087 81935 84640 87460 96%=
41724 01696 50510 10310 20261 39956 40031 60002 70522 82530 333 10335 56990 58042 60007 82640 83360 75%=
41725 12596 50508 10325 20263 39933 40009 60002 83830 333 10335 56990 58038 60007 83835 82360 70%=
41726 02696 70504 10315 20274 39962 40030 60002 83530 333 10335 56990 58060 60007 83640 84460 79%=
41738 02996 40514 10440 20008 39791 49956 60002 84040 333 10440 56090 59006 60007 84460 07%=
41739 01996 63606 10330 20068 38938 48429 60002 70520 86030 333 10335 56090 58013 60007 86360 20%=
41742 02697 70000 10325 20240 39880 49979 60062 82120 333 10352 56990 58034 60017 82830 86460 61%=
41743 21696 80000 10280 20273 60162 76162 84630 333 56990 10290 60167 84635 88360 96%=
41744 12696 80000 10240 20102 38668 48402 60202 83520 333 10245 56990 59018 83640 85460 42%=
41745 01696 60904 10290 20240 60002 70500 82530 333 10305 56990 60007 82635 84360 74%=
41746 02696 51304 10290 20255 39951 40003 60022 82530 333 10325 56990 58030 60017 82640 83360 81%=
41747 02696 83608 10320 20265 39929 49985 60042 85530 333 10340 56990 58015 60047 85640 82360 73%=
41748 02696 80506 10300 20273 39960 40021 60102 84530 333 10310 56990 58038 60057 84635 84360 85%=
41749 01696 60510 10310 20239 39960 49993 69952 72050 84530 333 10320 56990 58014 69957 84635 82360 66%=
41756 01996 01806 10315 20252 39909 49972 60002 70504 333 10325 59009 60007 69%=
41757 12996 32308 10310 20239 39976 49988 60002 83030 333 10340 56090 58005 83360 66%=
41759 01996 52302 10325 20263 39967 49972 60002 70511 85010 333 10365 56990 58009 60007 85460 70%=
41764 02696 70914 10280 20244 39946 49994 60022 86570 333 10295 56990 58044 60027 86635 85460 81%=
41765 02596 73606 10275 20254 39959 49994 60062 86620 333 10290 56890 58034 60057 82725 84840 83460 88%=
41766 01696 40504 10280 20250 39949 49977 60032 70262 84500 333 10290 56900 58038 60037 84720 81%=
41767 02996 5//// 10295 20253 60002 85830 333 10300 56990 60007 83835 82360 78%=
41768 02596 41808 10300 20258 30012 40018 60052 82630 333 10305 56490 58072 60037 82720 83360 77%=
41780 02596 70720 10285 20242 39942 49968 60012 70252 86630 333 10291 56990 59004 69907 82720 84630 86360 78%=
41783 02696 81314 10265 20251 39940 49969 70500 60012 84520 333 56990 10275 58031 60007 84635 84460 92%=
41785 12697 60908 10285 20242 39980 49992 60012 83530 333 10290 56290 58044 60007 83640 83360 78%=
41786 02696 61814 10295 20238 39957 49992 60002 83530 333 10300 56990 58068 60007 83630 83362 71%=
41BAG 01496 82302 10130 20095 69902 75052 8632/ 333 10155 60007 82718 84635 88460 79%=
41BKI 01696 83604 10255 20233 39684 40088 60022 72166 8452/ 333 10285 5699/ 58061 69907 84635 88460 88%=
41SKP 01696 60000 10295 20260 3//// 4//// 60042 70492 83570 333 10305 56990 5//// 60007 83640 85460 82%=
43532 01696 80000 10220 20213 39286 40067 60103 70266 8552/ 333 10225 5699/ 58029 60037 85640 88460 96%=
43533 01696 80000 10225 20210 39188 48485 60092 76062 84520 333 10240 56990 58028 60027 84640 88460 91%=
43563 02697 40502 10261 20217 39399 40064 60372 84500 333 10267 56900 58023 60007 84640 77%=
41571 01696 70504 10260 20224 39511 40074 60432 70562 84830 333 10266 56990 58023 69907 81%=
41593 01696 70902 10290 20262 39846 40051 60012 71792 84920 333 10292 56990 58027 60007 81930 83640 86460 85%=
41760 01596 80912 10305 20256 39967 49980 60002 70500 85630 333 10320 56990 59003 60007 85720 87458 75%=
41530 01496 80506 10240 20218 39694 40098 60032 75066 87730 333 10275 5699/ 58062 69907 84716 85820 88359 87%=
41510 01696 80000 10170 20149 37918 48506 60032 72162 8352/ 333 10185 56990 59046 60017 83635 85460 90%=

UPPK OPKC 301200=
PPAA 8011/ 41780 MISDA NO ASCENT DUE TO RAD BALLOON SHORTAGE=
PPAA 8012/ 41506 MISDATA DUETO OVC.=
PPAA 8012/ 41516 Misda Due To Low ST Clouds=
PPAA 8012/ 41517 MISDA DUE TO ST CLOUDS=
PPAA 8012/ 41598 MISDA DUE TO NOT PERMISSION BY PAF=
PPAA 8012/ 41624 MISDA DUE TO OVERCOST=
PPAA 8012/ 41646 MISDA DUE TO TECHNICAL FAULT=
PPAA 8012/ 41678 MISDA DUE TO DRIZZLE=
PPAA 8012/ 41715 NO ASCENT DUE TO LOW CLOUDY WEATHER=
PPAA 8012/ 41718 MISDA DUE TO RAIN AND OVER CAST=
PPAA 8012/ 41739 no acent due to security risk=
PPAA 8012/ 41759 No ascent due to security risk=
PPAA 8012/ 41764 NO ASCENT DUE TO RAIN=
PPAA 8012/ 41768 NO ASCENT DUE TO RAIN=
PPAA 80121 41600 55185 26004 77999=
PPAA 80121 41640 55185 32008 77999=
PPAA 80121 41675 55285 04010 17007 77999=
PPBB 80121 41600 90/12 00000 33001 32002 903// 31504=
PPBB 80121 41640 90/12 00000 29004 29506 9037/ 30506 32510=
PPBB 80121 41675 90/12 05004 04508 04010 9037/ 04012 09502=


41507 Not Received
41508 Not Received
41509 Not Received
41515 Not Received
41523 Not Received
41526 Not Received
41529 Not Received
41533 Not Received
41535 Not Received
41560 Not Received
41562 Not Received
41564 Not Received
41568 Not Received
41592 Not Received
41593 Not Received
41594 Not Received
41672 Not Received
41781 Not Received


Data Generated from File : D:\all data handling\Rmc_lhr\2024083012.FSU.txt
30/08/24 13:04:22
______________________________________________________________
15007 05570 63403 10291 20134 39731 40170 57008 60001 7000/ 82271 333 4/000 55310 0//// 22706 3//// 60007 91006 91107=
15020 01570 70202 10319 20123 39977 40160 57011 69901 70262 83208 333 55309 22393 60007 91004 90760 91106==
15023 05570 60102 10299 20115 39751 40147 57009 60001 7000/ 83270 333 4/000 55310 0//// 22492 3//// 60007 91005 91107=
15056 01570 73604 10289 20121 39831 40159 57005 69901 70262 83570 333 4/000 55307 0//// 21982 3//// 60007 91008 91109=
15069 05598 50306 10230 20117 39147 42826 57006 60001 7000/ 82231 333 4/000 55307 0//// 22327 3//// 60007 91008 91109=
15073 01598 73203 10275 20138 39729 40168 57007 69931 70282 84262 333 4/000 55305 0//// 21922 3//// 60007 91006 91109=
15090 01570 5//// 10305 20145 30071 40157 57001 69961 70186 81138 333 60007==
15107 01670 71001 10264 20123 39400 42830 57008 60001 70242 85370 333 55302 0//// 21344 3//// 60007 91003 91104 95000=
15108 02260 70603 10146 20102 38164 48555 52004 60001 85840 333 55302 21033 60007 91006 90760 91106==
15109 01598 73404 10278 20127 39754 40162 57006 69901 70282 84370 333 4/000 55305 0//// 21777 3//// 60007 91008 91108=
15111 01570 73605 10290 20132 39906 40153 57008 69901 70262 84571 333 4/000 55301 0//// 21325 3//// 60007 91008 91109=
15113 01570 73505 10287 20141 30001 40154 58004 69911 70362 84876 333 55305 0//// 21534 3//// 60007 91008 91109=
15127 01570 73101 10237 20110 39330 42827 57006 60001 70241 84370 333 4/000 55300 0//// 20872 3//// 60007 91002 91102 95000=
15148 05470 70503 10185 20106 38763 48544 55002 60001 7000/ 87300 333 55305 0//// 21931 3//// 60007 91005 91107=
15150 01570 73403 10263 20157 39962 40164 57004 69911 70262 84570 333 55300 20752 60007 91005 90760 91107==
15168 05/70 /2001 10230 20152 39576 42825 57008 60001 7000/ 333 4/000 55300 0//// 20588 3//// 60007=
15170 04570 73401 10248 20131 39417 42820 57010 60001 83370 333 55304 21413 60007 91003 90760 91105==
15194 01570 72802 10253 20169 39885 40164 56004 69991 70282 84370 333 55305 0//// 21672 3//// 69907 91005 91107=
15197 05/70 /3505 10270 20145 39953 40151 57003 60001 7000/ 333 4/000 55304 0//// 21812 3//// 60007=
15215 05570 72702 10237 20169 39591 42825 57011 60001 7000/ 84370 333 55300 0//// 20828 3//// 60007 91004 91104=
15217 05570 71703 10232 20166 39521 42821 57009 60001 7000/ 82472 333 55310 0//// 22525 3//// 60007 91004 91104=
15219 05/70 /3205 10266 20166 30035 40153 57003 60001 7000/ 333 4/000 55300 0//// 21029 3//// 60007=
15238 01570 71001 10245 20159 39571 42823 57012 69921 70262 84361 333 55309 0//// 22331 3//// 60007 91002 91104=
15261 05563 63404 10221 20147 39385 42834 57007 60001 7000/ 84303 333 55309 0//// 22473 3//// 60007 91006 91107 95000=
15262 01698 60307 10130 20100 38262 48538 53004 60001 70242 86070 333 55310 0//// 22015 3//// 60007 91011 91113=
15265 01970 73307 10261 20172 30076 40147 57003 69901 70262 87070 333 4/000 55300 0//// 21188 3//// 60007 91011 91112=
15280 01/00 90411 10060 20060 37568 47142 51002 60001 74544 89/// 333 55300 20266 60007 91016 90760 91117==
15300 05598 63203 10232 20152 39562 42824 57008 60001 7000/ 83362 333 55306 0//// 21755 3//// 60007 91005 91106=
15301 01597 60301 10161 20125 38674 48558 52002 69911 70282 86300 333 55302 0//// 21297 3//// 60007 91005 91106 95010=
15302 05670 73002 10181 20137 38964 48545 57003 60001 7000/ 87300 333 55306 0//// 21876 3//// 60007 91006 91106 95000=
15307 05570 40205 10277 20133 39965 40141 55001 60001 7000/ 84300 333 4//// 55304 0//// 21508 3//// 60007 91010 91113=
15310 01570 80102 10270 20141 30059 40140 57002 69911 70262 83377 333 55302 00650 21158 31034 60007 91005 90760 91107==
15324 05570 80902 10217 20124 39394 42816 54001 60021 7000/ 8537/ 333 55301 0//// 20922 3//// 60007 91005 91107=
15325 01470 60102 10171 20113 38520 48531 50000 60011 70282 84370 333 4/000 55307 0//// 22041 3//// 60007 91006 91107 95040=
15328 05570 60204 10287 20107 39811 40139 50000 60001 7000/ 82270 333 4//// 55307 0//// 22110 3//// 60007 91009 91109=
15335 01/70 63102 10242 20200 30128 40135 58006 60051 70298 86070 333 55300 21268 60037 91004 90760 91105==
15349 02570 63302 10245 20145 39623 40147 50001 60001 86300 333 4/000 55300 0//// 20806 3//// 60007 91004 91105=
15350 01570 60408 10285 20121 30032 40145 55000 69901 70282 86200 333 55301 20863 60007 91013 90760 91113==
15360 04/70 70309 10250 20197 30109 40125 54001 60021 87070 333 60007 91011 90760 91112==
15375 01570 73504 10259 20130 39808 40148 55003 69911 70262 82370 333 4/000 55301 0//// 20850 3//// 60007 91005 91112=
15377 05597 73602 10290 20136 39935 40137 55002 60001 7000/ 87300 333 55300 0//// 20949 3//// 60007 91005 91107=
15387 05/70 /3606 10256 20202 30123 40127 54000 60111 7000/ 333 4/000 55309 0//// 22535 3//// 60007=
15402 01570 70505 10271 20142 30071 40141 55001 69941 70282 87900 333 4/000 55300 0//// 20580 3//// 60007 91008 91109=
15405 05970 70207 10265 20168 30082 40142 55007 60001 7000/ 87070 333 4/000 55300 0//// 20917 3//// 60007 91010 91111=
15406 07567 83505 10220 20194 30086 40132 58003 60041 7818/ 889// 333 4/000 55300 0//// 20907 3//// 60027 91007 91110=
15408 07570 73605 10218 20176 39873 40128 58002 60171 723// 83506 333 4//// 55300 0//// 20860 3//// 60037 91008 91108=
15409 05/70 /3507 10229 20194 30082 40127 55008 60131 7000/ 333 4//// 55302 0//// 21460 3//// 60077=
15419 05570 71700 10272 20144 39967 40150 55003 60001 7000/ 85370 333 4/000 55300 0//// 20757 3//// 60007 91001 91104=
15420 04570 80602 10278 20140 30035 40140 56004 69901 70282 883// 333 55300 20631 69907 91004 90760 91106==
15421 01670 80702 10269 20158 30046 40151 54001 69901 72582 8337/ 333 55300 00163 20803 30732 69907 91004 91107=
15422 05570 70602 10293 20140 30043 40138 55003 60001 7000/ 84370 333 55301 0//// 20824 3//// 60007 91005 91106=
15425 05570 80305 10250 20175 30077 40138 55001 60001 7000/ 8327/ 333 4/000 55303 0//// 21468 3//// 60007 91007 91110=
15434 02570 70603 10285 20111 39954 40152 55001 60001 84370 333 4/000 55303 0//// 21380 3//// 60007 91006 91107=
15444 02570 83604 10223 20181 30063 40132 58002 69921 70000 84363 333 4/000 55300 0//// 20563 3//// 69927 91007 91108=
15455 05570 80203 10273 20147 30021 40144 57003 60001 7000/ 8437/ 333 4/000 55303 0//// 21489 3//// 60007 91006 91108=
15460 07570 80302 10227 20190 30114 40138 50000 69971 7818/ 8597/ 333 55300 20583 69977 91006 90760 91107==
15462 05570 70205 10242 20185 30044 40126 50000 69901 7000/ 87900 333 4/000 55304 0//// 21664 3//// 60007 91006 91107=
15470 04570 80403 10276 20139 30026 40144 57004 60001 8437/ 333 55300 20739 60007 91005 90760 91110==
15475 02597 70803 10261 20172 30121 40140 52002 60001 87300 333 4/000 55302 0//// 21461 3//// 60007 91006 91108=
15479 05470 83404 10213 20187 39945 40131 50001 60051 7000/ 8672/ 333 4/000 55300 0//// 21069 3//// 60057 91006 91107=
15480 04/70 60504 10236 20192 30107 40123 55001 69921 86070 333 55307 01010 21675 31453 60007 91010 90760 91110==
15489 05570 80303 10277 20138 30056 40144 57002 60001 7000/ 8437/ 333 55300 0//// 20637 3//// 60007 91006 91107=
15491 01570 70603 10279 20164 30112 40141 57002 69931 70282 84370 333 4/000 55301 0//// 21362 3//// 69917 91006 91106=
15499 05570 83602 10236 20209 30114 40123 51005 60021 7000/ 889// 222// 06248 2//// 333 4/000 60007 91007 91108 92438=
15549 12570 60204 10228 20163 39732 40124 57002 60001 85230 333 10252 20176 555 567//=
15552 12470 83403 10260 20181 30069 40115 52003 60001 8685/ 222// 00269 10201 333 10273 20213 555 562// 92025 92428=
15640 12674 73414 10256 20166 39829 40121 53002 60001 85250 333 10263 20217 555 558//=
15655 12570 70207 10268 20182 30078 40109 58003 60001 86230 222// 00259 10301 333 10293 20231 555 559// 92025 92428=
15730 12670 70209 10268 20123 39749 40119 57004 60001 85336 333 10284 20192 555 541//=
16627 12575 42109 10286 20184 30105 40110 56009 60001 82260 333 82825 83358 90730 91113==
16650 12460 20206 10296 20150 30109 40116 57009 60001 81101 333 90730 91114==
16667 12960 20504 10316 20210 30100 40111 58009 60001 80001 333 90730 91110==
16706 12960 00207 10292 20180 30095 40102 55007 60001 333 90730 91112==
16723 12560 10004 10314 20185 30087 40100 58006 60001 81200 333 90730 91116==
16732 26/// /0111 10285 20195 30106 40116 57005 333 60005 90730 91115==
16742 12960 02814 10298 20187 39958 40105 57007 60001 333 90730 91122==
16749 12460 12520 10306 20218 30074 40087 57005 60001 81101 333 90730 91126==
16754 12560 33408 10290 20248 30072 40117 57009 60001 83830 333 81820 83625 90730 91117==
16757 12460 33208 10282 20242 39985 40111 57010 60001 82250 333 90730 91114==
16760 12460 30000 10302 20179 40112 56012 60001 83800 333 82818 83625 90730 91109==
17022 12666 23306 10270 20204 39949 40106 57006 60001 82100 333 82834 90760 91113==
17024 12670 23004 10284 20271 30023 40096 57004 60001 82200 333 82835 90760 91105==
17026 12570 23209 10286 20229 30065 40102 57003 60001 82200 333 82830 90760 91115==
17031 11670 53607 10281 20221 30093 40099 55002 69921 70282 83250 333 83834 85360 90760 91114==
17034 11670 70303 10260 20200 30066 40110 56003 60001 70292 83250 333 83835 87360 90760 91112==
17038 12470 73006 10258 20208 30057 40102 50002 60001 87200 333 83716 87830 90760 91117==
17042 12670 73007 10256 20230 30065 40102 57001 60001 84250 333 84835 87360 90760 91113==
17050 12670 53606 10304 20140 30062 40121 57005 60001 83270 333 83835 85358 90760 91114==
17056 12670 71712 10259 20203 30102 40106 56005 60001 84230 333 84835 87360 90760 91115==
17060 11560 62706 10244 20194 30079 40125 53002 69941 76122 86200 333 86825 90760 91116==
17070 12665 42604 10291 20128 39254 40069 57008 60001 84200 333 84835 90760 91111==
17074 11570 71903 10169 20162 39210 40109 53006 60131 79522 84350 333 83825 87358 82925 90760 91111==
17084 12670 31102 10297 20116 39221 40067 57013 60001 83100 333 83840 90760 91108==
17085 12670 40502 10329 20126 39610 40065 57017 60001 84200 333 84840 90760 91108==
17092 12770 40000 10327 20093 38787 48446 57015 60001 82130 333 82850 84360 90760 91113==
17096 11560 60312 10259 20111 38201 48447 57013 69901 79592 86900 333 85835 81925 90760 91127==
17098 12660 41605 10260 20113 38182 48472 57014 60001 82140 333 82840 84358 90760 91119==
17100 12670 10502 10321 20146 39109 40031 57025 60001 81100 333 81840 90760 91109==
17112 12570 20602 10306 20150 30103 40105 57012 60001 82100 333 82830 90760 91110==
17115 12660 40105 10282 20168 30067 40115 57005 60001 84200 333 84835 90760 91117==
17116 12670 43207 10284 20183 39992 40106 57005 60001 84200 333 84835 90760 91114==
17124 12660 43209 10270 20129 39222 40088 57009 60001 84200 333 84840 90760 91116==
17128 12670 42308 10289 20105 39038 40064 57009 60001 84100 333 84840 90760 91118==
17135 12670 22103 10307 20159 39241 40057 57015 60001 82100 333 82840 90760 91108==
17140 12665 40401 10236 20117 38687 48484 56003 60001 84200 333 84838 90760 91107==
17150 12660 33610 10311 20149 39979 40095 57015 60001 83100 333 83835 90760 91114==
17160 12670 43203 10287 20125 38980 48483 57009 60001 84200 333 84840 90760 91109==
17170 12660 32910 10277 20142 38292 48449 57013 60001 81150 333 81840 83360 90760 91116==
17175 12665 23006 10311 20170 30093 40097 57011 60001 82100 333 82840 90760 91110==
17184 12670 51201 10322 20123 39984 40088 57014 60001 84250 333 84840 85360 90760 91107==
17190 12670 42903 10264 20087 38956 48486 57010 60001 84200 333 84835 90760 91108==
17190 12670 42903 10264 20087 38956 48486 57010 60001 84200 333 84835 90760 91108==
17195 12670 33304 10282 20093 38934 48485 57006 60001 83100 333 83840 90760 91115==
17200 12660 23412 10342 20087 39109 40008 57010 60001 82100 333 82840 90760 91117==
17202 12670 23407 10345 20073 39048 40001 57014 60001 82100 333 82835 90760 91117==
17203 12670 11804 10341 20052 38802 48485 57007 60001 81100 333 81840 90760 91119==
17210 12670 22308 10363 20092 39044 49980 57010 60001 82100 333 82840==
17219 12565 23516 10330 20139 39961 40096 57012 60001 82200 333 82830 90760 91123==
17234 12670 22006 10347 20155 30021 40084 57020 60001 82100 333 82840 90760 91113==
17237 12670 33203 10327 20112 39610 40079 57016 60001 83200 333 83835 90760 91108==
17240 12570 30105 10304 20108 38992 40059 57013 60001 83200 333 83830 90760 91116==
17244 12670 41705 10278 20107 38962 48488 57013 60001 84200 333 84840 90760 91117==
17248 12670 23004 10296 20107 38943 48483 57011 60001 82100 333 82840 90760 91110==
17250 12970 02402 10286 20113 38776 48487 57009 60001 333 90760 91110==
17260 12960 02917 10332 20138 39240 49992 57009 60001 333 90760 91123==
17270 12970 01004 10354 20141 39417 40009 57010 60001 333 90760 91110==
17275 12970 01907 10317 20097 38917 48473 57008 60001 333 90760 91115==
17280 12960 01710 10376 20017 39273 49993 57011 60001 333 90760 91119==
17290 12970 02606 10344 20120 30066 40096 57008 60001 333 90760 91116==
17292 12570 22804 10323 20097 39360 40064 57010 60001 82200 333 82825 90760 91111==
17300 12560 41716 10324 20221 30007 40074 57009 60001 84900 333 83830 81925 90760 91120==
17310 12970 02404 10334 20247 30060 40067 57009 60001 333 90760 91107==
17330 12670 12303 10345 20201 30048 40065 57010 60001 81100 333 81840 90760 91112==
17350 12660 32113 10344 20204 39982 40055 56010 60001 83100 333 83835==
17370 12670 22410 10317 20240 30070 40074 58001 60001 82200 333 82835 90760 91119==
17375 12670 12105 10331 20192 30053 40055 57013 60001 81200 333 81835 90760 91113==
33088 32697 50704 10310 20104 30015 40191 57007 85100 555 1/048=
33135 31996 20902 10309 20105 30064 40200 57002 70540 81031 555 1/044=
33177 32598 20402 10311 20115 39969 40187 57006 82100 555 1/051=
33317 32599 31202 10312 20092 39868 40180 58012 82105 555 1/050=
33393 32660 21103 10307 20121 39817 40177 58005 82100=
33415 32698 60503 10305 20128 39807 40172 58006 83250 555 1/047=
33429 32997 60404 10316 20124 39781 40168 58005 80001 555 1/049=
33466 32998 20804 10321 20070 30007 40179 54000 80001 555 10048=
33506 32997 31104 10314 20032 39992 40172 57008 80001 555 1/049=
33562 32960 20903 10326 20116 39892 40170 57006 80001 555 1/052=
33587 32998 21103 10321 20070 39916 40157 57005 80001 555 1/050=
33658 32982 73204 10276 20149 39894 40172 57007 86031 555 1/037=
33663 32998 60402 10336 20100 30072 57005 84031 555 1/052=
33664 42598 60404 10320 20063 39864 40154 57006 83230=
33678 42998 52804 10317 20077 39972 40170 57005 80001=
33679 42697 60303 10333 20086 39981 40154 57012 82131=
33711 32960 50807 10348 20077 39958 40148 58004 82031 555 1/054=
33745 42597 70504 10310 20083 39991 40161 57001 87900 555 10041=
33748 42997 40704 10312 20091 39884 40145 57005 83031=
33754 42698 70605 10325 20078 30013 40147 56004 82101=
33761 32570 61005 10314 20107 39941 40145 57003 83434 555 1/046=
33791 32982 50707 10343 20066 30028 40144 57005 80001 555 1/050=
33815 41598 60604 10317 20067 39940 40130 57010 70282 81139 555 10047=
33837 /1560 80504 10261 20166 30088 40136 53003 70282 8346/ 555 1/040 69901=
33881 42598 63604 10319 20115 39955 40135 58008 86330=
33883 42598 70604 10296 20109 39978 40130 57008 87300 555 10031=
33885 42698 63304 10264 20143 30022 40146 52002 82230=
33892 42598 80704 10278 20111 39938 40133 57002 86350=
33902 /1598 60804 10318 20104 30078 40132 58002 70298 83459 555 1/048 69961=
33924 41560 60306 10254 20216 30106 40118 53008 72598 82203 333 91011 90760 91111==
33946 41670 80710 10266 20197 39897 40101 53002 71792 8335/ 333 91013 90760 91114==
33983 42560 80506 10251 20172 30059 40115 52004 8635/ 333 91010 90760 91111==
34300 32997 21103 10322 20023 30021 40183 57007 80002 555 1/052=
34336 42970 20803 10331 21013 30095 40189 57011 80001==
34344 42970 01103 10340 20027 30105 40185 57010==
34356 42960 01003 10324 21002 30058 40193 57009==
34357 42970 01004 10327 20003 30042 40183 57010 333 90760 91111==
34398 42970 30404 10328 20052 30181 40190 57010 80001==
34415 32570 61103 10326 20066 30081 40169 57008 83261 555 1/050=
34438 42/// /1006 10322 20020 39999 40173 57009 333 91010 90760 91113==
34445 42970 21006 10323 20014 30077 40181 57008 80001 333 91010 90760 91111==
34461 42960 00903 10333 20004 30139 40189 57009==
34473 42997 10904 10327 20028 30159 40194 57009 80002 555 10051=
34476 42970 10603 10333 20012 30187 40194 57009 80001==
34504 32980 60907 10298 20045 39998 40158 57002 86030=
34535 42670 31005 10307 20005 30100 40166 57008 81181 333 90760 91113==
34545 42970 60905 10328 20007 30069 40170 57009 80001 333 91011 90760 91113==
34555 42970 20504 10295 20132 30101 40185 57009 80004==
34560 42960 01003 10309 20035 30012 40186 57009 333 90760 91110==
34578 42960 01403 10332 20021 30178 40184 57010==
34579 42970 20503 10331 20019 30147 40187 57011 80002==
34644 42/60 30706 10328 20013 30082 40152 57009 82032 333 91012 90760 91113==
34646 42/70 70604 10281 20157 30083 40158 57010 82031==
34655 42/60 40808 10335 20001 30108 40163 57011 84030 333 91011 90760 91115==
34662 42970 10804 10330 20012 30168 40178 57009 80001 333 90760 91110==
34691 42970 21102 10340 20027 30197 40186 57012 80002==
34720 42570 70603 10297 20109 30101 40137 57012 86984 333 90760 91111==
34727 42560 80204 10252 20184 30103 40133 57008 884//==
34743 42960 30905 10336 20003 30067 40148 57011 80001 333 91011 90760 91113==
34759 41560 50807 10323 20032 30028 40147 57007 70732 81501 333 91012 90760 91113==
34772 42970 00706 10332 20004 30170 40173 57009 333 90760 91112==
34785 42970 11306 10330 20012 30196 40176 57011 80001 333 90760 91112==
34798 42984 01305 10317 20111 30208 40182 57009==
34824 42560 81003 10278 20155 30120 40124 57001 8453/ 333 90760 91110==
34838 42/60 80804 10312 20108 30028 40115 58008 85079==
34845 42970 31205 10336 20022 30023 40120 57009 80001 333 91012 90760 91114==
34858 42960 61104 10336 20025 30032 40129 57007 80005 333 91013 90760 91113==
34861 41/60 61109 10320 21015 39921 40142 57006 70711 82031 333 91013 90760 91116==
34866 41940 31008 10327 20002 30160 40152 57004 73130 80001 333 91015 90760 91115==
34880 41960 20904 10314 20074 30196 40172 57007 70700 80001 333 90760 91111==
34887 41970 10705 10304 20056 30187 40170 57004 70700 80001 333 90760 91111==
34949 42/70 20810 10303 20105 39604 40100 57008 82030 333 91013 90760 91116==
34954 42960 80704 10336 20062 39952 40109 57010 80001 333 91010 90760 91115==
34958 42570 31006 10324 20079 39933 40113 56005 82501 333 91012 90760 91114==
34975 41/60 41207 10309 20019 30149 40145 54001 70730 80031 333 91013 90760 91114==
34984 41960 20807 10301 20064 30190 40162 57004 70700 80001 333 91011 90760 91114==
35217 42660 73603 10312 20111 30157 40193 57005 87200==
35302 42570 30903 10319 20118 30177 40196 57009 83200==
35315 42598 43506 10328 20105 30132 40183 57009 84200 555 10049=
35344 42699 33206 10265 20041 39912 40175 58009 81109 555 10036=
35345 46/// /0504 10269 20089 39874 40167 5/006=
35358 42960 20201 10272 20113 30014 40169 57002 82100==
35368 42599 32504 10274 20263 39925 49927 57007 82007 555 01032=
35386 42998 62902 10234 20077 39666 40142 57005 86040 555 10031=
35394 42670 63104 10240 20066 39520 40137 57002 84231==
35404 42998 21202 10324 20085 30188 40195 57011 81031 555 10057=
35406 42960 50000 10328 20081 30188 40190 57013 80002==
35416 42670 60802 10334 20073 30067 40175 57015 86100==
35426 42584 63102 10300 20122 39910 40172 57011 86300==
35437 42598 73408 10298 20097 39885 40167 57013 87200 555 10048=
35449 42698 23105 10282 20134 30068 40162 57011 82200 555 10039=
35497 42570 63202 10227 20076 39412 40142 57002 86900==
35498 42698 62604 10230 20084 39340 40141 57004 86500 555 10027=
35514 42998 30502 10339 20036 30188 40184 57012 80001 555 10050=
35519 42998 02504 10343 20082 30114 40178 57006 555 10046=
35522 42698 33402 10320 20142 39946 40171 57011 83100 555 10047=
35542 42699 53603 10305 20088 30031 40163 57012 85200 555 10037=
35563 42598 22903 10250 20107 39437 40135 57005 82200 555 10028=
35576 42670 62602 10286 20100 39730 40133 57011 86200==
35582 42598 62303 10258 20103 39597 40140 58017 86900 555 10028=
35594 42599 52803 10258 20075 39374 40131 57005 85900 555 10044=
35605 42998 62801 10354 20110 30201 40182 57013 80004 555 10057=
35633 42698 43104 10316 20080 39972 40163 57014 84200 555 10042=
35671 42570 62603 10306 20123 39746 40129 57017 86900==
35699 42660 60000 10254 20078 39456 40140 57007 86200==
35700 42970 50803 10336 20051 30202 40181 57014 80001==
35715 42999 00000 10339 20077 30189 40176 57013 555 10053=
35739 42999 00000 10324 20122 30037 40161 58013 555 18050=
35746 42670 32505 10336 20095 30096 40156 57015 83100==
35777 42997 00000 10266 20089 39871 40184 52010 555 10026=
35796 42660 22004 10230 20184 39762 40158 57007 82400==
35816 46/// /3601 10348 20044 30177 40187 58015=
35849 42970 00000 10326 20094 30083 40159 57016==
35895 42598 30505 10255 20100 39758 40161 57009 83100 555 10031=
35907 42998 00811 10283 20146 30194 40166 57012=
35925 42970 30704 10334 20051 30065 40165 57014 80004==
35927 42998 21102 10342 20040 30161 57018 80001=
35953 42984 03605 10330 20096 30043 40158 57014==
35969 42984 00000 10324 20033 30001 40155 57013==
35997 42698 20203 10281 20030 39766 40158 57007 82100 555 10036=
36259 12584 53103 10146 21009 38255 48513 52012 60002 83901 333 10158 90760 91111==
36335 42599 72405 10209 20061 39210 40148 53006 87020 555 10024=
36358 42599 72502 10234 20051 39209 40132 54000 87300 555 10032=
36394 42597 72503 10277 20047 39754 40133 57005 85380=
36397 42684 52004 10274 20034 39627 40133 57007 83570==
36403 42698 70704 10224 20091 39816 40145 57004 87900 555 10021=
36418 42699 61405 10254 20051 39593 40148 54000 86903 555 10028=
36421 42699 60701 10218 20116 39652 40168 54000 85502 555 10032=
36428 42684 70602 10231 20074 39710 40167 56004 84944==
36439 42698 72702 10161 20066 38999 48550 53007 84931 555 11020=
36467 42699 63603 10240 20027 39282 40138 54000 86400 555 10027=
36498 41598 52505 10257 20053 39423 40136 57004 70232 85300 555 10030=
36501 42699 72707 10260 20202 39447 40120 57005 87200 555 10029=
36535 42584 62201 10251 20058 39581 40153 57003 82330==
36546 42699 52402 10247 20081 39672 40160 57003 83341 555 10031=
36619 42999 02702 10279 20083 555 10038=
36622 42798 32502 10249 20011 39421 40149 56004 82140 555 10027=
36639 42584 10000 10261 20074 39602 40148 57001 81100==
36643 42899 23504 10258 20061 39553 40150 56003 82080 555 10028=
36665 42999 03601 10219 20055 39504 40168 53002 555 10021=
36666 42999 01102 10223 20118 39722 40172 57002=
36729 42998 20904 10260 20060 39720 40156 57002 82030 555 10034=
36736 42699 22502 10257 20046 39662 40163 57001 82200 555 10030=
36744 42998 02602 10280 20079 39750 40155 57007 555 10039=
36770 42699 13001 10262 20063 39493 40150 57004 81200 555 10037=
36786 42699 62901 10244 20097 39315 40150 57003 86900=
36796 42998 50000 10209 20058 39051 48550 54000 85040=
36803 42699 11202 10248 20079 39764 40173 56003 81500=
36806 42999 33405 10252 20015 39741 40167 57004 80001=
36819 42598 40204 10273 20042 39594 40147 57011 81101=
36821 42984 03502 10274 20061 39712 40155 57006==
36839 42699 10103 10236 20075 39110 40140 56001 81100=
36843 42798 10702 10222 20093 39076 40154 53001 81200=
36846 42699 10000 10211 20029 38645 48549 56002 81200=
36859 42584 20000 10260 20102 39440 40149 57003 82900==
36870 42960 00501 10246 20164 39208 40129 57003==
36874 42699 10506 10278 20077 39430 40131 57006 81100=
36877 42999 01502 10250 20084 39255 40145 57002=
36885 42999 00502 10247 20098 39111 40140 57003=
36889 42699 50000 10062 20016 37134 47166 52002 85100=
36894 42699 20000 10278 20076 39473 40141 56004 82200=
36905 42699 20301 10214 20068 38775 48556 53002 82100=
36911 42699 10000 10276 20141 39234 40116 57004 81100 555 10034=
36927 42699 20902 10208 20086 38374 48526 53002 82900=
36934 42699 22901 10189 20078 38296 48415 53001 82200=
36953 42699 21402 10196 20075 38241 48508 52002 82200 555 1/030=
36963 42799 22702 10120 21027 37105 48/// 53004 82500 555 10019=
36974 42798 12701 10224 20017 37996 48513 57010 81200 555 10028=
36982 42599 23407 10077 21050 36608 47160 53012 82200=
37018 41670 63101 10289 20220 30032 40102 52003 70182 86900==
37031 42560 80802 10303 20163 39928 40105 57002 8487/==
37054 42770 80703 10304 20123 39751 40101 57009 8253/ 333 90760 91110==
37061 41940 50907 10316 20106 39963 40116 57001 73131 80009 333 91011 90760 91114==
37085 42970 60811 10287 20156 30162 40137 54000 80002 333 91017 90760 91117==
37171 41670 63303 10290 20188 30078 40095 53005 70198 82930==
37228 42560 72701 10262 20158 39320 40086 57005 87500==
37235 42/70 30702 10298 20168 39804 40092 57007 8004/==
37472 42960 01305 10275 20213 30141 40120 54000 333 90760 91111==
38149 42970 01102 10322 20078 30094 40164 57018==
38262 42970 00503 10316 20055 30091 40165 57014==
38264 42970 03406 10317 20017 30066 40151 57019==
38345 42999 02602 10259 20061 38807 48531 57003 555 10038=
38353 42998 03501 10277 20056 39308 40131 57007=
38388 42998 00703 10336 20086 30083 40147 57017 555 18049=
38392 42997 00805 10324 20076 30055 40149 57015 555 10046=
38396 42960 00204 10320 20071 30028 40142 57019==
38403 42960 00704 10348 20103 30035 40144 57012==
38413 42970 00303 10333 20015 39845 40109 57018==
38457 42960 02301 10323 20068 39563 40095 57015==
38462 42984 02307 10266 20064 38746 48512 57007==
38462 42984 02307 10266 20064 38746 48512 57007==
38507 42965 01402 10346 20000 30028 40121 57017 333 91004 555 10054=
38545 42998 00404 10326 20120 39961 40120 57016 555 10048=
38565 12970 03603 10303 20088 39548 40119 58010 60002==
38579 12984 00602 10300 20102 39723 40106 57012 60002==
38583 12960 00902 10317 20130 39816 40109 57013 60002==
38599 42998 00704 10311 20069 39629 40098 57010=
38611 42960 01502 10301 20105 39582 40103 57009==
38613 42999 02601 10289 20124 39269 40092 56003 555 10044=
38616 42998 02701 10278 20108 39163 40093 57013=
38618 42960 00000 10301 20141 39458 40085 57008==
38647 42998 00808 10344 20021 30063 40101 57015 555 10047=
38656 42998 00704 10338 20023 30028 40128 57015 555 10051=
38683 42960 00205 10330 20038 39846 40097 57012==
38687 42997 00205 10325 20065 39898 40112 57007 555 10045=
38696 12984 01402 10288 20095 39303 40087 57008 60002==
38713 42998 00202 10264 20115 39024 48530 56008=
38750 42997 02502 10339 20261 30156 40130 58015 555 10047=
38763 42998 01009 10340 20053 30017 40113 57018 555 10046=
38774 42998 01103 10337 20080 39946 40123 57025 555 10048=
38799 42997 03603 10335 20059 39899 40109 57018 555 10044=
38806 42997 03203 10340 20120 39839 40074 57016 555 10046=
38812 42960 03003 10326 20064 39666 40077 58020==
38836 42999 02502 10316 20126 39154 49998 57016=
38880 42997 01106 10330 20053 39884 40116 57017 555 10055=
38886 42997 00203 10332 20073 39920 40128 57014 555 10047=
38895 42996 03402 10324 20061 39848 40113 57017 555 10049=
38911 42998 00204 10324 20093 39824 40092 57017 555 10050=
38915 42997 00000 10335 20076 39789 40083 57022 555 10047=
38927 12960 02502 10333 20048 39727 40068 57021 60002==
38933 42999 01802 10316 20187 39619 40085 57025=
38944 42997 01602 10311 20078 39520 40007 57011=
38954 42899 30000 10277 20085 37909 48420 53001 83101=
38974 42998 03402 10323 20038 39795 40101 57016 555 10051=
38987 42996 00204 10303 20041 39405 40086 57014 555 10041=
40030 32570 22506 10330 20175 40088 58011 82500 333 82630=
40066 32570 32803 10290 20184 4//// 5//// 83400 333 83626=
40080 32965 02907 10339 20091 39400 4//// 54000=
40100 43970 12313 10316 20217 30103 40118 58003 6///1 333 58///=
40180 12660 22706 10315 20193 30060 40106 57004 60001 82100 333 70000==
40199 12/// /0305 10393 20105 30059 40082 57022 60001 333 70000==
40255 36/// /2807 10300 29043 3//// 4//// 5////=
40265 31930 03218 10308 20133 39346 40097 57012 70700=
40270 31556 13012 10295 20150 39244 40097 57008 70500 81100 333 81830=
40272 31950 02716 10304 20161 39303 40096 57012 70700=
40296 36/// /2105 10394 29034 4//// 5////=
40310 36/// /2911 10334 29011 4//// 5////=
40340 32960 03608 10386 20092 30028 40089 57022=
40356 32960 02408 10330 20040 39142 48491 333 58002 555 04410 50059=
40357 32960 03314 10380 20000 39441 40030 333 59001=
40360 32960 03116 10364 20050 39510 40065 333 59001=
40361 32960 03014 10363 20010 39331 40066 333 58001=
40362 32960 03118 10401 20040 39546 40022 333 59006=
40373 32960 03510 10423 20030 39623 40008 333 59003=
40375 32960 03512 10380 20070 39226 40039 333 59001=
40394 32960 00214 10378 20120 38982 48496 333 59003 555 04410 50026=
40394 32960 00214 10378 20120 38982 48496 333 59003 555 04410 50026=
40400 32960 03017 10342 20240 30048 40075 333 58010=
40405 32960 03317 10418 20050 39329 40002 333 58001=
40417 32960 03617 10426 20090 39973 49987 333 58003=
40420 31957 03317 10443 21010 39793 49982 70700 333 58006=
40430 32660 52710 10402 20090 39350 40036 82230 333 58002 82840 83360=
40437 32960 03317 10420 20000 39352 40001 333 58001=
40439 22660 32515 10364 20260 30042 40060 81530 333 58008 60005 81640==
40582 41957 23419 10445 20086 49985 56016 70700 80001 333 00050 55310 00831 10000 22378 30830 41469 51980 63208 55407 41548 82070 90401 91025 91133 91223 91319=
40703 12960 00203 10322 20134 38848 40012 57022 60001 333 70000 555 10203 29032=
40706 12562 22202 10316 20108 38602 40015 57020 60001 82400 333 70000 82630 555 10189 29028=
40712 12662 10803 10295 20125 38629 40015 57013 60001 81500 333 70000 81640 555 10189 29035=
40713 12663 21003 10327 20125 38603 49990 57019 60001 82100 333 70000 82840 555 10199 29029=
40718 12960 00604 10311 20194 30139 40112 57010 60001 222// 0//// 20301 333 70012 555 10234 29050=
40723 12970 09901 10293 21040 38934 40104 57015 60001 333 70000 555 10137 29011=
40726 12960 00303 10314 20132 38607 40007 57016 60001 333 70000 555 10198 29033=
40727 12665 13203 10338 20091 38434 40001 57016 60001 81100 333 70000 81840 555 10188 29022=
40732 12560 50502 10292 20208 30130 40107 56007 60001 85300 333 70000 82923 84626 555 10236 29061=
40736 12960 03102 10317 20227 30135 40111 57007 60001 333 70000 555 10255 29059=
40737 12960 03403 10330 20183 30083 40100 57007 60001 333 70000 555 10234 29042=
40738 12960 02902 10350 20137 30110 40112 57014 60001 333 70000 555 10219 29028=
40739 12965 00605 10298 21024 38666 40069 57014 60001 333 70000 555 10140 29012=
40741 12960 03508 10332 20068 39796 40109 57012 60001 333 70000 555 10186 29020=
40743 12965 01105 10313 21015 39024 40072 56016 60001 333 70000 555 10151 29012=
40745 12965 00507 10284 20076 39020 40107 56012 60001 333 70000 555 10166 29027=
40747 12960 02302 10362 21017 38569 49976 57018 60001 333 70000 555 10166 29009=
40754 12660 11503 10311 20014 38788 40034 57017 60001 81100 333 70000 81840 555 10156 29015=
40762 12965 00304 10272 21018 38533 40066 55004 60001 333 70000 555 10130 29015=
40766 11959 02903 10371 21181 38613 49970 57013 60001 70600 333 70000 555 10148 29002=
40768 12965 00603 10335 20002 38216 49986 57014 60001 333 70000 555 10157 29012=
40769 11959 00705 10316 20027 38263 49992 57012 60001 70600 333 70000 555 10158 29016=
40780 11659 12505 10353 20090 38620 49994 58006 60001 70500 81100 333 70000 81841 555 10193 29020=
40782 12962 02905 10385 20000 38774 49976 56012 60001 333 70000 555 10179 29009=
40785 12960 01101 10372 21044 39011 40021 57034 60001 333 70000 555 10168 29007=
40791 12965 03404 10363 21149 39263 40026 56014 60001 333 70000 555 10153 29003=
40792 12965 00104 10311 21075 38672 40036 55009 60001 333 70000 555 10136 29008=
40798 12660 10907 10328 21062 37934 49976 57017 60001 81100 333 70000 81835 555 10139 29008=
40800 12960 01504 10355 20005 38415 49987 57021 60001 333 70000 555 10167 29011=
40809 12962 00000 10338 21138 38443 40004 56011 60001 333 70000 555 10137 29004=
40811 12960 00305 10443 20155 39942 49965 56014 60001 333 70000 555 10255 29019=
40812 12960 02605 10426 20119 39620 49962 57011 60001 333 70000 555 10233 29016=
40818 12965 00503 10323 21019 37939 49956 57020 60001 333 70000 555 10146 29011=
40821 12662 13303 10347 21004 38732 40010 57019 60001 81100 333 70000 81845 555 10164 29011=
40829 11958 03512 10362 20046 39484 40016 56012 60001 70700 333 70000 555 10188 29014=
40831 12960 03111 10450 20135 39971 49979 57024 60001 333 70000 555 10249 29016=
40833 12960 02503 10454 20106 39944 49973 57020 60001 333 70000 555 10240 29013=
40835 12960 02804 10416 20088 39207 49972 57011 60001 333 70000 555 10217 29014=
40841 12960 03406 10329 21009 38204 49982 56011 60001 333 70000 555 10152 29011=
40845 12960 03005 10385 20236 39973 49978 57015 60001 333 70000 555 10279 29043=
40848 12660 22702 10384 20067 38444 49944 57022 60001 82100 333 70000 82840 555 10194 29014=
40851 12960 03208 10342 20012 38215 49959 57015 60001 333 70000 555 10162 29012=
40854 12960 00105 10344 21030 38872 49983 56008 60001 333 70000 555 10159 29009=
40856 11957 20505 10297 21017 38582 40014 56006 60001 70500 80002 333 70000 82070 555 10141 29013=
40859 12660 42807 10398 20041 38611 49943 57020 60001 84300 333 70000 82935 83840 555 10192 29011=
40875 11926 01906 10366 20295 39954 49965 57014 60001 70500 333 70000 555 10312 29067=
40879 11958 03307 10416 21019 39331 49953 57018 60001 70700 333 70000 555 10191 29007=
40882 11930 02104 10362 20296 39932 49965 57015 60001 70500 333 70000 555 10312 29069=
40883 11930 02203 10361 20295 39940 49961 56016 60001 70500 80000 333 70000 555 10311 29069=
40893 11957 01904 10324 20276 39961 49966 57015 60001 70500 222// 00310 20401 333 70000 555 10288 29076=
40898 11956 01704 10324 20277 39938 49947 56016 60001 70500 222// 00306 20901 333 70000 555 10289 29076=
41024 22960 03016 10377 20240 30037 40062 333 58004 60005==
41036 22560 43311 10332 20130 38545 48496 83830 333 58003 60005 83830==
41055 22560 50216 10330 20040 38341 48481 85300 333 58001 60005 84630 81925==
41061 22560 30214 10430 20000 39329 83100 333 58008 60005 83830==
41084 22560 20316 10377 20000 38792 48464 82200 333 58003 60005 82830==
41112 22560 40308 10291 20030 37932 48481 84400 333 59001 60005 84620==
41114 21557 30612 10288 20010 37965 48481 70600 83400 333 58001 60005 83622==
41128 21557 50314 10376 20010 38750 48471 70733 85200 333 58012 60005 85830==
41136 22660 20208 10424 20000 39211 49967 82400 333 58004 60005 82640==
41140 22560 52911 10351 20280 30037 40042 82230 333 59016 60005 82830 83360==
41150 32962 03218 10371 20256 49987 333 58003=
41176 34/64 /3613 10438 20161 39965 49971 333 59001=
41184 31957 23208 10382 20262 49964 70600 80001 333 59006 82070=
41194 12960 03009 10391 20290 39954 49959 60001 333 59008=
41196 12960 02909 10386 20280 39926 49964 60001 333 59009=
41216 32960 23409 10378 20289 39963 49967 80001 333 59003 82075=
41217 32960 23211 10378 20287 39935 49962 82030 333 59004 82368=
41253 36/// /0007 10384 20182 39621 49957 333 0E031 55300 25022 58000=
41255 36/// /1804 10448 20062 39455 49919 333 0E031 59000=
41256 32560 80507 10325 20278 39956 49973 88530 91142 333 59002 55407 55408 55507 55508 83625 85360=
41265 36/// /3112 10444 20014 39402 49919 333 0E032 55300 22704 58006=
41275 36/// /0204 10469 20053 39802 49956 333 0E028 55300 22807 59001=
41315 26/04 /1606 10232 20232 39215 47044 333 0E024 55300 27865 59001 70004=
41316 21460 81809 10274 20249 39992 40021 70352 886// 333 58002 55407 55408 55507 55508 79999 82709 84714 88625=
41397 61010 10300 20273 40070 50010 70322 8571/ 22200 00290 20401 80280=
41398 73620 10200 20167 40160 5//// 70222 8677/ 22273 00220 20603 336// 41003 80180=
41480 12456 31205 10369 20241 39988 49996 60002 70544 81130 333 59013 81818 83360=
41497 20310 10170 2//// 40191 5//// 702// 824// 22252 0//// 20802 303// 40802=
41498 52914 10280 20252 40088 5//// 70322 8456/ 22273 06290 20502 329// 40502 80260=
41506 11460 80000 10220 20191 38495 48940 69951 72162 8552/ 333 10242 5688/ 58050==
41536 11440 80000 10210 20203 39000 48860 60041 76066 8872/ 333 10214 5688/ 58023==
41571 11640 70502 10260 20224 39511 40074 69901 70562 84830 333 10266 56880 58023==
41598 11440 40000 10280 20273 39790 40051 60001 70296 83130 333 10282 56880 58014==
41600 11440 63101 10305 20264 39760 40042 60001 70422 83570 333 10310 56880 58005==
41620 11440 60502 10250 20165 38530 48360 60011 76102 82510 333 10260 56880 58042==
41624 12460 80501 10290 20232 39861 40053 60001 8452/ 333 10304 5688/ 58040==
41630 11420 72702 10270 20256 30000 40061 60051 79596 86970 333 10320 56880 58037==
41640 11440 62702 10290 20248 39810 40048 60001 70422 84570 333 10332 56880 58032==
41660 12460 71308 10260 20154 38379 48630 60001 85330 333 10264 56880 58033==
41678 11440 80000 10290 20276 30000 40038 60011 75052 84520 333 10350 56880 58032==
41696 12460 80501 10185 20162 37959 48570 60011 85520 333 10194 56880 58004==
41697 11460 80000 10260 20246 39898 40049 60041 72166 8452/ 333 10340 5688/ 58073==
41700 11440 60502 10310 20269 39903 40025 60041 70496 84530 333 10320 56880 58040==
41710 11920 03102 10360 21034 39244 49957 60002 70600 333 10370 58025==
41712 11920 71302 10340 20022 39085 48450 60002 70600 87010 333 10360 56080 58040==
41715 11440 60502 10305 20264 39962 40025 60001 70522 83530 333 10324 56880 58044==
41718 11420 80502 10285 20278 39928 40026 60081 71796 8792/ 333 10316 5688/ 58045==
41725 12440 50504 10325 20263 39933 40009 60001 82830 333 10334 56880 58038==
41739 11940 63603 10330 20068 38938 48290 60001 70520 86030 333 10334 56080 58013==
41744 12440 80000 10240 20102 38668 48020 60202 85520 333 10244 56880 59018==
41749 11440 60505 10310 20239 39960 49993 69951 72050 82530 333 10320 56880 58014==
41756 11940 01803 10315 20252 39909 49972 60001 70504 333 10324 59009==
41759 11940 52301 10325 20263 39967 49972 60001 70511 85010 333 10364 56880 58009==
41764 12440 70907 10280 20244 39946 49994 60021 85570 333 10294 56880 58044==
41768 12340 41804 10300 20258 30012 40018 60031 83630 333 10304 56880 58072==
41780 11440 70710 10285 20242 39942 49968 69901 70252 86630 333 10290 56880 59004==
41785 12460 60904 10285 20242 39980 49992 60001 83530 333 10290 56880 58044==
41859 02450 60000 10340 20270 39981 40018 83510 333 10355 59003 70000 83618 86458==
41883 02450 80000 10325 20290 39998 40018 8452/ 333 10340 58002 70000 84618 88458==
41891 01450 30000 10315 20270 39985 40022 70511 82430 333 10345 58015 70000 81618==
41898 22121 10290 20263 40086 5/005 70200 82145 22223 00301 20602 80270=
41907 02456 60000 10330 20290 30002 40016 84510 333 10350 58002 70000 84615 86458==
41923 02456 50000 10330 20250 30010 40020 81531 333 10352 58004 70086 81616 83360==
41936 41450 41203 10330 20290 30010 40017 70522 82830 333 10352 58006 82615 83362==
41943 02450 42201 10322 20250 30015 40022 82531 333 10365 58009 70010 82616==
41950 02450 51802 10315 20270 30021 40024 83301 333 10355 58012 70000 83617 83080 81928==
41978 02458 62512 10307 20260 30027 40033 84310 333 10340 58013 70098 83618 85460 81930==
41992 01430 41505 10295 20250 30032 40034 70522 82530 333 10331 58006 70000 82616 84362==
42001 30121 99259 70897 46/// /1405 10301 20277 30130 40133 91140 22200 00310 333 91206 555 11050 22053 8//05 91133=
42027 21595 70502 10200 20170 38423 48507 70162 84420 333 10203 58035 6009/=
42044 22596 60000 10190 20169 38280 48512 70362 83520 333 10196 58026 6002/=
42045 21595 61402 10238 20152 38308 48429 70252 84530 333 10228 58020 6996/=
42056 21696 43601 10320 20243 39622 70151 81101 333 10321 58004 6992/ 81840=
42071 31596 40703 10330 20301 40038 71010 84400 333 10352 58014 84630=
42101 32596 21401 10338 20306 40042 82400 333 10356 58015 82630=
42111 32596 40000 10320 20260 39349 40012 83830 333 10344 58012 82830 83360=
42123 21596 63201 10270 20253 40038 70296 84830 333 10334 58033 6011/ 82830 83632 85360=
42131 32696 40000 10300 20252 40038 83501 333 10359 58027=
42165 32696 50000 10350 20219 40013 82520 333 10357 58034 82640 85460=
42182 31596 72706 10320 20267 40032 70522 83330 333 10350 58020 83630 81935 87359=
42189 31595 20000 10330 20260 40018 70521 81502 333 10347 58006 81630=
42309 31596 42901 10344 20296 40006 71021 83830 333 10365 59001=
42314 32596 49902 10346 20261 40004 81130 333 10360 59001 81825 83360=
42328 32696 21406 10316 20232 49996 82200 333 10336 58044 82835=
42339 31695 21102 10328 20233 40024 70520 82800 333 10335 58039 82842=
42348 21596 59902 10312 20247 40031 70522 85900 333 10328 58017 6003/ 84630 81935=
42361 21596 60000 10288 20263 40031 70596 83530 333 10353 58020 6993/ 83620 86360=
42369 31596 30000 10332 20274 40021 70511 83400 333 10362 58010 81620 82825=
42379 31595 10902 10340 20271 40011 70510 81200 333 10360 58004 81825=
42398 32596 49901 10342 20280 40007 82530 333 10376 59007=
42410 31495 70000 10344 20284 40017 70522 83530 333 10376 58001 83618 81925 86360=
42415 32596 60000 10340 20283 40016 82131 333 10370 59003 82825 83360=
42452 31596 59902 10330 20251 40017 70522 83530 333 10339 58023=
42492 31496 60503 10326 20268 40016 70511 83530 333 10356 59002 83618 84360=
42559 32596 62302 10312 20242 40010 83232 333 10330 58012 83825 84360=
42571 21596 80000 10274 20251 40019 72996 8593/ 333 10343 58006 6006/ 84625 81930 87360=
42591 NA=
42623 31496 51402 10308 20232 39181 40061 70522 83530 333 10321 58004 83618 85360=
42634 21495 81404 10272 20246 40008 75055 85710 333 10283 58096 6007/ 85715 86458=
42647 31495 61806 10316 20248 40027 70522 86800 333 10332 56400 58030 84618 83825=
42667 21596 73104 10282 20249 39463 40033 76062 85930 333 10312 58020 6990/ 83620 84825 81930 85360=
42675 21596 70000 10270 20253 40014 70552 84430 333 10328 58002 6998/ 84620 86360=
42701 31496 60702 10298 20274 39310 40010 71022 84330 333 10307 58005 84618 81930 85360=
42724 32496 50000 10334 20268 40018 84430 333 10356 58007 82618 83825=
42737 32596 72010 10294 20251 40020 83520 333 10313 58046 83620 86456=
42754 22596 60000 10290 20228 39413 40029 85430 333 10296 58020 6011/ 84620 85360=
42779 21495 80000 10266 20241 39340 40019 71796 8592/ 333 10326 58000 6006/ 82710 84620 81930 88458=
42798 21496 61106 10330 20248 40011 70562 83530 333 10346 58003 6990/ 83618 85360=
42809 21596 70904 10310 20254 40024 70596 83331 333 10350 58009 6990/ 83620 81930 85360=
42840 32596 41804 10300 20264 40040 84800 333 10316 58025 82620 83825=
42867 21496 83202 10262 20245 40029 71096 8492/ 333 10299 58006 6058/ 81710 83618 81930 88458=
42874 32596 30000 10312 20259 40008 83400 333 10340 59006 82620 83825=
42886 32596 72306 10316 20263 40009 85530 333 10340 59009 85620 87360=
42895 32596 50902 10304 20259 40024 84430 333 10340 58008 83620=
42909 21496 72005 10282 20265 40031 70252 84730 222// 20000 333 10292 58030 6009/ 81715 83620 86358=
42971 21496 60706 10310 20244 40016 70562 84430 333 10332 59002 6994/ 84618 85360=
43003 31595 62704 10310 20254 40048 70422 84830 333 10321 58014 82620 83825 85360=
43014 31596 43203 10316 20241 39391 40013 70241 84830 333 10322 58007 83620 84825 84360=
43041 31596 60000 10297 20243 39404 49999 84410 333 10314 59013 82620 84825 86458=
43063 21597 52703 10274 20226 39434 40044 70265 85700 333 10285 56600 58011 6006/ 82722 83626=
43086 21597 80000 10288 20266 39844 40018 70262 8557/ 333 10304 59013 6002/=
43110 32496 72702 10288 20248 40067 83830 333 10310 58011 82618 83822 86358=
43117 22597 82301 10270 20262 39880 49999 8252/ 333 10310 59010 6006/=
43128 21496 83203 10276 20221 39438 40031 70522 8372/ 333 10294 56699 59001 6993/ 82710 88458=
43150 21496 80000 10260 20254 39945 40005 76066 8592/ 222// 20000 333 10283 56199 57972 59014 6030/ 82712 83618 81930 88458=
43185 21596 82704 10264 20252 30014 40017 75065 8387/ 333 10271 58006 6016/ 82620 86458=
43189 21596 80000 10264 20249 30008 40017 76166 8382/ 333 10270 59003 6018/=
43192 21496 72303 10280 20257 40064 70262 82732 333 10305 58008 6996/=
43201 21497 72703 10242 20216 39320 40037 72996 84530 333 10286 58002 6008/ 84612 86358=
43213 21596 82303 10282 20250 39712 40023 79596 8492/ 333 10310 57912 58004 6995/=
43233 32597 72508 10260 20223 39254 40057 83832 333 10282 58003=
43237 21597 82503 10284 20237 39622 40005 70265 8582/ 333 10311 58003 6002/ 83620 83825 88458=
43245 21596 80000 10298 20261 30010 40036 76022 84477 333 10323 58013 6993/=
43279 21496 82002 10314 20262 30025 40042 75022 8422/ 333 10326 57880 57873 58009 6990/ 84618 81825 86458=
43284 21396 82708 10284 20247 39955 40069 72065 84971 333 10300 56699 57922 57932 58003 6994/ 82708 83612 81925 86458=
43295 21496 72708 10236 20194 39063 48476 76022 84831 333 10270 56699 58004 6002/ 82612 83818 85358=
43310 22596 52302 10282 20254 40058 82221 333 10284 58014 6001/=
43314 21496 72702 10292 20270 40077 70262 84811 222// 20801 333 10307 56699 58001 6012/=
43321 31496 72312 10276 20223 39613 40053 70522 83431 333 10314 59004 83612 85358=
43329 32997 80000 10310 20277 30026 40039 82032 333 10330 58000=
43333 21495 82308 10246 20240 40078 76162 8542/ 333 10302 58012 6026/ 83617 85819 88457=
43344 31496 72711 10340 20220 39947 40044 70522 83531 333 10363 59007 83616 86360=
43353 21496 79902 10262 20253 40083 71096 83920 333 10274 56790 58004 6010/ 83708 83612 81925 85458=
43369 21496 80000 10264 20264 40086 72196 8447/ 333 10299 59009 6022/ 84618 86458=
43371 21496 89902 10258 20244 30018 40091 70362 83772 333 10270 56799 58010 6004/ 83713 84357=
43404 22470 82104 10284 20262 30050 40053 54001 87000 333 10316 20267 3/027 553// 20029 59003 60008 91008 555 60008==
43410 22970 8//// 10314 20213 30054 40057 52003 87000 333 10350 20282 3/027 58001 60008==
43413 22470 72206 10286 20245 30062 40067 56003 86150 333 10313 20280 553// 20049 58001 60008 91013==
43415 22470 52703 10300 20237 39963 40071 56004 85000 333 10340 3/025 59005 60008 555 60008==
43418 22570 62301 10303 20225 30024 40065 52003 81906 333 10341 20292 3/025 58004 60008 555 69908==
43421 22470 62603 10289 20234 39967 40071 54001 86000 333 10336 20253 3/025 553// 20060 58003 60008 91006==
43422 21/70 72302 10260 20246 39942 40075 57001 72982 333 10315 20256 3/024 58005 60028 85/18 81/20 555 60028==
43424 21470 82304 10286 20249 30071 40073 57002 70182 81000 333 10312 3/024 59001 60008 555 69908==
43436 22/70 70000 10309 20253 30061 40064 52002 85000 333 10330 58004 60008 555 60008==
43441 21470 72302 10263 20234 39948 40002 55001 70298 86202 333 10300 20241 3/025 58003 60008 555 60258==
43444 21470 72301 10254 20222 39552 40081 58005 70392 84000 333 10286 20236 3/022 58001 69918 555 60088==
43450 21470 71803 10285 20242 30080 40092 57002 70182 8512/ 333 10307 20250 3/023 553// 20003 59001 69998 81/19 555 60048==
43466 22570 72401 10284 20205 30080 40088 5/001 81006 333 10300 20251 553// 20021 58000 60008 91004==
43467 21/70 72502 10286 20231 30083 40089 57001 70382 333 10318 3/025 58001 60028 82816 81918 555 60138==
43473 21260 82806 10156 20156 38106 48471 56001 75085 88000 333 10179 20147 3/014 553// 20024 59005 60008 91010 555 60028==
43475 22470 82202 10307 20225 30065 40069 52004 84166 333 10355 20239 553// 20032 59003 60008 91006 555 60008==
43476 21468 72701 10220 20173 38752 48499 56001 70252 86000 333 10259 20220 59003 69908 555 69908==
43479 22470 82702 10259 20179 39233 54000 83000 333 10277 20232 58000 60008 555 69908==
43486 21460 80101 10254 20254 39995 40095 5/000 78098 87/// 333 10312 20239 553// 20011 58007 60008 81918 91002==
43495 21450 73202 10262 20248 30075 40088 51/// 79598 87/// 333 10297 58000 60118 82918==
43497 21470 82403 10254 20000 30067 40084 5/008 70282 85000 333 10307 20236 553// 20031 58009 69958 91006==
44212 11584 63404 10194 20031 39085 40138 52020 60002 70296 85230 333 10229==
44213 11684 40101 10152 20067 38773 40150 52006 69952 70262 84500 333 10182==
44214 42670 63207 10180 21043 38277 40120 53012 86200 333 10196==
44215 41670 40806 10154 20035 38405 40144 52016 70232 83140 333 10197==
44217 32998 10000 10118 21014 37885 40195 53007 81040 333 10153 91204=
44218 42684 40504 10209 20008 38588 40110 52021 84200 333 10256==
44219 12999 33505 10212 20024 38585 40087 52012 69902 82046 333 10232 91206 555 80040=
44265 42684 22606 10192 20049 38827 40139 52004 81162 333 10211==
44266 31699 62806 10142 20026 37789 40134 53011 70232 83578 333 10171 91113 91211=
44404 22358 10903 10246 20208 38106 48427 81100 333 10265 58005 69908 70164=
44416 22560 32404 10320 20260 39280 40015 83200 333 10344 58003 60008 70012=
44424 21560 72802 10165 20152 37663 47072 72196 85450 333 10252 58012 60058 70049=
44434 22560 21404 10308 20242 39158 48468 82100 333 10320 59016 60008 70046=
44438 22560 12604 10342 20271 39899 40021 81100 333 10359 58004 60008 70000=
44449 22560 12402 10336 20303 39875 40024 81100 333 10349 58006 60008 79999=
44454 22560 22806 10271 20218 38618 48459 82100 333 10320 59007 60008 70066=
44462 21460 30901 10252 20214 38236 48445 79000 83200 333 10285 58002 60008 70004=
44474 21010 70000 10236 20194 38235 48473 75044 87800 333 10283 58003 69908 70030=
44477 22558 42702 10260 20233 38769 48487 82202 333 10316 58001 60008 70024=
44478 22558 33002 10332 20291 39934 40016 81102 333 10358 59017 60008 70000=
48010 42556 41801 10320 20281 39873 40020 82830 333 10342 58008==
48020 42456 20000 10332 20275 82200 333 10349==
48025 42458 30000 10343 20325 39887 40023 83300 333 10357 59009==
48031 42256 40401 10170 20150 84800 333 10250==
48048 42556 30000 10323 20265 39976 40030 83800 333 10345 58002==
48052 32456 50000 10300 20239 85900 333 10332 56900=
48062 42558 31305 10300 20266 30029 40030 84970 333 10325 58013==
48064 42450 82201 10310 20267 39966 40022 85331 333 10337 59009==
48071 41456 72302 10290 20259 30041 40050 76066 86970 333 10315 58010==
48094 41456 81801 10255 20250 30059 40069 76066 8597/ 333 10305 58030==
48109 42440 72303 10285 20259 30067 40070 86930 333 10318 58018==
50557 14/80 /3202 10185 20116 39778 40062 52021 60001 333 10229 20130 3/016 59011 70000 90761 91109==
51076 14/80 /2604 10203 20070 39338 40184 52005 60001 333 10221 20100 3/012 58090 70001 90761 91109==
51087 14/80 /2805 10200 20056 39205 40184 52007 60001 333 10218 20123 3/013 58090 70092 90761 91112==
51156 14/80 /2603 10189 20019 38720 40188 52007 60001 333 10205 20087 3/009 58056 70005 90761 91109==
51243 14/80 /2902 10272 20071 39650 40165 52004 60001 333 10283 20181 3/018 58048 70001 90761 91109==
51334 14/80 /3001 10269 20102 39781 40162 54000 60001 333 10287 20143 3/013 58028 70000 90761 91106==
51379 14/80 /0000 10191 20135 39288 40193 52001 69921 333 10253 20151 3/017 58098 70097 90761 91105==
51463 14/80 /3404 10192 20100 39053 40192 52001 60001 333 10207 20136 3/015 58056 70197 90761 91109==
51573 14/79 /1401 10303 20122 30033 40079 52009 60001 333 10388 20288 3/030 58132 70000 90761 91105==
51644 14/67 /1101 10266 20150 38891 40068 52010 60001 333 10291 20171 3/018 58038 90761 91106==
51656 14/75 /3601 10240 20152 39088 40074 52012 69901 70060 333 10315 20221 3/023 58092 70001 90761 91107==
51709 14/80 /2003 10281 20079 38580 40046 52003 60001 333 10294 20170 3/015 58015 70073 90761 91109==
51711 14/80 /0601 10220 20082 38007 40025 52006 60001 333 10246 20135 3/009 58029 70000 90761 91108==
51716 14068 02801 10269 20159 38852 40063 52002 60001 333 10269 20171 3/016 58017 70000 90761 91105==
51765 14/61 /0903 10278 20114 39140 40066 52018 60001 333 10345 20211 3/020 58107 70000 90761 91106==
51811 14/67 /2301 10269 20126 38739 40062 52004 60001 333 10288 20173 3/017 58023 70026 90761 91105==
51818 14/79 /3200 10265 20106 38602 40072 52004 60001 333 10289 20153 3/016 58023 70017 90761 91106==
51828 14/43 /1501 10251 20146 38605 40071 52006 60001 70600 333 10259 20191 3/020 58028 90761 91107==
51886 14/56 /0405 10218 20076 37126 49972 57001 60001 70500 333 10275 20160 3/016 58043 70004 90761 91110==
52203 14/66 /0506 10272 20081 39243 40055 52012 60001 333 10337 20233 3/028 58098 70000 90761 91113==
52602 14/70 /3008 10214 20057 37269 49965 52006 60001 333 10288 20188 3/019 58043 90761 91115==
52681 14/62 /1003 10309 20172 38548 49968 52011 60001 333 10353 20237 3/029 59016 70000 90761 91113==
52818 14/80 /3001 10273 20125 37221 49902 57004 60001 333 10311 20193 3/016 58028 70000 90761 91108==
52908 14/57 /2702 10167 20037 35851 49961 57004 60001 333 10192 20049 3/006 58010 70000 90761 91109==
53463 14/80 /0202 10245 20137 38829 40074 52006 60001 333 10316 20169 3/026 58010 70000 90761 91106==
54857 14/63 /2501 10287 20234 39996 40084 52009 60001 333 10328 20242 3/028 58002 70000 90761 91107==
55228 14/80 /2201 10208 21030 36067 49910 57011 60001 333 10208 20076 3/006 59005 70000 90761 91107==
55299 14/80 /2702 10185 21055 35922 49976 57006 60001 333 10209 20035 3/001 58009 70000 90761 91107==
55578 14/80 /1304 10190 20028 36419 49985 57001 60001 333 10226 20091 3/010 58021 70000 90761 91109==
55591 14/80 /2601 10225 21009 36558 49941 57011 60001 333 10250 20121 3/009 58011 70000 90761 91106==
55664 14/80 /1206 10167 21005 36062 49982 52001 60001 333 10199 20074 3/008 58013 70000 90761 91113==
55773 14/80 /1205 10112 20055 36080 40058 57004 60001 333 10149 20033 3/004 58004 70003 90761 91111==
56004 14/80 /1403 10181 21022 35901 49946 57005 60001 333 10208 20054 3/010 58010 70000 90761 91109==
56018 14/80 /1803 10184 20035 36238 49996 52001 60001 333 10255 20046 3/005 58005 70000 90761 91106==
56116 14/80 /1902 10227 20005 36382 49958 52002 60001 333 10269 20066 3/007 59001 70000 90761 91106==
56299 58011 70010 555 93012=
56312 14/80 /1102 10255 20076 37086 49973 52003 60001 333 10302 20108 3/011 59025 70000 90761 91108==
57494 14/60 /0000 10287 20253 30041 40069 52009 60001 333 10350 20259 3/029 58004 70000 90761 91105==
58847 14/60 /1103 10301 20261 39987 40084 52019 60001 333 10357 20266 3/029 58014 70000 90761 91108==
62309 42560 33207 10319 20199 40125 57004 83500==
62325 42960 03305 10330 20228 40126 57010==
62332 42960 03211 10320 20224 40123 57005==
62387 42960 03511 10375 20169 40108 57015==
62420 42960 03605 10385 20137 40105 57013==
62432 42960 00411 10414 20117 40106 57020==
62435 42960 00410 10414 20105 40089 57017==
62455 42960 03207 10367 20183 40107 57016==
62458 42960 03009 10330 20202 40086 57014==
62459 42960 02921 10324 20213 40072 57014==
