SIPK OPKC 300300=
41504 22596 82302 10160 20109 37838 48463 85710 333 20125 56990 59001 60007 70000 82720 83640 88460 Rh72%=
41505 22596 80000 10120 20111 38/// 48/// 8667/ 333 20115 58/// 60007 70303 83720 84640 87760 94%=
41506 22696 70000 10190 20167 38499 48498 84520 333 20188 56990 58039 60007 70012 84640 84460 87%=
41507 22697 70000 10250 20206 39218 49715 83510 333 20210 56990 58035 60007 70000 83640 84460 77%=
41508 22496 60000 10200 20185 38644 48519 83720 333 20175 56990 58051 60007 70330 82715 81635 83460 91%=
41509 22496 80000 10210 20185 38727 48487 72162 85720 333 5699/ 58043 69907 70100 82720 83630 86458 91%=
41509 22496 70000 10210 20185 38727 48487 72162 85720 333 20190 5699/ 58043 69907 70100 82720 83630 86458 91% CORR=
41510 21696 80000 10155 20139 37913 48498 76062 8352/ 333 20150 56990 58024 60017 70023 83635 85460 90%=
41510 21696 80000 10155 20139 37913 48498 76062 8352/ 333 20150 56990 58024 60017 70023 83635 85460 90%=
41515 22697 70000 10184 20153 38503 48467 83520 333 20159 56990 58019 60007 70074 83650 84458 81%=
41516 22596 80000 10180 20156 38541 48501 8561/ 333 20165 5699/ 58017 69907 70027 82725 83640 88460 RH86%=
41517 21496 70000 10150 20134 37819 48520 70462 85670 333 20134 56990 58041 60007 70163 82710 83635 87760 90%=
41518 22596 71802 10183 20172 38/// 48/// 85720 333 20167 56990 5//// 60007 70092 82720 83640 87461 95%=
41519 21596 70000 10185 20144 38749 48496 72052 84720 333 20165 56990 58022 69907 70050 81730 83640 87462 RH77%=
41520 21596 80000 10125 20108 37651 48266 72162 8562/ 333 20111 5699/ 58020 60017 70280 82720 83640 88460 89%=
41523 22696 80000 10215 20200 39068 48504 8472/ 333 20210 5699/ 58044 60007 70020 81720 83640 85460 91%=
41524 21696 80000 10220 20198 39297 40135 76166 8552/ 333 20205 5699/ 58029 60027 70030 85640 85358 RH 87%=
41525 21696 82704 10145 20123 37616 48378 76166 8352/ 333 20125 5699/ 58024 60047 70040 83640 85460 RH90%=
41528 21696 80000 10205 20205 39188 48496 8552/ 333 20202 5699/ 58013 69907 70800 85640 88460 100%=
41529 22696 72702 10270 20241 39710 40077 83520 333 20240 56990 58033 60007 70000 83640 84460 RH 84%=
41530 21696 73106 10270 20226 39676 40074 70522 84330 333 20245 56990 58034 69907 79999 81830 83840 86358 77%=
41534 22697 70000 10255 20233 39671 40072 84520 333 20240 56990 58024 60007 79999 84640 83460 RH88%=
41535 22697 80000 10190 20174 38689 48465 8452/ 333 20162 5699/ 58023 60007 70660 84635 86460 RH91%=
41536 22597 83602 10200 20185 39009 48493 8352/ 333 20185 5699/ 58022 60007 70450 83630 88460 91%=
41560 22697 50000 10190 20159 38263 48482 82520 333 20170 56990 58021 60007 70070 82630 83460 Rh82%=
41562 22697 80000 10260 20215 39607 40055 8452/ 333 20240 5699/ 58027 60007 70020 84640 84460 RH 76%=
41565 22495 83102 10161 20160 38605 48472 82720 333 20150 56990 59012 60007 70050 82730 86460 100%=
41567 21696 80000 10245 20223 39637 40041 70402 83530 333 20235 56990 58026 60007 70120 83640 85460 87%=
41571 21696 70512 10220 20220 39522 40093 71062 85330 333 20210 56990 58036 60177 70380 RH100%=
41572 21695 80512 10220 20220 39458 40068 76162 8452/ 333 20205 5699/ 58033 60037 70289 84640 88460 RH100% MAX WIND GUST NE-22KTAT 0135UTC=
41573 21696 80508 10140 20123 37974 48490 76062 8452/ 333 20130 56990 58018 60077 70190 84640 84460 90%=
41574 21696 81302 10160 20152 38333 48509 76062 8352/ 333 20140 5699/ 58014 60027 70284 83640 87460 95%=
41576 21595 83104 10225 20225 40084 79596 8432/ 333 20214 5699/ 58030 60327 71472 81930 83640 88460 100%=
41577 21696 80000 10210 20210 39488 40091 76062 8452/ 333 20205 5699/ 58040 60277 70533 84640 88460 RH 100%=
41593 21696 70904 10240 20225 39849 40058 70422 83520 333 20232 56990 58021 60017 70306 83640 85460 91%=
41597 21595 80000 10225 20225 39799 40088 79596 8492/ 333 20220 5699/ 58033 60567 70980 81930 83640 88460 100%=
41598 21696 80000 10220 20220 39798 40064 76266 8452/ 333 20218 5699/ 58032 60147 70763 84640 88460 100%=
41599 21696 83106 10245 20230 39784 40067 76066 8442/ 333 20225 5699/ 58017 60087 70476 84640 86460 92%=
41600 21696 80902 10245 20230 39771 40059 70422 8456/ 333 20228 5699/ 58015 60017 70330 84645 86460 92%=
41620 32696 83604 10210 20173 38537 48453 86510 333 20200 56990 58020 60007 70000 86640 82460 78%=
41624 22696 83102 10265 20244 39861 40055 8452/ 333 20245 5699/ 58028 60007 70000 84637 84460 88%=
41625 22697 73102 10265 20251 39863 40057 83520 333 20250 56990 58027 60007 70000 83637 84460 92%=
41630 21594 83604 10250 20250 40063 76096 8672/ 333 20245 5699/ 58026 60017 70638 83720 85640 88460 100% 10 DAYS RAINFALL IS 96.6MM=
41633 22697 80902 10240 20225 4//// 8452/ 333 20215 5699/ 5//// 60007 70000 84640 86460 91%=
41634 21696 61304 10215 20215 3//// 4//// 75000 82640 333 20195 56990 5//// 60017 70120 82640 84460 100%=
41635 21696 70000 10235 20228 3//// 4//// 70452 84570 333 20205 56990 5//// 69907 70010 84640 86460 96%=
41636 21696 80000 10255 20248 39880 40056 76262 8352/ 333 20245 5699/ 58031 60017 70036 83640 88461 96%=
41638 21595 80000 10255 20255 4//// 79596 8532/ 333 20243 5699/ 5//// 60037 70392 81930 84640 88460 100%=
41639 21696 71302 10225 20218 3//// 4//// 76096 83570 333 20215 56990 5//// 60067 70350 83640 84460 96%=
4164 21696 61205 10260 20215 39794 40054 70420 84470 333 20218 56990 58026 60007 70320 84640 84360 76% MAX GUST 07028KT AT 29,1105Z=
4164 21696 61205 10260 20215 39794 40054 70420 84470 333 20218 56990 58026 60007 70320 84640 84360 76% MAX GUST 07028KT AT 29,1105Z=
41640 21696 71302 10265 20244 39816 40058 70420 84540 333 20245 56990 58023 60007 70204 84640 85460 88%=
41641 21696 61205 10260 20215 39794 40054 70420 84470 333 20218 56990 58026 60007 70320 84640 84360 76% MAX GUST 07028KT AT 29,1105Z=
41642 21695 70902 10250 20250 3/// 4//// 70400 83510 333 20215 5699/ 5//// 60007 70304 83640 85460 100%=
41643 21696 60000 10265 20236 39789 40057 70422 83470 333 20225 56990 58023 60007 70240 83640 83460 84%=
41644 01696 80000 10235 20235 4//// 76062 8352/ 333 20220 5699/ 5//// 60097 70784 83640 88460 100%=
41646 21696 61306 10280 20266 39860 40064 70400 82530 333 20223 56990 58026 60007 70006 82640 85360 92%=
41652 21696 80504 10260 20238 39882 40055 75195 84510 333 20258 56990 58024 60017 70010 84640 88460 88%=
41661 21696 71302 10210 20165 38342 48464 75200 83520 333 20205 56990 58022 69907 79999 83635 87460 RH75%=
41669 22696 72702 10265 20251 3//// 4//// 83520 333 20255 56990 5//// 60007 70000 83460 85460 92%=
41670 21696 60000 10265 20221 3//// 4//// 70400 83530 333 20255 56990 5//// 60007 70000 77%=
41674 21596 83104 10250 20243 3//// 4//// 79596 8332/ 333 20257 5699/ 5//// 60157 70150 81930 82640 88460 96%=
41675 21594 80506 10250 20250 39910 40050 79596 8531/ 333 20248 5699/ 58030 60167 70160 81930 84640 88460 100%=
41676 21696 73306 10270 20256 39915 40067 70400 85520 333 20256 56990 58023 60007 70000 85635 87460 92%=
41677 21696 80504 10250 20235 39862 40024 70400 84570 333 20235 56990 58011 60007 79999 84640 84460 92%=
41678 21996 30000 10290 20248 40033 70500 83020 333 20265 56090 58012 60007 70000 83460 78%=
41679 21696 80502 10265 20251 4//// 70422 8352/ 333 20235 5699/ 5//// 60007 70220 83640 85460 92%=
41680 21694 70000 10260 20253 39837 40029 71020 82430 333 20245 56990 59007 60007 70030 82640 85362 96%=
41696 22697 80000 10185 20154 37961 48460 84520 333 20165 56990 59005 60007 70010 84640 84460 RH82%=
41697 22697 80000 10255 20241 39886 40037 8452/ 333 20240 5699/ 58021 60007 70260 84640 84460 RH92%=
41700 21696 60502 10285 20264 39903 40023 70422 83530 333 20267 56990 58021 60007 70000 83640 84360 89%=
41701 21996 30506 10295 20267 39907 40044 70400 83020 333 20273 56090 58022 60007 79990 83460 85%=
41710 21995 03114 10245 21078 39260 40005 70600 333 20220 58020 60007 70000 R.H11%=
41712 21995 41308 10290 20019 39100 48449 70700 84010 333 20270 56090 58021 60007 70000 84460 RH17%=
41715 21696 80502 10280 20259 39969 40032 70522 8553/ 333 20265 5699/ 58020 60007 70200 85635 84360 RH88%=
41716 21696 80504 10265 20265 39948 40048 72165 84520 333 20260 56990 58027 60087 70340 84630 88460 100%=
41718 21695 83604 10275 20261 39925 40025 70452 8452/ 333 20267 5699/ 58021 69947 70068 84640 87460 92%=
41724 21696 80506 10280 20252 39962 40038 70522 84520 333 20270 56990 58005 60007 79999 84640 85460 RH85%=
41725 22696 70506 10290 20255 39944 40020 84630 333 20270 56990 58019 60007 70000 84640 84360 RH81%=
41726 22696 80000 10290 20262 39929 49998 83520 333 20275 56990 58001 60007 70000 83640 85460 RH85%=
41738 22996 70000 10305 20241 39834 40006 87040 333 20275 56090 59003 60007 70000 87460 RhH69% COR=
41738 22996 40000 10295 20230 39836 40010 80001 333 20275 56009 59001 60007 70000 84072 RhH68%=
41739 21996 23106 10260 20008 38956 48435 70500 82030 333 20245 56090 58000 60007 70000 82360 RH19%=
41742 22697 83102 10270 20256 39893 49994 8212/ 333 20200 5699/ 58000 60057 70050 82830 87460 RH 92%=
41743 21696 80506 10280 20266 70300 84530 333 56990 20255 60007 70080 84560 88360 RH 92%=
41744 21696 80000 10205 20157 38717 48448 76062 8351/ 333 10200 5699/ 58016 60137 70167 83630 88460 RH 75%=
41745 21695 70502 10270 20256 70500 83530 333 20255 56990 60007 70100 83635 84360 RH92%=
41746 22696 73602 10280 20259 39970 40022 84520 333 20265 56990 58026 60007 70050 84640 84460 RH88%=
41747 22696 80906 10295 20260 39952 40009 85530 333 20270 56990 58008 60007 70030 85640 83360 RH82%=
41748 22696 80504 10285 20250 39953 40015 84530 333 20265 56990 58004 60007 70010 84635 84360 RH81%=
41749 22696 73610 10280 20252 39965 49998 84530 333 20260 56990 58002 60007 70070 84635 85360 RH82%=
41749 22696 73610 10280 20252 39965 49998 84530 333 20260 56990 58002 60007 70070 84635 85360 RH85% COR=
41756 21496 51802 10280 20252 39940 40003 70504 85600 333 20225 56900 59001 60007 70000 85715 RH85%=
41757 21695 40000 10280 20252 39996 40008 70400 84500 333 20265 56900 59004 60007 70000 84630 RH85%=
41759 21995 30000 10285 20264 39983 49988 71011 83030 333 20260 56090 59010 60007 70000 83360 RH89%=
41760 21594 80000 10285 20278 39989 40002 71000 82630 333 20245 56990 59011 60007 70000 82720 86458 RH 96%=
41764 22596 83618 10270 20241 39933 49982 86670 333 20255 56890 58011 60007 70340 83725 83635 83460 RH84%=
41765 22596 73606 10270 20249 39951 49986 86720 333 20255 56890 58012 60007 70516 82725 84635 82460 RH88%=
41766 22696 70508 10265 20244 39941 49969 84530 333 20235 56990 58009 60007 70315 84720 85360 RH88%=
41767 22996 4//// 10275 20247 84530 333 20250 56990 60007 70030 82635 82360 RH85%=
41768 22596 50506 10285 20250 39985 49992 85600 333 20260 56100 59031 60007 70006 85720 RH81%=
41780 21596 70212 10275 20247 39959 49986 75022 86630 333 20260 56990 59004 69937 70294 82720 84630 86360 RH85%=
41783 22696 80368 10260 20246 39922 49951 84520 333 20245 56990 59016 60007 70630 84635 84460 RH 92%=
41785 21697 80906 10255 20248 39947 49959 75656 84530 333 20240 56290 58002 60017 70238 84640 84360 RH 96%=
41786 22596 71812 10250 20235 39941 49976 83630 333 20230 56490 58056 60017 70220 83720 84460 RH92%=
41BAG 22697 60502 10140 20123 84510 333 20110 56990 60017 70010 84640 86460 90%=
41BKI 22696 70504 10275 20231 39664 40066 84530 333 20245 56990 58032 60007 79999 84635 86360 RH77%=
41SKP 21696 70000 10260 20246 3//// 4//// 70400 84520 333 20227 56990 5//// 60047 70195 84640 86460 92%=
43532 22696 80000 10205 20198 39288 40073 8552/ 333 20197 5699/ 58021 60007 70685 85640 88460 95%=
43533 21696 80000 10215 20200 39188 48482 76062 84520 333 20200 56990 58024 60017 70260 84640 88460 91%=
43563 21696 80502 10217 20208 39401 40075 76066 8452/ 333 20212 5699/ 58026 60107 70340 84640 86460 96%=



Data Generated from File : D:\all data handling\Rmc_lhr\2024083003.FSU.txt
30/08/24 03:57:58
______________________________________________________________
15007 25/70 /3202 10204 20133 39730 40182 54001 7000/ 333 55300 0//// 20000 3//// 60007=
15020 24/70 /3102 10219 20142 39980 40169 54001 333 55300 20000 60007==
15023 25/70 /3205 10201 20141 39750 40160 55001 7000/ 333 55300 0//// 20000 3//// 60007=
15056 25/70 /3405 10227 20116 39826 40160 52003 7000/ 333 55300 0//// 20000 3//// 60007=
15069 27/03 /1801 10093 20093 39144 42829 57002 7333/ 333 55300 0//// 20000 3//// 60007=
15073 25/70 /3403 10207 20129 39724 40173 55001 7000/ 333 55300 0//// 20000 3//// 60007=
15090 24/70 52701 10189 20172 30072 40161 54001 82046 333 55300 10190 20000 30000 60007 91002 90730 91102==
15107 27/05 /1301 10121 20121 39400 42823 57004 7323/ 333 55300 0//// 20000 3//// 60007=
15108 22270 70705 10105 20073 38147 48543 55003 84870 333 55300 20000 60007 91010 90730 91111==
15109 25/70 /2805 10184 20152 39751 40172 55001 7000/ 333 55300 0//// 20000 3//// 60007=
15111 25/70 /3103 10183 20152 39903 40158 54000 7000/ 333 55300 0//// 20000 3//// 60007=
15113 25/70 /2803 10187 20165 39997 40156 55003 7000/ 333 55300 0//// 20000 3//// 60007=
15127 27/06 /0501 10124 20122 39327 42821 55003 7333/ 333 55300 0//// 20000 3//// 60007=
15148 25/70 /0703 10133 20107 38750 48528 55002 7000/ 333 55300 0//// 20000 3//// 60007=
15150 24570 53401 10181 20173 39958 40165 54001 85500 333 55300 20000 60007 91002 90730 91103==
15154 27/59 /3102 10177 20170 30012 40151 57003 7101/ 333 55300 0//// 20000 3//// 60007=
15168 27/15 /2600 10147 20144 39572 42813 54000 7101/ 333 55300 0//// 20000 3//// 60007=
15170 21507 23300 10124 20121 39416 42812 54000 74640 82300 333 55300 20000 60007 91001 90730 91101==
15194 25/70 /2804 10181 20164 39879 40165 57002 7000/ 333 55300 0//// 20000 3//// 60007=
15197 25/68 /0202 10181 20166 39948 40152 57003 7000/ 333 55300 0//// 20000 3//// 60007=
15215 27/39 /1001 10154 20152 39587 42813 57004 720// 333 55300 0//// 20000 3//// 60007=
15217 27/36 /2202 10152 20149 39519 42813 55001 7101/ 333 55300 0//// 20000 3//// 60007=
15219 25/70 /3104 10186 20169 30028 40149 57003 7000/ 333 55300 0//// 20000 3//// 60007=
15238 27/36 /0900 10153 20151 39569 42812 55004 7101/ 333 55300 0//// 20000 3//// 60007=
15261 27/39 /0901 10147 20147 39380 42827 55002 7042/ 333 55300 0//// 20000 3//// 60007=
15262 21/92 90308 10094 20090 38248 48526 55001 74544 333 55300 0//// 20000 3//// 60007 91011 91113=
15265 25/65 /3503 10187 20177 30070 40142 57004 7000/ 333 55300 0//// 20000 3//// 60007=
15280 21/00 90513 10057 20057 37554 47127 57005 74544 89/// 333 55300 20000 60007 91017 90730 91117==
15300 21560 72602 10160 20156 39556 42812 55002 76122 87500 333 55300 0//// 20000 3//// 69917 91003 91103=
15301 21331 70302 10122 20120 38659 48542 57003 72842 87300 333 55300 0//// 20000 3//// 60007 91007 91107=
15302 27/50 /2900 10137 20137 38954 48529 55001 7101/ 333 55300 0//// 20000 3//// 60007=
15307 25/70 /3304 10205 20149 39954 40133 57007 7000/ 333 55300 0//// 20000 3//// 60007=
15310 27/70 /3503 10203 20167 30049 40132 57006 723// 333 55300 10160 20000 30000 60007==
15324 25/70 /0802 10181 20132 39383 42804 57002 7000/ 333 55300 0//// 20000 3//// 60007=
15325 25470 73603 10125 20097 38508 48520 55005 7000/ 84370 333 55300 0//// 20000 3//// 60007 91008 91108=
15328 25/70 /3402 10182 20151 39811 40151 57003 7000/ 333 55300 0//// 20000 3//// 69917=
15335 24570 63002 10199 20171 30115 40122 57008 84430 333 55300 20000 60007 91003 90730 91104==
15336 25/68 /3502 10198 20174 30113 40115 57007 7000/ 333 55300 0//// 20000 3//// 60007=
15349 25/70 /3502 10204 20132 39617 40148 55002 7000/ 333 55300 0//// 20000 3//// 60007=
15350 24/70 /3303 10211 20148 30024 40139 57007 333 55300 20000 60007==
15360 24/69 73505 10227 20212 30095 40111 57008 87070 333 55300 20000 60007 91006 90730 91107==
15375 25970 53402 10193 20139 39804 40150 55002 7000/ 85050 333 55300 0//// 20000 3//// 60007 91004 91104=
15377 25/70 /3401 10174 20152 39934 40144 55004 7000/ 333 55300 0//// 20000 3//// 60007=
15387 25/69 /3403 10208 20195 30110 40113 56006 7000/ 333 55300 0//// 20000 3//// 69917=
15402 25/70 /3002 10186 20155 30064 40137 57004 7000/ 333 55300 0//// 20000 3//// 60007=
15405 25/70 /3605 10201 20167 30075 40136 57007 7000/ 333 55300 0//// 20000 3//// 60007=
15406 25/70 /3504 10193 20176 30076 40122 57010 7000/ 333 55300 0//// 20000 3//// 69937=
15408 25/70 /3606 10196 20158 39860 40116 58013 7000/ 333 55300 0//// 20000 3//// 60007=
15409 27/70 /3406 10200 20170 30068 40114 57006 7006/ 333 55300 0//// 20000 3//// 60007=
15419 25/70 /3001 10171 20159 39965 40155 55003 7000/ 333 55300 0//// 20000 3//// 60007=
15420 24/70 33101 10181 20155 30033 40141 55004 83030 333 55300 20000 60007 91002 90730 91103==
15421 25970 33001 10187 20153 30042 40150 55005 7000/ 83030 333 55300 10145 20000 30000 60007 91002 91103=
15422 25970 63100 10191 20161 30042 40140 55004 7000/ 86050 333 55300 0//// 20000 3//// 60007 91002 91103=
15425 22570 83504 10200 20168 30067 40129 57006 70000 8357/ 333 55300 0//// 20000 3//// 60007 91007 91109=
15434 22970 00301 10176 20157 39952 40157 55004 333 55300 0//// 20000 3//// 60007 91002 91103=
15444 25/70 /3504 10194 20174 30052 40122 57008 7000/ 333 55300 0//// 20000 3//// 60007=
15455 25/68 /2802 10184 20169 30021 40148 55002 7000/ 333 55300 0//// 20000 3//// 60007=
15460 24/70 /2901 10200 20173 30104 40128 57005 333 55300 20000 60007==
15462 27563 73005 10192 20179 30040 40123 57002 7818/ 87900 333 55300 0//// 20000 3//// 69997 91006 91106=
15470 24/70 23002 10190 20168 30027 40149 55004 82040 333 55300 20000 60007 91003 90730 91103==
15475 26/// /2701 10184 20176 30116 40136 57006 333 55300 0//// 20000 3//// 60007=
15479 27/50 /2601 10183 20177 39940 40127 50001 7611/ 333 55300 0//// 20000 3//// 60007=
15480 27570 82503 10195 20187 30102 40119 54001 7838/ 889// 333 55300 10080 20000 30000 60067 91006 90730 91106==
15489 25970 33202 10194 20161 30057 40148 55002 7000/ 83040 333 55300 0//// 20000 3//// 60007 91003 91103=
15491 25961 02302 10172 20163 30114 40144 54001 7000/ 333 55300 0//// 20000 3//// 60007 91003 91103=
15499 27/58 /2904 10189 20189 30101 40109 58008 7626/ 333 55300 0//// 20000 3//// 60147=
15549 42570 52901 10166 20163 39732 40133 56001 85500 333 10194 20164 555 598//=
15552 42470 63204 10201 20178 30058 40105 57004 84830 333 10214 20199 555 587// 92035 92438=
15640 42970 33203 10211 20181 39827 40124 54000 83030 333 10231 20210 555 583//=
15655 42568 63404 10216 20176 30079 40110 53001 85230 333 10238 20215 555 578// 92023 92427=
15730 42970 60000 10169 20161 39750 40132 54000 82036 333 10237 20169 555 595//=
16627 42/60 10000 10190 20163 30111 40116 53002 81050 333 90730 91104==
16650 42560 50000 10242 20205 30109 40116 51004 82130 333 82825 84359 90730 91104==
16667 42560 10000 10226 20160 30103 40114 56006 81100 333 90730 91111==
16706 42960 02004 10202 20148 30091 40098 57009 333 90730 91105==
16723 42960 00000 10252 20169 30091 40105 57011 333 90730 91107==
16732 46/// /0001 10235 20155 30099 40110 57005 333 90730 91104==
16742 42960 03108 10250 20204 39950 40098 57006 333 90730 91115==
16749 42960 02712 10276 20213 30071 40085 57002 333 90730 91118==
16754 42960 01707 10228 20173 30069 40115 57006 333 90730 91108==
16757 42960 02909 10256 20254 39981 40108 57007 333 90730 91112==
16760 42960 00705 10240 20196 40120 56004 333 90730 91109==
17031 41570 70000 10218 20208 30090 40096 50004 78022 85250 333 85833 87360 90730 91107==
17034 41560 71803 10202 20191 30066 40110 52005 79522 85950 333 84830 87358 82925 90730 91118==
17038 42465 72307 10246 20210 30047 40092 55001 87200 333 83716 87833 90730 91117==
17056 42670 13403 10213 20167 30108 40112 53004 81100 333 81835 90730 91109==
17060 42660 23004 10216 20183 30072 40118 52007 82100 333 82835 90730 91113==
17084 42670 62901 10180 20156 39240 40087 55003 83240 333 83835 86360 90730 91106==
17092 42970 00000 10161 20119 38815 48472 52009 333 90730 91108==
17096 42660 40916 10172 20095 38229 48477 51001 84100 333 84840 90730 91126==
17098 42960 00206 10110 20091 38217 48510 55000 333 90730 91111==
17100 42970 00000 10196 20127 39158 40087 52005==
17115 42660 32801 10194 20163 30070 40118 52008 83100 333 83835 90730 91106==
17116 42970 02303 10225 20154 39996 40110 53004 333 90730 91107==
17124 42960 00502 10133 20123 39238 40110 55000 333 90730 91104==
17128 42/70 33202 10175 20115 39053 40083 53003 83030 333 83358 90730 91109==
17150 42960 00000 10177 20140 39996 40113 52004 333 90730 91104==
17160 42970 01101 10158 20114 38991 48487 53002 333 90730 91115==
17170 42660 20705 10188 20095 38316 48476 55000 82100 333 82840 90730 91112==
17184 42970 00000 10210 20127 30003 40108 53003 333 90730 91102==
17190 42970 00101 10154 20125 38971 48499 53005 333 90730 91103==
17190 42970 00101 10154 20125 38971 48499 53005 333 90730 91103==
17195 42/70 10902 10160 20154 38945 48496 58002 81030 333 81362 90730 91104==
17200 42/60 11806 10224 20107 39126 40032 52014 81030 333 81360 90730 91119==
17202 42970 02307 10226 20100 39065 40020 52014 333 90730 91113==
17219 42965 00108 10240 20179 39972 40108 56001 333 90730 91114==
17234 42970 00000 10225 20183 30037 40101 50001 333 90730 91102==
17240 42970 02301 10180 20120 39008 40088 50003 333 90730 91110==
17244 42970 00703 10164 20125 38974 48494 53004 333 90730 91113==
17250 42670 30303 10162 20142 38787 48497 52006 83200 333 83840 90730 91109==
17260 42960 02508 10229 20163 39247 40000 53001 333 90730 91115==
17280 42960 02001 10203 20103 39289 40014 52008 333 90730 91104==
17292 42970 02803 10205 20137 39370 40078 55002 333 90730 91107==
17300 42960 03508 10247 20166 30012 40079 56001 333 90730 91109==
17310 42670 20601 10278 20214 30055 40062 56004 82200 333 82835 90730 91103==
17350 42660 30505 10242 20209 39988 40061 55003 83200 333 83835==
17370 42670 32604 10286 20232 30072 40076 53002 83100 333 83835 90730 91112==
33088 42960 00101 10157 20126 30019 40204 52001==
33135 42/60 20401 10155 20114 30064 40207 53002 82030 333 55112==
33177 42560 20000 10139 20125 39973 40204 53001 82500==
33317 42/60 30000 10156 20129 39869 40195 54000 82031 333 55049==
33393 42960 00000 10155 20149 39819 40198 53001==
33415 42960 03501 10186 20143 39808 40188 53001==
33429 42/60 50402 10170 20129 39780 40186 53001 83031==
33466 42/66 20000 10162 20114 39999 40180 54000 82030 333 30///==
33506 42960 50302 10183 20069 39996 40184 51002 80001 333 55112==
33562 42660 60000 10195 20140 39895 40185 53001 85530==
33587 42/70 60000 10200 20109 39921 40171 53004 83031==
33658 42/84 73102 10203 20155 39893 40178 52002 87030==
33663 42/60 60601 10197 20142 30077 40168 54000 86030==
33664 42597 83602 10212 20134 39865 40165 57002 885// 333 55050 555 20205 7000/=
33678 42598 73402 10219 20098 39963 40165 53001 83270 555 20206 7000/=
33679 42497 70301 10208 20164 39988 40169 57009 87500 333 87617 555 20206 7000/=
33711 42960 00203 10186 20109 39960 40160 52001==
33745 42597 73603 10216 20102 39993 40166 52006 87900 333 55049 555 20208 7992/=
33748 42997 40404 10222 20120 39883 40152 57003 84030 555 20211 7001/=
33754 42597 83402 10227 20159 30015 40153 56001 8235/ 333 55028 555 20217 7993/=
33761 42/70 60303 10189 20133 39944 40157 52003 83034==
33791 42/80 60304 10226 20097 30028 40149 56003 86030==
33815 42598 73401 10221 20126 39942 40138 57002 87400 333 55033 555 20211 7002/=
33837 42/80 63601 10212 20148 30080 40129 54000 86050 333 55045==
33881 42598 63303 10201 20145 39955 40142 57003 86300 555 20199 7990/=
33883 42597 73402 10202 20146 39982 40136 54000 87500 555 20192 7005/=
33885 41596 83402 10177 20176 30016 40149 57004 71022 82340 333 55052 555 20175 7004/=
33892 42598 80203 10209 20132 39936 40137 57001 883// 333 55049 555 20201 7000/=
33902 42560 60402 10206 20122 30072 40128 57003 86500 333 55029==
33924 22560 61402 10204 20180 30107 40119 53001 83978 333 20202 60002==
33946 21667 80405 10207 20204 39900 40108 54000 71798 8234/ 333 20195 55088 60032==
33983 21560 60000 10233 20191 30039 40096 53002 78082 86900 333 20220 55022 69962==
34300 42/60 20702 10188 20049 30028 40198 51002 82030==
34336 22/70 20502 10147 20041 30111 40211 52004 82030 333 20140 30/// 60002==
34344 22970 22801 10124 20124 30122 40208 52003 80001 333 20121 30/// 60002==
34356 22960 00000 10131 20049 30071 40214 53001 333 20123 30/// 55108 60002==
34357 22/70 10602 10153 20036 30057 40207 52002 81030 333 20144 30/// 60002==
34398 22/70 30503 10169 20058 30203 40213 52002 83089 333 55126 60002==
34415 42670 60000 10205 20099 30088 40180 53002 86500==
34438 22/// /0503 10183 20040 30007 40190 52003 333 20176 60002==
34445 22/70 10401 10141 20032 30092 40203 52002 81070 333 20129 30/// 60002==
34461 22/60 20402 10159 20028 30155 40209 54001 82030 333 20152 30/// 60002==
34473 32997 21002 10153 20045 30175 40212 52002 80001 333 55120 555 20148 30011 7000/=
34476 22970 10203 10175 20029 30201 40208 54000 80001 333 20160 30/// 55123 60002==
34504 42/80 70605 10223 20070 39993 40157 58001 87030==
34535 22/70 21301 10172 20032 30116 40185 53004 82080 333 20171 30/// 60002==
34545 22/70 40702 10173 20050 30084 40191 52005 80080 333 20171 30/// 60002==
34555 22570 50603 10205 20102 30118 40205 52005 85200 333 20196 30/// 60002==
34560 42960 00904 10177 20095 30023 40205 52003 333 20158==
34578 22/60 20902 10175 20084 30195 40202 52002 82080 333 20170 30/// 60002==
34579 22970 00301 10173 20046 30165 40207 52003 333 20141 30/// 55105 60002==
34644 22560 30603 10196 20062 30100 40173 54001 82830 333 20193 30/// 60002==
34646 22/70 30903 10214 20105 30100 40177 54000 82031 333 20213 30/// 55048 60002==
34655 22/60 20504 10165 20048 30130 40188 55001 82030 333 20152 30/// 60002==
34662 22970 03302 10136 20050 30191 40202 52005 333 20134 60002==
34691 22970 30000 10163 20053 30220 40208 58001 80002 333 55125 60002==
34720 22670 60503 10215 20113 30115 40152 53006 84532 333 20215 30/// 55077 60002==
34727 22560 60706 10238 20129 30101 40130 54000 86500 333 20230 30/// 60002==
34743 22960 60703 10164 20054 30088 40174 57001 80005 333 20160 30/// 60002==
34759 22/60 20802 10171 20110 30044 40170 57001 81031 333 20163 30/// 55114 60002==
34772 22970 00504 10170 20057 30188 40192 54000 333 20145 30/// 60002==
34785 22970 30603 10170 20036 30216 40194 52002 80001 333 20153 30/// 60002==
34798 22960 20503 10176 20080 30224 40196 53001 80001 333 60002==
34824 22960 80703 10241 20123 30117 40122 52007 80005 333 20241 30/// 55095 60002==
34838 22660 70702 10214 20117 30042 40133 51013 82170 333 20214 30/// 60002==
34845 22970 60902 10183 20096 30045 40147 57001 80001 333 20182 30/// 60002==
34858 22960 20801 10172 20118 30053 40156 54000 80005 333 20172 30/// 60002==
34861 22/70 11005 10170 20096 39937 40169 52003 80030 333 20170 30/// 55119 60002==
34866 22/70 20704 10185 20120 30175 40167 53001 80030 333 20179 30/// 60002==
34880 22960 20802 10197 20150 30209 40184 52001 80001 333 20183 30/// 55120 60002==
34887 22970 00402 10192 20167 30193 40175 54000 333 20186 30/// 60002==
34949 22470 60904 10175 20145 39619 40138 52003 86500 333 20167 30/// 55093 60002==
34954 22970 20401 10183 20120 39978 40143 52002 80001 333 20176 30/// 55101 60002==
34958 22970 00702 10188 20135 39954 40143 52003 333 20187 30/// 60002==
34975 22970 20903 10193 20153 30156 40152 53001 80001 333 20191 30/// 60002==
34984 22/60 20403 10202 20176 30194 40165 53002 80031 333 20187 30/// 60002==
35217 12960 00000 10165 20096 30172 40210 58002 60002==
35302 12970 00000 10165 20088 30192 40212 58001 60002==
35315 32998 00501 10184 20094 30152 40205 58002 555 20144 30012 7000/=
35344 32999 23004 10153 20135 39927 40200 53003 80009 333 55123 555 20140 30011 7000/=
35358 12960 03601 10198 20099 30022 40180 58010 60002==
35368 32999 30000 10167 20088 39926 40178 52005 83080 333 55129 555 20155 30014 7000/=
35386 32598 21902 10164 20100 39681 40168 52009 82500 555 20136 30012 7000/=
35394 12670 42203 10164 20067 39530 40165 53006 60002 83530 333 55111==
35404 32998 00702 10165 20088 30205 40213 53001 555 20135 30011 7000/=
35406 12960 00000 10160 20085 30211 40213 53001 60002 333 55132==
35416 129// 00000 10173 20094 30096 40210 51001 60002 333 55130==
35426 12984 00000 10162 20097 39936 40211 54000 60002==
35437 32998 20301 10171 20126 39913 40208 52001 80004 333 55124 555 20157 30014 7000/=
35449 32998 03402 10201 20148 30081 40177 57001 555 20193 30017 7000/=
35497 12670 22301 10168 20045 39430 40177 52005 60002 82500==
35498 32998 01301 10125 20044 39355 40190 52004 555 20072 30005 7000/=
35514 32998 20703 10184 20064 30213 40209 54000 80001 555 20174 30015 7000/=
35522 32998 00702 10157 20065 39973 40212 52002 555 20150 30013 7000/=
35542 32999 03203 10196 20133 30054 40191 52005 333 55125 555 20188 30015 7000/=
35563 32598 33002 10215 20093 39455 40163 52001 83500 333 55128 555 20156 30010 7000/=
35576 12970 02302 10172 20078 39762 40182 52007 60002==
35582 32998 32204 10161 20116 39618 40181 52005 80009 555 20091 30008 7000/=
35594 32999 02303 10197 20050 39394 40170 52005 555 20079 30008 7000/=
35605 32998 20103 10181 20100 30227 40207 53001 80004 555 20160 30014 7000/=
35633 32998 00202 10200 20126 39998 40197 52003 333 55126 555 20186 30017 7000/=
35671 12970 00000 10158 20062 39784 40189 52004 60002==
35699 12960 00000 10189 20102 39478 40179 52008 60002==
35700 12970 30501 10190 20084 30225 40203 54000 60002 80001 333 55126==
35715 32999 00702 10207 20062 30215 40201 54000 555 20199 30017 7000/=
35739 32999 03602 10160 20090 30063 40195 51002 555 20153 38013 7000/=
35746 12970 00000 10186 20095 30127 40190 52003 60002 333 55128==
35777 32997 00000 10175 20164 39850 40172 52003 555 20135 30012 7000/=
35796 12960 00000 10185 20144 39784 40189 52009 60002 333 55058==
35849 12970 00000 10187 20107 30115 40195 52002 60002 333 55124==
35895 32998 00000 10168 20129 39783 40199 52009 555 20126 31012 7010/=
35907 32998 01005 10198 20152 30209 40181 53008 555 20196 7000/=
35925 12970 03401 10195 20046 30096 40201 53001 60002==
35927 32998 01601 10195 20034 30193 54000 555 20164 7000/=
35953 12984 00000 10189 20073 30072 40193 52007 60002==
35969 12984 00000 10191 20060 30032 40195 52007 60002==
35997 32998 00000 10200 20065 39784 40188 52008 555 20122 30011 7993/=
36259 42584 83105 10103 20049 38236 48496 52011 86901 333 90730 91110==
36335 32999 42002 10174 20050 39218 40169 52006 82089 555 20109 30008 7000/=
36358 32999 60000 10180 20050 39220 40162 52004 86030 555 20079 30008 7000/=
36394 32697 51901 10173 20065 39780 40174 52004 82541 555 20098 30009 7000/=
36397 12684 22004 10168 20064 39650 40177 52009 60002 82500==
36403 32998 30903 10173 20095 39836 40172 52007 83042 333 55098 555 20121 30010 7000/=
36418 32799 20801 10180 20096 39603 40173 52006 81103 555 20096 30008 7994/=
36421 32699 70000 10109 20087 39661 40198 52013 87500 555 20063 30006 7000/=
36428 12784 70402 10176 20106 39719 40184 52009 60002 83550 333 55021==
36439 /2698 52402 10135 20084 38989 48537 52011 83942 555 20070 31007 69902 7994/=
36498 32998 01802 10162 20035 39449 40189 52011 555 20075 30006 7000/=
36501 32999 02003 10200 20131 39467 40158 52006 555 20110 30008 7000/=
36535 12/84 23402 10169 20080 39595 40184 52009 60002 82030 333 55050==
36546 32699 20801 10170 20095 39684 40186 52008 82300 555 20082 30007 7000/=
36619 32999 20000 10188 20073 82030 555 20122 30010 7000/=
36622 32998 00000 10163 20043 39439 40190 52009 555 20062 30006 7000/=
36639 12984 00000 10181 20102 39621 40183 52008 60002==
36643 32999 02402 10206 20067 39569 40178 52006 555 20125 30008 7990/=
36665 32799 22402 10201 20070 39505 40173 52010 82100 333 55000 555 20144 31012 7005/=
36666 32999 02504 10213 20065 39729 40181 52010 333 55008 555 20124 30009 7003/=
36729 32598 83201 10208 20128 39736 40179 52001 8497/ 555 20151 30012 7000/=
36736 32999 22201 10186 20128 39682 40196 52009 80001 333 55017 555 20092 31008 7006/=
36744 329// 00000 10251 20078 39771 40180 52020 555 20118 30010 7000/=
36770 /2699 10000 10195 20115 39514 40187 52011 81100 555 20125 31012 60012 7001/=
36786 32699 60000 10170 20117 39329 40186 52011 86900 555 20124 30009 7000/=
36796 32998 60000 10118 20064 39062 48543 51005 86040 555 20068 31008 7000/=
36803 32599 70000 10196 20109 39775 40191 52012 87900 555 20155 7001/=
36806 32999 52901 10194 20005 39752 40187 52012 85050 555 20132 7990/=
36819 /2998 30202 10196 20114 39617 40186 52008 80001 333 55104 555 20140 31012 69902 7990/=
36821 42984 03502 10186 20126 39737 40193 52009==
36839 /2999 20302 10177 20103 39128 40182 52008 81041 555 20132 31011 69962 7996/=
36843 /1998 22102 10198 20088 39085 40174 52007 70281 80002 555 20128 30014 69902 7990/=
36846 /1699 60404 10112 20093 38660 48554 52010 70282 84950 555 20081 31007 69942 7994/=
36859 41584 33001 10184 20140 39463 40192 52013 70181 82930==
36870 12960 00901 10185 20104 39227 40173 52007 60002==
36874 /2999 01801 10161 20119 39446 40179 52005 555 20099 31009 60042 7004/=
36877 32999 00000 10172 20105 39274 40190 52006 555 20091 30008 7990/=
36885 /2999 00000 10190 20129 39126 40176 52009 555 20121 30010 69902 7993/=
36889 /2999 00000 10050 21058 37125 47166 53006 555 20009 31000 60012 7008/=
36894 32999 00000 10205 20091 39496 40183 52007 555 20150 30013 7000/=
36905 32999 62301 10169 20101 38783 48546 52010 86070 333 55020 555 20130 31011 7991/=
36911 12999 00000 10182 20126 39258 40173 52004 6//// 333 20115 30011 555 50194 530// 7000/=
36927 12699 13202 10142 20061 38386 48546 52004 6//// 81100 333 20125 555 50166 530// 7000/=
36934 12699 30801 10169 20078 38294 48405 53009 6//// 82330 333 2//// 555 10176 5//// 530// 7014/=
36953 32699 70000 10110 20097 38258 48508 52011 87900 333 55010 555 20080 31007 7002/=
36963 12999 21402 10078 20000 37106 48/// 52009 6//// 80001 333 2//// 555 10068 5//// 530// 7000/=
36974 13803 89922 5//// 6//// 8//// 333 2//// 555 5//// 530// 7////=
36982 12999 00000 10040 21047 36602 47161 52005 6//// 333 21025 555 5//// 530// 7////=
37018 21670 80402 10234 20196 30026 40097 52007 72581 86932 333 20229 31/// 55109 69912==
37031 22960 80702 10201 20153 39938 40122 52003 80004 333 20200 30/// 55111 60002==
37054 22460 80000 10172 20147 39773 40139 53003 885// 333 20169 30/// 60002==
37061 22960 20503 10191 20154 39979 40139 53002 80009 333 20189 30/// 55110 60002 90730 91110==
37085 22970 00806 10231 20169 30164 40138 54001 333 20218 30/// 60002==
37171 21770 81201 10236 20212 30070 40087 57002 78022 8695/ 333 20235 69902==
37228 22960 00000 10161 20154 39326 40121 52001 333 20160 30/// 55086 60002==
37235 22970 00000 10167 20152 39818 40119 52002 333 20163 30/// 60002==
37472 22960 01504 10238 20168 30147 40126 52001 333 20236 30/// 55113 60002 90730 91112==
38149 12970 03101 10134 20048 30091 40165 57014 60002 333 20110 30///==
38178 12970 02702 10192 20032 39910 40183 53010 60002 333 55109==
38262 12970 00000 10144 20050 30119 40198 54000 60002 333 55116==
38264 12970 0//01 10194 20023 30102 40192 52007 60002==
38345 12999 00902 10163 20062 38825 48539 53005 6//// 333 20088 30006 555 5//// 530// 7000/=
38353 12998 00501 10217 20071 39322 40163 53007 6//// 333 20149 30012 4//// 55/// 555 5//// 530// 7000/=
38388 32998 00000 10164 20051 30111 40180 58014 333 20158 38013 55123 555 7000/=
38392 32997 00103 10179 20077 30080 40178 53005 333 20155 30016 55124 555 7000/=
38396 12960 00403 10189 20076 30062 40181 52006 60002 333 20152==
38403 12960 00503 10231 20099 30046 40159 52005 60002==
38413 12970 00802 10221 20017 39895 40169 53021 60002 333 55115==
38457 12960 20601 10214 20102 39590 40144 52009 60002 80001 333 55108==
38462 12984 00000 10138 20056 38780 48524 53008 60002 333 20104==
38462 12984 00000 10138 20056 38780 48524 53008 60002 333 20104==
38507 32998 00405 10220 20051 30055 40152 53007 333 20209 30020 55119 555 7000/=
38545 32998 00102 10194 20073 39992 40160 53004 333 20152 30012 55120 555 7000/=
38565 12970 00000 10180 20076 39567 40140 53005 60002 333 20122==
38579 12984 00000 10206 20105 39733 40128 54000 60002 333 55112==
38583 12960 01101 10182 20125 39841 40148 52007 60002==
38599 32998 00601 10227 20108 39662 40145 52005 333 20152=
38611 12960 03501 10226 20104 39616 40153 52008 60002 333 55095==
38613 12999 00201 10200 20102 40149 51006 6//// 333 20162 30015 555 5//// 530// 7000/=
38616 12998 00000 10202 20122 39201 40159 52015 6//// 333 2//// 30/// 555 5//// 530// 7000/=
38618 12960 00000 10214 20136 39493 40141 52008 60002 333 55075==
38647 12999 00905 10203 20029 30096 40136 52004 6//// 333 20196 30017 55/// 555 5//// 52/// 530// 7000/=
38656 32998 00502 10200 20053 30059 40164 53007 333 20194 30017 55113 555 7000/=
38683 12960 03604 10194 20097 39875 40138 53007 60002==
38687 32997 00203 10203 20080 39917 40140 52002 333 20189 30019 55127 555 7000/=
38696 12984 00703 10191 20097 39317 40130 53003 60002 333 55107==
38713 32998 01802 10184 20084 39035 48530 53012 333 20131 55119=
38750 32997 03601 10201 20140 30154 40127 54000 333 20200 30018 55099 555 7000/=
38763 32998 00903 10199 20043 30049 40149 53004 333 20180 30017 55120 555 7000/=
38774 32998 02302 10220 20055 39977 40162 53009 333 20189 30016 555 7000/=
38799 32997 00503 10206 20051 39919 40139 53002 333 20178 30016 555 7000/=
38806 32997 00000 10180 20120 39863 40112 53002 333 20168 30016 555 7000/=
38812 12960 00802 10191 20073 39681 40113 53007 60002==
38836 32999 00000 10212 20090 39199 40080 53005 333 20155=
38880 12997 01902 10222 20052 39910 40152 52006 60002 333 20185 30019 555 7000/=
38886 32997 03402 10186 20074 39937 40156 53003 333 20156 30014 555 7000/=
38895 32996 00102 10202 20078 39873 40150 57001 333 20180 30014 555 7000/=
38911 32998 00000 10198 20076 39837 40117 53002 333 20180 30016 55123 555 7000/=
38915 32997 02701 10188 20109 39820 40129 52009 333 20178 30015 555 7000/=
38927 12960 30000 10208 20092 39769 40126 52012 60002 80001 333 55118==
38933 32999 00000 10190 20143 39649 40139 52011 333 20155 55098=
38944 32997 00000 10208 20071 39563 40069 52015 333 20183=
38954 32899 70000 10144 20068 37891 48430 58029 85901 333 20138=
38974 32998 03202 10180 20038 39828 40150 53008 333 20170 30020 55114 555 7000/=
38987 32996 02501 10154 20048 39440 40160 53009 333 20087 30007 55114 555 7000/=
40100 43970 01606 10275 20184 30095 40110 56002 333 58///=
40180 02/// /1803 10259 20208 30058 40105 57002 333 70000==
40199 02/// /0202 10279 20175 30088 40112 52009 333 70000==
40265 41540 20000 10190 20177 39358 40116 52003 71011 82100 333 82830=
40270 41657 32708 10208 20163 39249 40104 52001 70500 83300 333 83635=
40272 41540 22506 10194 20178 39315 40111 52002 71000 82100 333 82825=
40340 42960 03612 10270 20179 30055 40116 52010=
40356 42960 02706 10194 20110 39151 48499 333 59004 555 04410 50071=
40357 42960 03214 10268 20100 39454 40045 333 59006=
40360 42960 02910 10216 20150 39529 40089 333 59007=
40361 42960 02607 10251 20130 39346 40108 333 59006=
40362 42960 02905 10266 20000 39558 40037 333 59008=
40373 42960 02704 10280 20020 39637 40025 333 59004=
40375 42960 03204 10274 20110 39250 40064 333 58000=
40394 42960 03004 10288 20060 38998 48510 333 59006 555 04410 50046=
40394 42960 03004 10288 20060 38998 48510 333 59006 555 04410 50046=
40400 42960 00903 10302 20260 30048 40075 90249 333 58003=
40405 42960 02706 10274 20060 39352 40042 333 58001=
40417 42960 02908 10303 20040 39983 49997 333 59003=
40420 42960 03211 10319 20040 39809 40006 333 58002=
40430 42660 51905 10323 20110 39370 40075 85500 333 58004 85640=
40437 42960 02905 10292 20000 39370 40025 333 59002=
40439 42660 20000 10320 20210 30054 40072 82500 333 58006 82640=
40582 32960 22803 10311 20081 40010 53007 80001 333 55301 00000 10154 20082 30036 41175 51370 60118 55407 40046 82070 90401 91001 91109 91209 91305=
40703 42960 00000 10190 20125 38896 40071 53002 333 10312 20172 70000 555 10152 29066 66666 00254 10262 20250 30286 50252 90260=
40706 42662 20402 10208 20125 38639 40071 53004 81430 333 10262 20201 70000 82359 555 10158 29059 66666 00252 10285 20310 30312 50305 90289=
40712 42665 13301 10189 20124 38656 40054 52003 81500 333 10276 20181 70000 81640 555 10150 29066 66666 00238 10257 20257 30257 50244 90231=
40713 42962 01005 10208 20122 38635 40038 53010 333 10300 20207 70000 555 10156 29058 66666 00278 10293 20294 30290 50284 90260=
40718 42560 40000 10243 20220 30161 40134 52007 84500 222// 0//// 20301 333 10282 20239 70012 84625 555 10228 29087 66666 00262 10296 20304 30296 50284 90264=
40723 42970 09901 10146 20004 38966 40147 53008 333 10236 20108 70000 555 10082 29038 66666 00158 10186 20250 30262 50268 90252=
40726 42960 00403 10202 21064 38636 40058 53007 333 10290 20200 70000 555 10090 29016 66666 00266 10276 20294 30292 50274 90256=
40727 42960 00502 10189 20114 38464 40038 52008 333 10292 20146 70000 555 10145 29062 66666 00215 10251 20273 30269 50256 90232=
40732 42560 63002 10252 20222 30142 40119 52005 86500 333 10280 20252 70000 86627 555 10232 29084 66666 00282 10284 20292 30290 50276 90260=
40736 42960 10000 10236 20222 30152 40128 53006 81030 333 10286 20228 70000 81360 555 10227 29092 66666 00270 10282 20300 30304 50298 90286=
40737 42960 00000 10235 20224 30107 40124 52004 333 10271 20214 70000 555 10228 29094 66666 00266 10270 20274 30269 50257 90252=
40738 42960 01702 10212 20157 30140 40142 53008 333 10292 20173 70000 555 10179 29071 66666 00248 10266 20288 30294 50294 90274=
40739 42965 00000 10178 20034 38690 40104 53001 333 10254 20140 70000 555 10106 29038 66666 00216 10216 20276 30296 50298 90286=
40741 42960 00000 10190 20050 39822 40140 53008 333 10273 20178 70000 555 10121 29040 66666 00248 10281 20314 30327 50335 90327=
40743 42970 01005 10198 20003 39066 40121 53012 333 10291 20184 70000 555 10107 29027 66666 00248 10282 20324 30338 50335 90322=
40745 42965 00000 10191 20069 39046 40142 53003 333 10220 20153 70000 555 10126 29045 66666 00186 10226 20264 30282 50285 90280=
40747 42960 03504 10228 20073 38602 40016 52007 333 10352 20221 70000 555 10142 29037 66666 00263 10307 20323 30319 50305 90293=
40754 42965 22503 10246 20021 38816 40068 52010 82030 333 10328 20241 70000 82360 555 10132 29023=
40762 42962 03605 10164 21002 38545 40095 53005 333 10207 20146 70000 555 10087 29032 66666 00196 10236 20266 30286 50292 90280=
40766 41958 00000 10169 21002 38640 40019 52010 70600 333 10320 20163 70000 555 10090 29031 66666 00204 10230 20290 30304 50296 90282=
40768 42965 00000 10144 20032 38246 40043 52008 333 10284 20136 70000 555 10089 29047 66666 00230 10262 20295 30305 50300 90288=
40769 41958 03301 10199 21002 38292 40041 52013 70600 333 10283 20189 70000 555 10102 29026 66666 00244 10278 20313 30318 50317 90298=
40780 42960 01003 10217 20043 38624 40014 53005 333 10296 20210 70000 555 10126 29032 66666 00300 10310 20330 30330 50330 90310=
40782 42960 01402 10190 20019 38797 40009 53011 333 10354 20173 70000 555 10107 29032 66666 00250 10280 20316 30312 50318 90294=
40785 42960 03402 10232 20003 39050 40064 52014 333 10330 20215 70000 555 10122 29022 66666 00334 10356 20372 30380 50390 90390=
40791 42965 03302 10259 20001 39293 40060 52013 333 10339 20236 70000 555 10134 29018 66666 00300 10320 20354 30370 50380 90366=
40792 42962 00000 10180 21028 38692 40066 53007 333 10272 20157 70000 555 10088 29024 66666 00242 10272 20306 30330 50352 90322=
40798 42960 03302 10134 21005 37968 40050 53008 333 10279 20099 70000 555 10070 29038 66666 00196 10238 20284 30291 50278 90262=
40800 42960 01701 10216 21004 38451 40045 52010 333 10327 20192 70000 555 10110 29023 66666 00204 10248 20302 30320 50324 90304=
40809 42960 00403 10177 21055 38470 40056 52012 333 10233 20142 70000 555 10079 29020 66666 00202 10250 20298 30320 50320 90306=
40811 42960 02702 10301 20121 39957 49981 52004 333 10422 20297 70000 555 10194 29033 66666 00332 10364 20384 30394 50396 90382=
40812 42960 01503 10303 20092 39627 49971 52002 333 10303 20303 70000 555 10182 29027 66666 00354 10378 20410 30422 50414 90388=
40818 42965 03302 10159 21026 37984 40034 52008 333 10292 20157 70000 555 10075 29028 66666 00263 10294 20309 30312 50314 90316=
40821 42960 12803 10238 21037 38763 40049 52011 81030 333 10337 20231 70000 81359 555 10113 29016 66666 00294 10325 20368 30375 50371 90360=
40829 41912 03416 10240 20035 39495 40032 51019 70700 333 10312 20234 70000 555 10137 29026 66666 00274 10304 20338 30338 50326 90302=
40831 42960 02703 10280 20102 39989 49997 54000 333 10410 20271 70000 555 10179 29033 66666 00316 10354 20386 30386 50390 90366=
40833 42960 03302 10272 20098 39964 49994 53005 333 10435 20268 70000 555 10175 29034 66666 00336 10364 20378 30388 50390 90370=
40835 42960 00000 10237 20086 39224 49994 52009 333 10402 20236 70000 555 10153 29038 66666 00308 10338 20366 30366 50366 90352=
40841 42960 00000 10206 21008 38236 40028 52014 333 10348 20162 70000 555 10103 29024 66666 00276 10264 20308 30312 50308 90298=
40845 42960 03311 10350 20223 39983 49988 53006 333 10370 20349 70000 555 10262 29048 66666 00352 10362 20378 30386 50378 90368=
40848 42960 00000 10216 20095 38477 49994 52013 333 10342 20192 70000 555 10146 29046 66666 00240 10270 20302 30308 50304 90292=
40851 42960 00000 10226 21007 38240 40000 52008 333 10315 20214 70000 555 10112 29021 66666 00246 10286 20324 30340 50340 90328=
40854 42960 03103 10280 21020 38892 40005 52015 333 10380 20276 70000 555 10136 29014 66666 00290 10340 20374 30390 50386 90376=
40856 41940 01502 10187 21032 38595 40037 53013 70500 333 10277 20159 70000 555 10090 29022 66666 00202 10254 20306 30322 50328 90320=
40859 42960 13202 10230 20045 38641 49985 53008 81030 333 10380 20224 70000 81361 555 10132 29030 66666 00240 10276 20294 30302 50304 90299=
40875 41525 19901 10310 20273 39970 49980 53007 71010 81100 333 10352 20300 70000 81830 555 10283 29081 66666 00350 10366 20376 30378 50378 90370=
40879 41956 00000 10315 20040 39372 49998 52021 70500 333 10404 20297 70000 555 10168 29018 66666 00348 10360 20398 30404 50414 90404=
40882 41920 00302 10314 20304 39947 49980 53019 71000 333 10350 20298 70000 555 10306 29094 66666 00324 10346 20376 30392 50382 90366=
40883 41925 02702 10317 20304 39954 49976 53012 71000 333 10350 20304 70000 555 10307 29093 66666 00366 10382 20389 30390 50389 90377=
40893 41950 01504 10311 20285 39973 49979 52022 71000 333 10322 20306 70000 555 10292 29086 66666 00363 10365 20371 30370 50370 90373=
40898 41550 31303 10293 20268 39977 49986 52014 71000 83600 222// 00304 20901 333 10296 20285 70000 83720 555 10275 29087 66666 00300 10312 20360 30370 50374 90364=
41024 42560 43003 10329 20270 30050 40075 84300 333 58005 81930 84640=
41036 42960 03007 10229 20130 38556 48507 333 59003 555 04410 50103=
41055 42560 33112 10243 20090 38360 48502 83400 333 58004 83630 555 04410 50059=
41061 41957 03512 10317 20040 39360 40017 70700 333 58015=
41084 41560 22710 10293 20070 38819 48491 82200 333 58002 82830 555 04410 50013=
41112 42960 00000 10190 20100 37948 48506 90249 333 58004 555 04410 50071=
41114 41958 00000 10172 20140 37980 48503 71000 333 58004 555 04410 50069=
41128 42560 53308 10320 21020 38769 48490 83430 333 58013 83630 84359 555 04410 50016=
41136 41657 23206 10298 20040 39234 40016 706// 82400 333 59003 82640=
41140 41957 00000 10296 20260 30058 40062 71000 333 59008=
41150 42962 03315 10355 20247 49993 333 59006=
41176 44/67 /3105 10298 20217 39989 49995 333 58000=
41184 41930 49902 10311 20281 49987 70500 80001 333 59004 84070=
41194 41420 41006 10329 20282 39978 49983 70500 84600 333 59001 84715=
41196 41925 21205 10304 20274 39950 49989 70500 82030 333 59001 82368=
41216 41930 02704 10329 20299 39980 49984 70510 333 59006=
41217 41918 12706 10325 20299 39951 49979 70510 81030 333 59011 81368=
41246 36/// /1109 10318 20287 39976 49978 333 0E031 55300 25022 59021=
41253 36/// /2201 10313 20201 39635 49979 333 0E031 55300 25022 59013=
41255 36/// /1102 10293 20208 39489 49976 333 0E031 59012=
41256 31659 19902 10305 20278 39968 49985 70500 81600 90245 333 59005 55294 55407 55408 55507 55508 81740=
41265 36/// /3104 10302 20185 39431 49971 333 0E032 55300 20001 59013=
41267 36/// /3408 10301 20290 39977 49990 333 0E030 59005=
41268 36/// /0902 10303 20261 39940 49985 333 0E031 55300 25022 59005=
41275 36/// /1010 10275 20217 39839 40003 333 0E028 55300 20000 59014=
41315 26/03 /1605 10226 20226 39236 47251 333 0E024 55300 27865 59008 70006=
41316 21250 81803 10251 20251 30016 40045 75155 887// 90245 333 59008 55011 55407 55408 55507 55508 70002 82705 85710 88618=
41398 81222 10180 20146 40162 5//// 70222 887// 22234 00200 20502 80160=
41480 41556 32806 10286 20239 30012 40021 70544 81501 333 59030 81620 83070=
41497 10705 10260 20232 40190 54000 70299 81107 22224 06250 20201 80240=
41498 32923 10300 20273 40060 58004 70200 81161 22214 04312 20302 336// 40706 80280=
41506 12440 70000 10190 20167 38499 48980 60001 84520 333 20188 56880 58039 70120==
41508 12440 60000 10200 20185 38644 48190 60001 83720 333 20174 56880 58051 73300==
41515 12460 70000 10184 20153 38503 48670 60001 84520 333 20158 56880 58019 70740==
41523 12440 80000 10215 20200 39068 48040 60001 8572/ 333 20210 5688/ 58044 70200==
41535 12460 80000 10190 20174 38689 48650 60001 8652/ 333 20162 5688/ 58023 76600==
41536 12460 83601 10200 20185 39009 48930 60001 8852/ 333 20184 5688/ 58022 74500==
41560 12460 50000 10190 20159 38263 48820 60001 83520 333 20170 56880 58021 70700==
41571 11640 70506 10220 20220 39522 40093 60171 71062 85330 333 20210 56880 58036 73800==
41598 11440 80000 10220 20220 39798 40064 60141 76266 8852/ 333 20218 5688/ 58032 77630==
41600 11440 80901 10245 20230 39771 40059 60011 70422 8656/ 333 20228 5688/ 58015 73300==
41620 12440 83602 10210 20173 38537 48530 60001 82510 333 20200 56880 58020 70000==
41624 12440 83101 10265 20244 39861 40055 60001 8452/ 333 20244 5688/ 58028 70000==
41630 21594 83604 10250 20250 40063 76096 8672/ 333 20245 5699/ 58026 60017 70638 83720 85640 88460=
41640 11440 71301 10265 20244 39816 40058 60001 70420 85540 333 20244 56880 58023 72040==
41678 11940 30000 10290 20248 30000 40033 60001 70500 83020 333 20264 56080 58012 70000==
41696 12460 80000 10185 20154 37961 48600 60001 84520 333 20164 56880 59005 70100==
41697 12460 80000 10255 20241 39886 40037 60001 8452/ 333 20240 5688/ 58021 72600==
41700 11440 60501 10285 20264 39903 40023 60001 70422 84530 333 20266 56880 58021 70000==
41710 11920 03107 10245 21078 39260 40005 60001 70600 333 20220 58020 70000==
41715 11440 80501 10280 20259 39969 40032 60001 70522 8453/ 333 20264 5688/ 58020 72000==
41718 11420 83602 10275 20261 39925 40025 69941 70452 8752/ 333 20266 5688/ 58021 70680==
41725 12440 70503 10290 20255 39944 40020 60001 84630 333 20270 56880 58019 70000==
41739 11940 23103 10260 20008 38956 48350 60001 70500 82030 333 20244 56080 58000 70000==
41744 11440 80000 10205 20157 38717 48480 60131 76062 8851/ 333 10200 5688/ 58016 71670==
41749 12440 73605 10280 20252 39965 49998 60001 85530 333 20260 56880 58002 70700==
41756 11240 51801 10280 20252 39940 40003 60001 70504 85600 333 20224 56800 59001 70000==
41759 11920 30000 10285 20264 39983 49988 60001 71011 83030 333 20260 56080 59010 70000==
41764 12440 83609 10270 20241 39933 49982 60001 83670 333 20254 56880 58011 73400==
41768 12340 50503 10285 20250 39985 49992 60001 85600 333 20260 56800 59031 70060==
41780 11440 70206 10275 20247 39959 49986 69931 75022 86630 333 20260 56880 59004 72940==
41785 11460 80903 10255 20248 39947 49959 60011 75656 84530 333 20240 56880 58002 72380==
41859 02/50 20000 10337 20260 30023 40060 82030 333 20282 58001 70000 82362==
41883 02450 81302 10322 20280 30039 40059 8452/ 333 20274 58000 70000 84618 88458==
41891 41450 30000 10304 20250 30028 40066 70520 83300 333 20265 58003 82616 81930==
41907 02450 80000 10295 20290 30043 40058 8552/ 333 20276 58003 70000 85615 88458==
41923 01450 62402 10312 20250 30051 40061 70196 83530 333 20262 59001 70086 83615 86365==
41936 01440 41604 10312 20270 30046 40053 70522 83830 333 20270 58004 70000 83615 83362==
41943 02440 40000 10310 20250 30055 40062 82530 333 20268 59001 70010 83618 83362==
41950 02450 30214 10314 20260 30056 40058 83500 333 20272 58002 70000 83617==
41978 02459 40507 10308 20260 30055 40061 82530 333 20260 59002 70098 82618 83362==
41992 01435 30000 10320 20260 30058 40060 70522 83500 333 20272 59001 70000 83616==
42001 30021 99259 70897 46/// /1206 10295 20286 30132 40135 90230 22200 00310 333 91208 555 11069 22073 8//07 90230=
42027 21595 83201 10170 20165 38429 48514 76122 8572/ 333 10215 20163 58043 6015/ 555 00148 10147=
42044 22596 80000 10170 20161 38288 48522 8352/ 333 20150 58035 6011/ 555 00110 10099=
42045 21595 80000 10178 20172 38320 48446 70262 8452/ 333 20166 58030 6017/ 555 00174 10175=
42056 21596 80000 10260 20215 39637 70252 8352/ 333 10282 20225 58016 6017/ 83630 88456 555 00167 10967=
42071 22596 51106 10280 20266 40064 83530 333 10272 20230 58031 6020/ 83625 83359 555 00200 10457=
42097 30031 99257 70837 46/// ///// 1//// 90256 22200 00300 10502 20502 70008=
42101 22996 40000 10276 20268 40073 84030 333 10275 20259 58025 6004/ 84360 555 00041 10457=
42111 21596 20000 10286 20247 39423 40098 71000 82500 333 10321 20234 58043 6992/ 82620 555 00002 11702=
42123 32696 71402 10284 20264 40050 83539 333 10320 20267 58022 83635 86360 555 10354=
42131 32696 41102 10308 20266 40056 82530 333 10309 20255 58028 555 10409=
42165 32996 60000 10290 20247 40040 86030 333 10350 20280 58034 86360 555 10247=
42182 21995 10000 10282 20276 40057 71000 81030 333 10288 20240 58014 6012/ 81360 555 00118 10837=
42189 31995 00000 10302 20251 40051 70510 333 10336 20262 59003 555 10845=
42309 31495 70203 10310 20288 40063 71022 85650 333 20257 58001 555 11663=
42314 31596 60000 10312 20282 40060 71022 83530 333 20288 58003 83620 86360 555 00000 11374=
42328 31595 31403 10280 20237 40009 70500 83500 333 10320 20258 58035 83630 555 10415=
42339 21995 21402 10290 20253 40043 70500 82040 333 10333 20253 58035 6995/ 82360 555 00005 10395=
42348 31596 31105 10286 20258 40055 71000 81530 333 10310 20256 58020 81630 83360 555 00000 11130=
42361 31996 10000 10294 20269 40053 70500 80001 333 20268 58008 81070 555 10787=
42369 31596 20000 10312 20268 40049 71021 81530 333 10351 20270 58000 81620 555 10570=
42379 21995 20000 10316 20275 40055 71020 80001 333 10356 20268 58010 6990/ 82070 555 10694=
42410 21596 30000 10338 20278 40064 70510 83500 333 20274 59007 6001/ 83620 555 00010 10890=
42415 22596 40000 10320 20287 40071 84400 333 20273 59009 6002/ 83620 555 00016 10810=
42452 31596 62702 10268 20242 40052 71021 84530 333 10322 20250 58021 555 10931=
42492 21596 40903 10304 20274 40055 71011 82530 333 20276 58007 6990/ 82620 83360 555 00000 10433=
42559 22996 70000 10270 20250 40051 83032 333 20242 58011 6992/ 83360 85075 555 00002 10960=
42571 22596 30000 10280 20252 40048 82530 333 20236 59008 6002/ 82625 555 00018 10997=
42623 21496 41101 10268 20237 39226 40070 71021 82530 333 10319 20207 58010 6001/ 82618 84360 555 00010 10736=
42634 21496 72005 10252 20225 49977 70351 84610 333 20235 58040 6057/ 84718 85458 555 00572 10715=
42647 21494 71405 10280 20257 40044 71022 85730 333 20245 56590 58037 6011/ 83712 83618 86358 555 00107 10928=
42667 21596 63203 10252 20235 39490 40067 83930 333 20242 58010 6998/ 83620 81930 85360 555 00008 11317=
42675 21495 52903 10286 20252 40046 70520 85600 333 20248 59002 82715 84620 555 00015 11098=
42701 21495 40000 10260 20253 39336 40047 71022 84400 333 10310 20234 59003 6002/ 82618 83825 555 00018 11012=
42724 21596 40000 10314 20261 40061 70510 82530 333 20266 59002 6993/ 82620 83360 555 00003 11453=
42737 22496 62314 10268 20248 40024 84730 333 20246 58044 6007/ 84710 86358 555 00074 11239=
42754 32996 30000 10268 20237 39440 40062 83030 333 20219 58024 83360 555 10727=
42779 22495 70000 10258 20244 39370 40054 85630 333 20216 59001 6005/ 82710 84620 86360 555 00046 11097=
42798 21496 41104 10312 20253 39891 40048 70511 84500 333 10336 20257 58006 6990/ 84618 555 10711=
42809 31596 60000 10316 20260 40056 70521 81531 333 20267 58004 81620 83360 85075 555 10867=
42840 22596 52304 10290 20265 40051 83830 333 20266 58021 6005/ 82620 84360 555 00054 11355=
42867 21496 63202 10270 20250 40056 71062 84720 333 20231 59003 6012/ 82710 83618 85458 555 00116 10814=
42874 21496 60504 10276 20253 40051 70292 86700 333 20243 59001 6002/ 82712 86620 555 00016 10803=
42886 21596 23202 10292 20258 40054 70500 82500 333 20240 58002 6004/ 82620=
42895 32596 60502 10306 20270 40052 83431 333 20263 58004 83620 84360=
42909 22496 72509 10270 20259 40036 85730 222// 20000 333 20267 58024 6999/ 85715 87358 555 00009 10801=
42971 21496 60504 10288 20269 40048 70522 84430 333 20258 59001 6015/ 83618 85360=
43003 21595 72304 10294 20254 40060 70522 87800 333 20268 58004 6990/ 84620 86825 555 12429=
43014 31395 30903 10246 20220 39424 40062 70544 83030 333 20219 58012 83360 555 10447=
43041 21495 80000 10244 20230 39440 40048 71022 8561/ 333 20229 59009 6008/ 82712 85620 88458 555 00084 11089=
43063 22597 72701 10250 20221 39455 40073 85730 333 20215 56690 58013 6001/ 83722 83626 85356 555 00013 10920=
43086 22497 80000 10262 20241 39879 40055 8587/ 333 10322 20250 58000 6011/ 555 00110 10777=
43110 21496 42503 10282 20262 40080 70162 83530 333 20254 58000 6022/ 82618 555 00221 13555=
43117 32997 32302 10256 20242 40072 83030 333 20229 58011 555 10580=
43128 21496 83603 10246 20225 39466 40066 75052 8372/ 333 10312 20227 56699 58001 6006/ 81710 88458 555 00061 10556=
43185 21596 82702 10260 20251 30040 40043 75065 8482/ 333 10318 20237 58001 6015/ 83620 85458 555 00149 10611=
43189 21597 80000 10262 20247 30035 40044 75065 8382/ 333 10292 20247 59001 6014/ 555 00136 10589=
43192 21496 62905 10278 20267 40080 72052 82631 333 20255 59001 6003/ 555 00033 13629=
43201 22497 52003 10240 20220 39342 40061 83630 333 10300 20206 56690 58006 6994/ 82710 83612 85358 555 00004 10343=
43233 21496 72305 10234 20210 39282 40095 70252 85670 333 10294 20211 56690 58000 6992/ 70002 555 00002 10397=
43237 32497 82504 10264 20225 39664 40052 8471/ 333 10345 20245 58002 81710 84615 88458 555 10310=
43245 21597 82002 10280 20245 30033 40059 70262 83477 333 10354 20265 59004 6002/ 555 00017 10263=
43279 31596 82703 10286 20237 30052 40069 70522 8452/ 333 10342 20262 59006 84620 86458 555 10576=
43284 21094 80000 10256 20247 39977 40093 72842 85671 333 10284 20240 58000 6017/ 70174 83701 83612 87458=
43295 22496 72704 10220 20190 39082 48490 84631 333 10260 20202 56699 59001 6027/ 83710 84612 555 00268 10520=
43310 22596 61402 10284 20264 40068 83321 333 20246 58004 6034/ 555 00342=
43314 21496 80000 10258 20252 40102 72165 8487/ 222// 21001 333 10301 20241 59003 6043/ 555 00427 11744=
43321 21396 72308 10242 20218 39647 40093 71022 83631 333 10324 20226 56599 59001 6990/ 81708 83612 85358 555 10100=
43329 22597 80000 10266 20249 30059 40072 8457/ 333 10328 20236 59007 6019/ 555 00191 10344=
43333 21496 72306 10280 20237 40088 70522 84430 333 20244 56990 58009 6007/ 82618 83820 85360 555 00073 11411/LOWER MIN 238=
43344 21496 72708 10288 20242 39989 40088 75022 83531 333 10353 20260 59001 6992/ 83616 85360 555 00002 10267=
43353 21495 83203 10244 20238 40115 79596 83920 333 10302 20240 56790 57921 58007 6058/ 83707 83612 82925 88458=
43369 21496 82703 10270 20270 40107 76065 8447/ 333 10327 20248 59001 6024/ 84618 86458 555 00239 11160=
43371 22496 82703 10246 20240 30049 40122 76096 8472/ 333 10314 20242 58012 6012/ 555 00123 10836=
43404 22470 72203 10288 20269 30080 40083 52022 86000 333 10312 20267 553// 20131 59004 60008 70047 91006==
43410 22470 8//// 10284 20233 30085 40088 57017 87000 333 10318 20267 3/027 59003 60008 70000==
43413 22470 72306 10289 20246 30089 40094 50023 86250 333 10310 20280 553// 20159 59006 60008 70000 91011==
43415 22470 62702 10272 20243 39990 40098 84000 333 20257 58000 60008 70000==
43418 22470 52302 10294 20241 30043 40084 52009 81106 333 10321 20266 59004 60008 70000==
43421 21470 82502 10271 20270 39992 40097 52017 70262 88000 333 10347 20253 553// 20152 59002 60008 70000 91005==
43422 21470 82501 10265 20254 39964 40098 53018 72182 87110 333 10294 20252 3/024 58000 60018 70010==
43424 21470 82003 10285 20259 30093 40095 52015 70282 88000 333 20250 59001 69988 70050==
43436 22/70 80000 10287 20241 30086 40089 52020 88000 333 20254 3/025 59002 60008 70010==
43441 21970 71802 10272 20240 39968 40100 52018 70382 83120 333 10290 20252 3/025 59003 69908 70006==
43444 22470 72701 10252 20217 39573 40101 53011 85000 333 10264 20222 59002 60008 70030==
43450 22/70 62305 10288 20253 30111 40123 51025 333 10297 20251 3/023 553// 20029 58010 60008 70042 86/80==
43466 21470 72202 10281 20240 30104 40112 5/021 72582 84036 333 10312 20261 553// 20195 58000 69958 70095 91004==
43467 21459 62305 10284 20253 30105 40111 52021 72582 81000 333 20265 58000 60058 70048==
43473 21258 82806 10164 20164 38126 48491 53015 75052 88000 333 10207 20147 3/014 553// 20205 59004 60008 70004 91010==
43475 22470 82402 10297 20236 30092 40097 52022 87110 333 10351 20239 553// 20153 59001 60008 70110 91006==
43476 22470 70900 10232 20173 38775 48523 52019 85000 333 10236 20187 59001 60008 70000 91006==
43479 22470 70601 10232 20203 39257 84000 333 10270 20199 58000 69908 79999==
43486 21465 43001 10287 20287 30012 40111 5/019 72582 82000 333 10336 20239 553// 20229 59001 60008 70000 91002==
43495 21468 72405 10280 20252 30095 40109 5/230 71721 84/// 333 10291 20270 59020 60008 70028 83920==
43497 21/70 72602 10284 20000 30088 40105 51021 78022 333 10313 20265 58002 69908 79999 87458 83/18 91004==
44212 42570 60203 10186 20091 39043 40095 52012 85830==
44213 41670 72403 10142 20112 38740 40117 52012 70262 87500==
44214 41660 82907 10134 20020 38264 40135 52014 71526 88500==
44215 42670 72710 10159 20082 38375 40104 52012 87200==
44217 32698 22502 10117 21012 37875 40183 53008 82100 333 91206=
44218 42684 70802 10186 20083 38562 40092 52009 82240==
44219 41598 82504 10178 20107 38572 40091 52013 76062 885// 333 91207=
44265 42684 72606 10152 20085 38828 40160 51015 83578==
44266 32699 72510 10156 20064 37775 40104 52001 85510 333 91112 91210=
44404 22358 10903 10204 20181 38125 48453 81100 333 20165 58003 60184=
44416 22458 50401 10263 20239 39313 40048 83452 333 20236 58003 60024=
44424 22460 41601 10187 20157 37689 47114 81179 333 20139 58012 60134=
44434 21457 32602 10260 20219 39196 48507 70144 81131 333 20215 58009 60074=
44438 22460 21404 10308 20260 39935 40057 82100 333 20255 59003 60174=
44449 22865 10902 10314 20275 39908 40057 80001 333 20248 58003 69904=
44454 22460 41102 10236 20203 38649 48491 82101 333 20189 58010 60094=
44462 22360 22702 10230 20188 38254 48464 81101 333 20180 58006 60174=
44474 22357 23001 10234 20174 38257 48496 82100 333 20170 58015 60034=
44477 22558 11602 10274 20228 38796 48514 81100 333 20195 58009 60084=
44478 22458 20802 10312 20267 39972 40054 81100 333 20255 58011 60004=
48010 42556 71801 10285 20271 39908 40058 84870 333 58010==
48020 42358 41801 10302 20253 83830==
48025 42456 60000 10290 20259 39944 40081 84870 333 58012==
48048 42557 71801 10295 20253 30020 40075 85950 333 58009==
48052 22457 60000 10300 20237 83470 333 56990=
48062 42456 71406 10290 20259 30052 40058 85930 333 58000==
48064 42450 81401 10276 20250 39997 40054 8587/ 333 58008==
48071 41457 71302 10278 20268 30060 40068 72162 85970 333 59005==
48094 42457 60000 10280 20250 30065 40075 84940 333 58012==
48109 42460 82305 10290 20257 30077 40081 8697/ 333 58007==
50557 14/80 /3504 10194 20133 39760 40044 57001 60001 333 10223 20130 3/011 59037 70002 90761 91109==
51076 14/73 /1701 10147 20117 39339 40184 52012 60001 333 10266 20100 3/011 58065 70001 90761 91106==
51087 14/76 /2705 10158 20124 39201 40181 52009 69931 333 10295 20123 3/013 58067 70092 90761 91110==
51156 14/80 /3002 10145 20071 38712 40180 52013 60001 333 10230 20087 3/009 58048 70030 90761 91112==
51243 14/80 /1702 10229 20078 39660 40177 52013 60001 333 10271 20181 3/018 58073 70004 90761 91107==
51334 14/78 /0203 10214 20138 39797 40181 52012 60001 333 10246 20143 3/013 58077 70006 90761 91105==
51379 14/79 /2302 10167 20145 39293 40197 52013 60081 76050 333 10300 20151 3/017 58092 70093 90761 91114==
51463 14/80 /0002 10176 20100 39056 40201 52012 69961 333 10246 20136 3/014 58085 70197 90761 91107==
51573 14/24 /2101 10304 20137 30010 40055 52035 60001 70600 333 10412 20288 3/030 58039 70000 90761 91112==
51644 14/70 /0602 10243 20120 38882 40048 52016 60001 333 10261 20171 3/018 58026 70000 90761 91105==
51656 14/66 /3204 10246 20161 39075 40050 52026 69911 333 10345 20221 3/023 58041 70001 90761 91108==
51709 14/80 /3105 10218 20069 38598 40088 52008 60001 333 10256 20170 3/015 58035 70073 90761 91108==
51711 14/80 /2503 10169 20049 38018 40060 52008 60001 333 10203 20127 3/009 58012 70032 90761 91107==
51716 14/71 /2103 10188 20153 38865 40092 52012 60001 333 10202 20171 3/016 58026 70111 90761 91105==
51765 14/30 /1903 10296 20092 39123 40034 52027 60001 70600 333 10374 20211 3/020 58040 70000 90761 91104==
51811 14080 02302 10198 20140 38753 40091 52008 60001 333 10211 20173 3/017 58028 70076 90761 91108==
51818 14/80 /2603 10192 20132 38617 40098 52002 60011 72150 333 10226 20153 3/016 58048 70016 90761 91108==
51828 14/58 /3203 10197 20160 38619 40096 52012 60001 333 10278 20191 3/020 58063 90761 91105==
51886 14/68 /1702 10181 20105 37153 40008 52014 69911 76000 333 10298 20160 3/015 58023 70004 90761 91112==
52203 14/60 /0602 10262 20108 39229 40041 52035 60001 333 10382 20233 3/025 58018 70000 90761 91112==
52602 14/80 /1103 10248 20091 37284 49938 52011 60001 333 10309 20188 3/018 58011 70000 90761 91111==
52681 14/50 /1007 10291 20179 38549 49966 52005 60001 70500 333 10330 20237 3/022 59041 70000 90761 91113==
52818 14/74 /3003 10247 20098 37254 49950 52005 60001 333 10329 20193 3/016 58012 70000 90761 91113==
52908 14/79 /2203 10143 20012 35873 49993 52012 60001 333 10184 20049 3/002 58005 70000 90761 91110==
53463 14/80 /2101 10271 20167 38848 40092 54000 60001 333 10271 20169 3/017 58013 70000 90761 91106==
54857 14/63 /3203 10308 20229 30002 40090 54000 60001 333 10308 20242 3/022 59008 70000 90761 91105==
55228 04980 /2801 10126 20030 36103 40002 52013 60002 70000 333 10191 20076 3/005 5002/ 54405 58009 60001 70001 90720 91104=
55299 14/80 /2003 10130 21010 35963 40029 52010 60001 333 10191 20035 3/000 58014 70000 90761 91106==
55578 04980 /2003 10166 20036 36458 40018 52010 60002 70000 333 10220 20091 3/009 5003/ 54405 58012 60001 79999 90720 91106=
55591 14/80 /0902 10184 20019 36610 40024 52009 60001 333 10245 20121 3/008 58017 70000 90761 91105==
55664 04980 /1303 10128 21008 36098 40034 52011 60002 70000 333 10172 20074 3/006 5000/ 58016 60001 70000 90720 91106=
55773 04972 /2401 10087 20035 36104 40098 52009 69932 70000 333 10130 20033 3/001 5001/ 54415 58012 69911 70012 90720 91111=
56004 14/80 /3202 10135 21005 35932 49986 52009 60001 333 10197 20054 3/000 58006 70000 90761 91111==
56018 14/76 /2501 10148 20024 36279 40015 52003 60001 333 10250 20046 3/004 58006 70000 90761 91105==
56116 04980 /2101 10169 20032 36433 40031 52006 60002 70000 333 10251 20066 3/004 5003/ 54405 58007 60001 70000 90720 91104=
56312 04980 /3101 10191 20099 37153 40080 57001 60002 70000 333 10275 20108 3/010 5002/ 54405 58004 60001 70000 90720 91103=
57494 14/65 /1401 10318 20249 30058 40086 52002 60001 333 10320 20259 3/027 58000 70000 90761 91103==
58847 14/68 /0701 10328 20243 39989 40085 57002 60001 333 10349 20266 3/026 58019 70000 90761 91104==
62306 42960 02204 10246 20210 40130 52003==
62332 42560 22606 10277 20231 40116 54000 82100==
62337 42960 00000 10247 20210 40113 57001==
62366 45960 00305 10267 20214 40112 52001==
62387 32960 03104 10251 20184 40115 52003=
62393 42960 03506 10261 20157 40138 52002==
62405 42960 02102 10296 20110 40090 52007==
62414 41957 02012 10331 20202 40104 52012 70700==
62420 32960 00602 10272 20152 40121 52006=
62435 42960 00207 10312 20108 40090 52001==
62458 32960 00000 10292 20173 40084 52003=
