SMPK OPKC 301800=
41504 01595 80000 10155 20131 37859 48489 60013 76122 87710 333 56990 58032 60017 83720 84640 88460 Rh85%=
41506 01695 80000 10200 20178 38516 48515 69973 72162 8452/ 333 5699/ 58061 69927 84640 85460 87%=
41507 02695 80000 10240 20218 39236 49736 69903 8352/ 333 5699/ 58040 60007 83640 85460 88%=
41508 01495 80000 10197 20180 38656 48531 60053 72166 8572/ 333 5699/ 58028 60027 82715 83635 85460 91%=
41509 01496 80000 10220 20198 38746 48496 69943 72166 8572/ 333 5699/ 58063 69927 82715 83635 88458 87%=
41510 01696 80000 10160 20152 37928 48518 60063 76066 8352/ 333 56990 58033 60027 83635 85460 95%=
41510 01696 80000 10160 20152 37928 48518 60063 76066 8352/ 333 56990 58033 60027 83635 85460 95%=
41515 12695 80000 10198 20169 38540 48505 60013 8452/ 333 5699/ 58070 60007 84650 84458 82%=
41516 01396 80000 10190 20174 38558 48517 60013 72162 8651/ 333 5699/ 58021 60017 82710 84640 88460 RH91%=
41517 01496 80000 10170 20121 37823 48520 69902 70422 8662/ 333 5699/ 58005 60007 83710 83630 88460 73%=
41518 02696 81802 10200 20169 38/// 48/// 60003 8352/ 333 5699/ 5//// 60007 83640 88461 82%=
41519 02596 70000 10230 20159 38762 48511 69923 84720 333 56990 58013 60007 81730 83640 87462 RH64%=
41520 02695 63602 10150 20125 37662 48272 60013 83670 333 56990 58007 60007 83640 84462 85%=
41523 01694 80000 10225 20218 39055 48494 60123 76162 8572/ 333 5699/ 58014 60087 82720 83640 85558 96%=
41524 01695 80000 10225 20203 39315 40155 60073 76066 8352/ 333 5699/ 58042 60037 83640 85458 RH 87%=
41525 01696 80904 10130 20113 37701 48404 60183 76166 8352/ 333 5699/ 58024 60047 83640 85460 RH89%=
41528 01696 70000 10215 20215 39189 48499 60223 70400 83520 333 56990 59008 60007 83640 84460 100%=
41529 02696 51804 10250 20220 39728 40098 69903 82520 333 56990 58028 60007 82640 83460 RH84%=
41530 016// 71306 10240 20210 39693 40097 60033 83430 333 56990 58031 60007 83840 86360 83%=
41534 02695 8000 10235 20228 39693 40097 60053 8452/ 333 5699/ 58027 60007 84640 85460 96%=
41535 02696 80000 10185 20177 38700 48475 60233 8452/ 333 5699/ 58023 60007 84635 86460 RH95%=
41536 02496 80000 10200 20192 39014 48498 60123 83700 333 56900 58017 60007 83720 95%=
41560 01696 80000 10195 20183 38293 48513 60113 72162 8452/ 333 5699/ 58027 60117 84630 85460 Rh95%=
41562 02696 70000 10270 20210 39630 40077 60003 83520 333 56990 58043 60007 83640 84460 RH70%=
41565 02394 83106 10156 20155 38638 48509 60203 8472/ 333 5699/ 58037 60007 84730 84460 100%=
41567 01996 00000 10230 20215 39659 40066 60103 70400 333 58028 60007 91%=
41571 116// 43106 10230 20223 39526 40094 60433 70511 84030 333 56090 58022 RH96%=
41572 01496 52708 10220 20220 39468 40078 60082 70422 83710 333 56990 58026 60007 81710 83640 85460 RH 100%=
41573 02996 00502 10150 20134 37989 48504 60213 333 58020 60007 90%=
41574 02697 30000 10170 20154 38345 48520 60133 83500 333 56900 58017 60007 83640 91%=
41576 02997 10000 10255 20248 40085 60453 81030 333 56090 58013 60007 81360 96%=
41577 01696 70000 10230 20223 39491 40092 60653 70422 82570 333 56990 58021 60007 82640 85460 RH 96%=
41593 01696 50000 10270 20256 39860 40066 60013 70422 82570 333 56990 58027 60007 82640 84460 92%=
41597 01996 30000 10265 20251 40092 60813 70400 83030 333 56090 58021 60007 83362 92%=
41599 01696 50000 10270 20226 39789 40069 60193 70422 82470 333 56990 58007 60007 82460 83640 77%=
41600 01696 50000 10265 20236 39780 40067 69953 70422 82570 333 56990 58009 60007=
41620 32696 60504 10225 20144 38568 48474 60013 86500 333 56900 58045 60007 86640 60%=
41624 01696 50502 10260 20231 39887 40081 60003 70420 82520 333 56990 58035 60007 82637 83460 84%=
41625 01996 30000 10265 20236 39882 40077 60003 70400 83020 333 56090 58030 60007 83460 84%=
41630 01696 70000 10265 20251 40071 60073 70422 83570 333 56990 58026 60007 83640 85460 92%=
41633 02997 20000 10260 20231 4//// 60003 82030 333 56090 5//// 60007 82360 84%=
41634 02697 60000 10240 20233 3//// 4//// 60203 82640 333 56990 5//// 60007 82640 84460 96%=
41635 01996 30000 10265 20251 3//// 4//// 69903 70400 83030 333 56090 5//// 60007 83362 92%=
41636 01996 30000 10280 20252 39900 40078 69903 70402 83030 333 56090 58034 60007 83362 85%=
41638 01696 50000 10260 20246 4//// 60063 70422 83570 333 56990 5//// 60007 83640 84460 92%=
41639 01696 30000 10240 20210 3//// 4//// 60062 70422 83500 333 56900 5//// 60007 83640 83%=
41640 01996 33102 10280 20266 39829 40069 60003 70420 83020 333 56090 58022 60007 83460 92%=
41641 01996 33306 10270 20249 39806 40071 60003 70422 83030 333 56090 58022 60007 83360 88%=
41642 01996 00000 10280 20259 3//// 4//// 60213 70400 333 5//// 60007 88%=
41643 01996 00000 10275 20254 39796 40062 60003 70410 333 58014 60007 88%=
41644 01696 60000 10265 20255 4//// 60333 70402 83520 333 56990 5//// 60007 83640 83460 92%=
41646 01996 30502 10275 20254 39874 40078 60003 70422 83030 333 56090 58030 60007 83360 88%=
41652 01996 40504 10285 20242 39902 40075 60013 70400 84030 333 56090 58034 60007 84360 78%=
41660 026// 71316 10205 20165 38412 48500 60042 85330 333 56990 58043 60047 81830 84840 85358 79%=
41661 01696 61302 10200 20185 38362 48486 60043 75161 83520 333 56990 58030 60047 83635 83460 91%=
41669 02996 00502 10275 20247 3//// 4//// 60003 333 5//// 60007 85%=
41670 01996 00000 10285 20242 4//// 60003 70400 333 5//// 60007 78%=
41674 01996 30000 10270 20263 3//// 4//// 60273 70412 8307/ 333 56090 5//// 60007 83460 96%=
41675 01996 40000 10280 20252 39931 40069 60303 70421 84070 333 56090 58041 60007 84460 85%=
41676 01996 30302 10280 20252 39934 40086 60003 70400 83030 333 56090 58038 60007 83360 85%=
41677 01696 60000 10250 20243 39881 40043 60173 70400 83530 333 56990 58040 60007 83640 83360 96%=
41678 01696 60000 10275 20254 40063 60043 70500 83520 333 56990 58024 60007 83640 83460 88%=
41679 01996 00000 10280 20273 4//// 60003 70400 333 5//// 60007 92%=
41680 01695 70000 10275 20261 39883 40073 60033 71022 83520 333 56990 58059 60007 83640 8446O 92%=
41685 02697 30502 10230 20185 38851 48448 60003 83200 333 56900 58006 60007 83840 RH76%=
41696 02696 80000 10180 20157 37972 48473 60273 84520 333 56990 58011 60007 84640 84460 RH86%=
41697 02996 00000 10270 20249 40063 60043 333 58044 60007 RH88%=
41700 01696 60000 10280 20252 40053 60043 70422 83530 333 56990 58040 60007 83640 83360 85%=
41701 01996 40000 10280 20259 39926 40064 60063 70422 84030 333 56090 58028 60007 84360 88%=
41710 12995 03102 10320 21009 39257 49981 60003 333 58027 12%=
41712 01696 51302 10265 20000 39122 48465 69903 70250 85500 333 56900 58045 69907 85640 RH18%=
41715 01696 70000 10280 20252 39996 40059 69903 71300 84530 333 56990 58048 69907 84635 83360 RH85%=
41716 01696 50000 10270 20249 39973 40074 60083 70422 85500 333 56900 58050 60007 85630 88%=
41718 01695 60000 10260 20253 39962 40063 60193 70422 83530 333 56990 58041 60007 83640 83362 96%=
41724 01996 30506 10280 20259 40075 60193 70500 83030 333 56090 58058 60007 83360 RH88%=
41725 12696 50502 10280 20266 40054 60223 82630 333 56990 58050 60007 82640 83360 RH92%=
41726 02696 60000 10280 20252 39965 40034 60173 83530 333 56990 58050 60007 83640 83360 RH85%=
41738 02996 30910 10350 20089 39842 40013 60003 83040 333 56090 58001 60007 83460 RH20%=
41739 01696 83604 10290 20159 38956 48440 60003 70520 85530 333 56990 58009 60007 85635 83360 RH45%=
41742 02996 40904 10300 20228 40018 60063 84030 333 56090 58040 84360 RH 65%=
41743 01696 80000 10250 20243 60243 76162 83530 333 56990 60087 82635 86360 RH 96%=
41744 01696 80000 10220 20118 38715 48447 60223 76062 83520 333 56990 58011 60043 83640 85460 RH52%=
41745 01695 70000 10265 20244 60093 70500 83530 333 56990 60007 83635 84360 RH88%=
41746 02996 31304 10270 20241 39992 40044 60023 83030 333 56090 58046 60007 83360 RH84%=
41747 02696 83608 10270 20241 40042 60193 85530 333 56990 58049 60007 85640 83360 RH84%=
41748 02696 80506 10280 20252 40048 60183 84530 333 56990 58042 60007 84635 84360 RH85%=
41749 01696 80504 10265 20236 39993 40026 60063 70400 84530 333 56990 58030 60007 84635 84360 RH84%=
41756 01995 51802 10275 20239 39922 49986 60003 70500 80001 333 56009 59004 60007 85070 RH81%=
41757 11995 60000 10285 20242 30002 40014 60003 70400 86030 333 56090 58012 86360 RH78%=
41759 01695 70000 10295 20267 39996 40001 60003 71011 82510 333 56990 58004 60007 82640 85460 RH85%=
41764 02696 81312 10260 20231 39995 40044 60023 86570 333 56990 58070 60007 86635 85460 RH84%=
41765 02596 71312 10260 20253 30000 40036 60063 85610 333 56390 58058 60007 85725 82635 83360 RH96%=
41766 02696 71304 10255 20226 40028 60033 85530 333 56990 58063 60007 82720 83635 85360 RH84%=
41767 02996 4//// 10270 20241 60003 84530 333 56990 60007 82635 82360 RH84%=
41768 02996 00000 10275 20254 30048 40055 60053 333 58087 60007 RH88%=
41780 01596 80912 10255 20233 39972 49998 60013 70400 86630 333 56990 58013 60007 84720 86630 88360 RH88%=
41783 02696 81308 10250 20235 39991 40020 70500 60023 84520 333 56990 58064 60017 84635 84460 RH92%=
41785 02596 60504 10260 20238 30039 40052 60003 84630 333 56990 58092 60007 84730 82360 RH88%=
41786 22696 62102 10265 20229 30006 40042 60003 83530 333 56990 58097 60007 83630 83362 RH80%=
41BKI 02696 81304 10245 20220 39680 40086 60023 83530 333 56990 58027 60007 83640 85360 RH92%=
41SKP 01996 30000 10275 20254 3//// 4//// 60043 70410 83030 333 56090 5//// 60007 83360 88%=
43532 01696 60000 10215 20208 39294 40077 60103 70411 83520 333 56990 58007 60007 83640 83460 96%=
43533 02696 60000 10215 20200 39195 48490 60103 82520 333 56990 58011 60007 82640 84460 91%=
43563 02997 00502 10239 20211 39408 40078 60373 333 58018 60007 84%=


UPPK OPKC 301800=
PPAA 80171 41780 MISDA NO ASCENT DUE TO RAD BALLOON SHORTAGE=
PPAA 8018/ 41517 MISDA DUE TO ST CLOUDS=
PPAA 8018/ 41598 MISDA DUE TO TECHNICAL PROBLEM=
PPAA 8018/ 41600 MISDA DUE TO TECHNICAL PROBLEM=
PPAA 8018/ 41624 MISDA DUE TO TECHNICAL FAULT=
PPAA 8018/ 41640 MISDA DUE TO TECHNICAL PROBLEM=
PPAA 8018/ 41646 MISDA DUE TO TECHNICAL FAULT=
PPAA 8018/ 41675 MISDA DUE TO TECHNICAL ISSUE=
PPAA 8018/ 41678 MISDA DUE TO TECHNICAL PROBLEM=
PPAA 8018/ 41715 NO ASCENT DUE TO CLOUDY WEATHER=
PPAA 8018/ 41718 MISDA DUE TO TECHNICAL PROBLEM=
PPAA 8018/ 41739 no acent due to security risk=
PPAA 8018/ 41764 NO ASCENT DUE TO LOW CLOUDS=
PPAA 8018/ 41768 NO ASCENT DUE TO ASSEMBLY FAULT=



Data Generated from File : D:\all data handling\Rmc_lhr\2024083018.FSU.txt
30/08/24 19:09:05
______________________________________________________________
15020 04564 63401 10264 20097 39976 40162 52006 69902 82548 333 10326 20213 30037 55300 20018 60007 91002 90760 91102==
15090 04570 70901 10266 20135 30072 40159 53011 69962 83570 333 10335 20182 31/// 55300 10110 20011 30010 60007 91002 90760 91106==
15108 02260 60704 10123 20096 38163 48558 55001 60002 84840 333 10159 20103 55300 20023 60007 91007 90760 91108==
15150 04570 61002 10263 20125 39956 40157 53006 69912 84570 333 10297 20194 31032 55300 20022 60007 91003 90760 91104==
15170 04570 63501 10167 20134 39418 42816 53002 60002 82372 333 10254 20151 31025 55300 20015 60007 91001 90760 91102==
15280 01270 80514 10065 20061 37572 47148 52003 60002 72842 883// 333 10069 20052 31/// 55300 20006 60007 91017 90760 91117==
15310 04/70 70201 10248 20149 30057 40138 53007 69912 85078 333 10301 20196 30033 55300 10110 20003 30004 60007 91003 90760 91105==
15335 04568 43601 10222 20197 30130 40136 52010 60052 82530 333 10291 20199 31032 55300 20007 60007 91001 90760 91102==
15350 04570 80105 10276 20133 30026 40139 55002 69902 885// 333 10291 20222 30031 55300 20009 60007 91008 90760 91108==
15360 04570 40511 10256 20211 30112 40128 51006 60022 81130 333 10257 20213 60007 91014 90760 91114==
15420 04570 83101 10227 20143 30033 40139 52002 69902 883// 333 10302 20212 30043 55300 20015 60007 91001 90760 91102==
15460 04562 82101 10223 20194 30112 40135 53002 69972 8697/ 333 10250 20200 31028 55300 20013 60007 91001 90760 91102==
15470 04563 70202 10265 20146 30024 40143 53004 60002 83370 333 10304 20204 30039 55300 20019 60007 91003 90760 91103==
15480 07568 80503 10250 20195 30107 40124 52002 69972 7818/ 889// 333 10251 20191 31028 55300 10390 20000 30000 69917 91006 90760 91107==
15549 12570 73602 10214 20156 39737 40131 53005 60002 87200 333 10252 20176 555 570//=
15552 11460 83602 10190 20174 30076 40123 53008 60052 78098 889// 222// 00268 10301 333 10273 20188 555 40050 59005 62799 71840 92035 92437=
15640 11670 73402 10213 20186 39837 40134 53013 69942 78082 86350 333 10263 20213 91116 555 58500 62799 71800=
15655 12568 60206 10239 20185 30088 40119 52009 60002 86200 222// 00259 10301 333 10293 20231 555 572// 92034 92437=
15730 12670 83605 10238 20129 39753 40127 53003 60002 82238 333 10284 20192 555 550// 71800=
16627 12565 50000 10254 20185 30109 40114 51004 60002 82150 333 10286 82825 84358 90730 91112==
16650 12960 33503 10260 20192 30109 40116 51007 60002 80001 333 10300 90730 91111==
16667 12560 12807 10282 20175 30095 40106 53002 60002 81100 333 10320 90730 91114==
16706 12960 00303 10270 20193 30091 40098 52004 60002 333 10302 90730 91108==
16723 12960 03307 10288 20156 30082 40095 52002 60002 333 10316 90730 91114==
16732 26/// /0108 10263 20201 30104 40114 52001 333 10287 60005 90730 91113==
16742 12960 03008 10250 20204 39954 40102 52001 60002 333 10300 90730 91117==
16749 12460 12517 10282 20197 30078 40091 52004 60002 81101 333 10308 90730 91128==
16754 11560 23204 10270 20226 30071 40116 57003 60002 70190 81131 333 10294 90730 91114==
16760 12960 00000 10250 20171 40122 54000 60002 333 10302 90730 91110==
17022 12667 21804 10235 20213 39956 40113 52004 60002 82100 333 10281 82834 90760 91107==
17026 12570 52801 10246 20215 30076 40113 53003 60002 83250 333 10300 83830 85358 90760 91113==
17031 12560 31603 10230 20214 30106 40112 52011 69922 83200 333 10287 83832 90760 91112==
17034 11/70 42001 10242 20201 30076 40120 52012 60002 70292 84030 333 10272 84360 90760 91105==
17038 11670 61303 10247 20201 30068 40113 52010 69902 70282 86200 333 10267 86835 90760 91114==
17042 11670 41106 10228 20202 30086 40123 50012 60312 70298 82130 333 10276 82835 84360 90760 91117==
17050 11670 73502 10253 20168 30074 40133 53013 69902 72582 84270 333 10310 84835 87357 90760 91113==
17056 11670 70506 10256 20200 30111 40115 52014 69902 70282 84230 333 10300 84835 87360 90760 91115==
17060 12560 23409 10239 20189 30076 40122 50004 69942 82100 333 10271 82827 90760 91117==
17070 12665 40704 10212 20158 39277 40104 52018 60002 84200 333 10296 84835 90760 91110==
17074 11570 61401 10171 20164 39219 40111 53002 60252 70292 84250 333 10280 84830 86360 90760 91109==
17084 11670 52704 10200 20174 39237 40096 52015 69982 72998 85200 333 10302 85835 90760 91117==
17085 12670 50307 10266 20155 39624 40085 52018 60002 83230 333 10340 83840 85360 90760 91116==
17092 12/60 33114 10254 20132 38814 48472 52030 60002 83030 333 10336 83360 90760 91121==
17096 11660 40816 10191 20092 38225 48475 52031 69902 70292 84100 333 10281 84840 91026 90760 91126==
17098 11560 60505 10143 20129 38221 48515 53045 60012 79511 84950 333 10265 83835 85357 81925 90760 91137==
17100 11570 60000 10266 20143 39121 40043 52021 60002 72992 84930 333 10332 83830 85357 81925 90760 91118==
17112 12/70 33405 10264 20199 30107 40109 52010 60002 83030 333 10315 83360 90760 91113==
17115 12660 30409 10249 20175 30067 40115 52009 60002 83100 333 10297 83835 90760 91114==
17116 12970 00000 10246 20181 39999 40114 52011 60002 333 10296 90760 91114==
17124 12660 12906 10213 20133 39234 40105 52015 60002 81100 333 10283 81840 90760 91116==
17128 12660 20309 10241 20113 39047 40078 53013 60002 82100 333 10297 82840 90760 91120==
17135 12670 40510 10259 20127 39245 40067 52010 60002 84200 333 10309 84835 90760 91114==
17140 12665 40901 10195 20116 38694 48492 52014 60002 84200 333 10261 84838 90760 91110==
17150 12660 33604 10255 20144 39987 40104 52010 60002 83100 333 10319 83835 90760 91119==
17160 12970 00303 10221 20124 38984 48484 52011 60002 333 10289 90760 91110==
17170 12660 40603 10213 20115 38307 48465 52013 60002 82150 333 10301 82840 83358 90760 91115==
17175 12665 23207 10269 20196 30090 40094 53004 60002 82100 333 10315 82840 90760 91115==
17184 11670 43502 10258 20161 39989 40094 53004 60052 70181 83240 333 10335 83840 84360 90760 91111==
17190 12670 43103 10234 20097 38961 48489 53011 60002 82130 333 10283 82835 84360 90760 91109==
17190 12670 43103 10234 20097 38961 48489 53011 60002 82130 333 10283 82835 84360 90760 91109==
17195 12670 20904 10209 20114 38935 48483 52009 60002 82100 333 10293 82840 90760 91114==
17200 12960 03216 10284 20092 39120 40025 52014 60002 333 10348 90760 91124==
17202 12970 02506 10273 20066 39058 40015 52014 60002 333 10356 90760 91118==
17203 12670 10000 10263 20068 38815 48496 52014 60002 81100 333 10349 81840 90760 91110==
17210 12970 00000 10300 20087 39059 49998 52015 60002 333 10374==
17219 12965 03614 10277 20145 39963 40099 53003 60002 333 10332 90760 91126==
17234 12970 02303 10275 20171 30028 40092 53008 60002 333 10363 90760 91114==
17237 12970 03403 10286 20124 39615 40085 52015 60002 333 10350 90760 91111==
17240 12570 41305 10242 20137 39003 40076 52017 60002 84200 333 10316 84830 90760 91119==
17244 11570 73312 10196 20137 38967 48491 53013 60012 79511 87900 333 10291 85835 82927 90760 91125==
17248 12970 00601 10243 20098 38941 48479 53008 60002 333 10302 90760 91109==
17250 12970 00403 10224 20119 38779 48489 53009 60002 333 10288 90760 91113==
17260 12960 02712 10273 20177 39247 40002 50009 60002 333 10343 90760 91122==
17270 12970 02605 10324 20159 39421 40015 52008 60002 333 10367 90760 91115==
17275 12970 00000 10273 20085 38921 48474 52008 60002 333 10333 90760 91113==
17280 12960 02309 10318 20104 39279 49998 52009 60002 333 10383 90760 91118==
17290 12970 02704 10290 20169 30071 40101 53005 60002 333 10353 90760 91115==
17292 12570 13102 10250 20151 39370 40083 52013 60002 81100 333 10331 81830 90760 91112==
17300 11560 60911 10295 20233 30011 40078 53005 69902 70281 86900 333 10333 85830 81920 90760 91120==
17310 12970 02601 10306 20234 30065 40072 53004 60002 333 10341 90760 91106==
17330 12670 10703 10296 20232 30054 40071 52013 60002 81100 333 10351 81840 90760 91110==
17350 12560 41705 10280 20218 30002 40075 51020 60002 84200 333 10352 84830==
17370 12670 32509 10297 20241 30080 40084 52012 60002 83200 333 10324 83835 90760 91119==
17375 12970 01201 10291 20176 30054 40056 53002 60002 333 10338 90760 91110==
33088 32997 00000 10220 20114 30014 40195 53005 333 10313 555 1/019=
33135 319// 00502 10220 20098 30066 40206 53005 70240 333 10318 555 1/021=
33177 32997 00101 10223 20141 39967 40192 53004 333 10315 555 1/021=
33317 32997 00000 10238 20139 39871 40188 53008 333 10312 555 1/021=
33393 32960 30000 10203 20173 39817 40189 53004 83030 333 10312=
33415 32997 40000 10233 20156 39809 40183 53006 84030 333 10306 555 1/022=
33429 32997 60402 10206 20123 39783 40184 53006 81031 333 10320 555 1/021=
33466 32682 30601 10254 20124 30005 40180 53008 82530 333 10328 555 10023=
33506 32997 60702 10252 20042 39997 40181 52009 82031 333 10319 555 1/022=
33562 32960 30000 10243 20136 39897 40183 53010 80001 333 10333 555 1/022=
33587 329// 60901 10273 20080 39925 40170 53012 86050 333 10324 555 1/025=
33658 32979 63502 10259 20156 39891 40170 52005 86030 333 10301 555 1/024=
33663 32997 50402 10294 20065 30073 40162 53008 82031 333 10343 555 1/026=
33664 32997 53502 10251 20094 39867 40163 53007 85030 333 10330 555 80016=
33678 32898 32802 10268 20069 39983 40173 52015 83030 333 10327 555 80013=
33679 32597 73401 10276 20123 39985 40163 53004 85531 333 10338=
33711 32960 60806 10278 20079 39967 40162 53010 86030 333 10352 555 1/026=
33745 32597 51501 10259 20083 39995 40170 52018 83930 333 10327 555 80018=
33748 32597 61302 10260 20150 39884 40149 53004 86300 333 10317 555 80012=
33754 32597 70000 10265 20117 30015 40151 53002 81330 333 10340 91112=
33761 32998 20504 10264 20084 39950 40158 52008 82030 333 10317 555 1/022=
33791 32982 80305 10283 20057 30042 40161 52009 8805/ 333 10343 555 1/026=
33815 12598 60000 10255 20081 39949 40143 58001 69902 84530 333 10322=
33837 11964 60000 10235 20201 30095 40144 53007 69902 70292 86030 333 10281 555 1/020=
33881 11598 73502 10245 20130 39966 40150 52007 69902 70282 87300 333 10322 555 80014=
33883 32597 83401 10233 20157 39991 40143 52005 883// 333 10306 555 80016=
33885 32997 70604 10239 20131 30026 40150 52005 87030 333 10298 555 80012=
33892 32597 80402 10231 20132 39945 40143 52002 86350 333 10293 555 80021=
33902 12597 50000 10236 20143 30092 40148 52012 69962 85500 333 10323 555 1/021=
33924 12560 60603 10231 20197 30118 40130 52004 60182 84909 333 10263==
33946 11/72 80806 10222 20186 39912 40120 52006 60002 70292 84031 333 10301 90760 91112==
33983 11560 80402 10220 20195 30060 40117 53002 69932 72582 8695/ 333 10267==
34300 32997 20801 10257 20036 30029 40195 53010 80001 333 10326 555 1/023=
34336 42960 00401 10240 20022 30103 40200 52012==
34344 42970 00000 10187 20135 30114 40198 52013==
34356 42970 00503 10253 20014 30065 40203 53010==
34357 42970 00902 10244 20028 30050 40195 52011==
34398 129// 00705 10257 20121 30192 40201 53016 60002 333 10358==
34415 11597 80000 10243 20126 30088 40178 52005 69902 72582 889// 333 10328 555 1/024=
34438 42/// /0604 10225 20025 30007 40187 52013==
34445 42970 02801 10241 20031 30088 40191 52012==
34461 42960 00000 10224 20030 30147 40199 52013==
34473 329// 00701 10242 20044 30164 40200 53010 333 10333=
34476 42970 00503 10252 20010 30190 40197 53008==
34504 31981 80704 10258 20056 30008 40171 52009 70382 88050 333 10307=
34535 42970 00704 10271 20022 30106 40173 52010 333 90760 91110==
34545 42970 00603 10250 20027 30078 40182 52012==
34555 42970 00505 10248 20140 30108 40193 52010==
34560 42/60 20603 10206 20053 30017 40197 52009 82030 333 90760 91110==
34578 42960 00402 10242 20061 30179 40185 52008==
34579 42970 00203 10259 20017 30149 40190 52008==
34644 42960 00503 10264 20027 30088 40160 52010==
34646 42970 50604 10256 20155 30090 40166 52010 80001==
34655 42960 00504 10245 20007 30119 40175 52012 333 90760 91110==
34662 42970 00302 10233 20025 30174 40185 53009==
34691 12970 00902 10264 20038 30199 40188 53009 60002 333 10350==
34720 42670 50303 10277 20075 30100 40136 52003 84530==
34727 42960 00505 10271 20114 30097 40127 54000==
34743 42960 00902 10249 20004 30079 40162 52013==
34759 41960 20902 10225 20031 30046 40169 52017 70231 80001 333 90760 91111==
34772 42960 01102 10241 20018 30181 40184 53012==
34785 42960 00801 10216 20052 30201 40180 51007==
34798 12960 00502 10221 20098 30209 40182 53005 60002 333 10337==
34824 42560 80202 10260 20151 30106 40111 57008 885//==
34838 42/60 80804 10297 20023 30027 40116 53009 85036==
34845 42970 01103 10269 20024 30045 40145 53018==
34858 42960 01102 10253 20019 30056 40157 52020==
34861 42960 21206 10243 20000 39941 40168 52017 80001 333 90760 91112==
34866 41960 00803 10228 20017 30180 40171 52015 70230==
34880 42960 20601 10205 20102 30198 40173 52004 80001 333 90760 91111==
34887 42970 00301 10211 20119 30193 40174 52006==
34949 42970 60709 10236 20084 39624 40133 52016 80001 333 91012 90760 91114==
34954 42970 00702 10258 20055 39981 40142 50015 333 90760 91111==
34958 42970 00804 10242 20073 39962 40148 50018 333 90760 91112==
34975 42970 20903 10232 20053 30165 40161 51012 80001==
34984 42970 00302 10210 20160 30197 40168 53007==
35217 129// 00204 10210 20067 30181 40219 52022 60002 333 10325==
35302 129// 00705 10233 20121 30194 40214 53018 60002 333 10321==
35315 329// 00406 10226 20085 30152 40205 53021 333 10335=
35344 325// 70304 10193 20098 39926 40195 51016 86330 333 10280=
35345 36/// /0603 10181 20087 39894 40197 51016 333 10272=
35358 12/// 20202 10204 20100 30009 40167 54000 60002 82040 333 10275==
35368 329// 30102 10181 20089 39927 40178 53003 83040 333 10278=
35386 329// 00501 10138 20074 39679 40172 52001 333 10240=
35394 12670 63501 10159 20097 39526 40161 54000 60002 84530 333 10253==
35404 329// 00604 10259 20122 30192 40200 53013 333 10330=
35406 129// 00404 10256 20110 30194 40196 53011 60002 333 10340==
35416 12/// 21604 10241 20099 30085 40197 52018 60002 82030 333 10351==
35426 129// 03302 10197 20041 39920 40193 53011 60002 333 10315==
35437 329// 30403 10201 20080 39893 40185 53010 80003 333 10308=
35449 329// 00503 10220 20129 30074 40169 58008 333 10285=
35497 115// 73201 10164 20086 39406 40152 57004 60002 70282 87900 333 10250==
35498 326// 73202 10170 20048 39338 40158 57001 87500 333 10250=
35514 32998 00503 10244 20094 30190 40186 53009 333 10343=
35519 32998 23203 10266 20117 30116 40181 52008 80001 333 10347=
35522 329// 00505 10245 20117 39953 40184 53014 333 10324=
35542 329// 02903 10195 20014 30035 40172 53003 333 10324=
35563 32998 03402 10172 20066 39449 40168 52006 333 10265=
35576 12/// 20604 10198 20089 39733 40148 58003 60002 82040 333 10288==
35582 315// 52202 10184 20124 39591 40148 57003 70282 85900 333 10272=
35594 325// 61902 10196 20074 39366 40139 58010 86900 333 10266=
35605 32998 03604 10229 20099 30201 40181 53008 333 10360=
35633 329// 00302 10234 20115 39973 40169 53007 333 10328=
35671 12570 20103 10226 20119 39750 40143 52003 60002 82500 333 10320==
35699 129// 00000 10156 20094 39459 40167 58006 60002 333 10271==
35700 12970 03202 10259 20073 30202 40180 53006 60002 333 10344==
35715 32997 02501 10276 20112 30184 40171 53004 333 10351=
35739 329// 00000 10236 20106 30030 40158 54000 333 10335=
35746 129// 00000 10248 20099 30096 40158 54000 60002 333 10336==
35777 329// 00000 10216 20076 39879 40198 52089 333 10274=
35796 12960 00701 10200 20169 39753 40153 57008 60002 333 10236==
35816 36/// /0802 10270 20059 30173 40184 5/002 333 10348=
35849 129// 02901 10221 20120 30079 40158 53001 60002 333 10336==
35895 32997 01801 10195 20146 39750 40160 58008 333 10265=
35907 32998 00306 10243 20183 30191 40163 53010 333 10304=
35925 129// 23602 10237 20050 30058 40161 54000 60002 80002 333 10345==
35927 329// 00701 10252 20055 30155 53001 333 10349=
35953 129// 00000 10225 20065 30032 40152 57004 60002 333 10339==
35969 129// 00000 10186 20058 39995 40157 57005 60002 333 10327==
35997 329// 00000 10190 20071 39755 40159 58011 333 10286=
36259 42584 60902 10052 20013 38278 48544 52007 82901==
36335 325// 80000 10155 20082 39204 40159 58008 8802/ 333 10250=
36358 326// 70000 10175 20085 39212 40154 58006 87500 333 10241=
36394 326// 80203 10190 20073 39757 40147 58003 885// 333 10284=
36397 126// 62002 10206 20040 39626 40145 58005 60002 85570 333 10278==
36403 326// 60905 10198 20094 39810 40142 58011 86900 333 10260=
36418 329// 42301 10151 20083 39603 40179 54000 82033 333 10261=
36421 326// 70000 10121 20108 39655 40189 58003 87500 333 10220=
36428 127// 21701 10158 20073 39712 40181 58004 60002 82500 333 10248==
36439 327// 51207 10109 20051 39000 48541 58008 82531 333 10194=
36467 329// 00501 10152 20028 39280 40163 58005 333 10252=
36498 329// 00901 10154 20074 39428 40168 58003 333 10260=
36501 326// 30000 10175 20114 39455 40151 58004 83500 333 10264=
36535 125// 50501 10131 20073 39589 40185 54000 60002 82330 333 10271==
36546 326// 23102 10141 20089 39678 40185 54000 82300 333 10270=
36619 329// 00000 10160 20047 333 10315=
36622 329// 00000 10153 20042 39424 40176 58003 333 10257=
36639 129// 00000 10095 20059 39615 40195 58001 60002 333 10265==
36643 329// 02303 10177 20040 39559 40174 58004 333 10270=
36665 329// 01903 10155 20079 39501 40180 58006 333 10235=
36666 329// 00000 10144 20057 39719 40182 58006 333 10238=
36729 32998 01101 10193 20087 39715 40160 58010 333 10285=
36736 329// 00701 10143 20084 39677 40199 52002 333 10277=
36744 329// 00502 10173 20063 39730 40149 57012 333 10292=
36770 32999 00000 10150 20089 39494 40177 58001 333 10265=
36786 32999 00000 10138 20088 39311 40178 58009 333 10250=
36796 329// 00000 10090 20043 39053 48527 58006 333 10233=
36803 32999 01403 10200 20092 39758 40173 58010 333 10260=
36806 329// 01303 10205 20035 39740 40173 58009 333 10284=
36819 329// 02001 10188 20064 39589 40158 58010 333 10280=
36821 129// 00000 10168 20088 39705 40163 58011 60002 333 10285==
36839 32998 00201 10138 20080 39109 40176 58009 333 10253=
36843 329// 02503 10148 20065 39069 40176 58013 333 10248=
36846 329// 00903 10099 20072 38645 48543 58009 333 10221=
36859 129// 00000 10174 20117 39447 40178 58004 60002 333 10280==
36870 129// 01101 10182 20119 39205 40148 58009 60002 333 10265==
36874 329// 00201 10160 20083 39432 40162 58006 333 10300=
36877 329// 00000 10141 20104 39255 40179 58004 333 10288=
36885 329// 01402 10168 20084 39104 40162 58011 333 10260=
36889 329// 01801 10055 21057 37128 47166 58010 333 10073=
36894 329// 00000 10189 20099 39468 40155 58011 333 10289=
36905 329// 01202 10164 20057 38771 48536 58011 333 10230=
36911 429// 00701 10172 20121 39233 40149 58005 333 10296=
36927 42697 13602 10154 20076 38374 48526 58001 81100 333 10218=
36934 42997 03301 10140 20068 38297 48415 58003=
36953 329// 00000 10115 20087 38260 48508 58003 333 10210=
36963 429// 01102 10053 21036 37111 48/// 58004 333 10143=
36974 429// 00901 10125 20021 38012 48539 54000 333 10235=
36982 429// 02601 10003 21044 36622 47183 58003 333 10108=
37018 41660 70702 10267 20171 30025 40095 52013 70382 86904==
37031 42/60 80905 10284 20106 39929 40108 52005 86031 333 90760 91110==
37054 42/60 60604 10253 20101 39773 40130 51021 80030 333 90760 91111==
37061 41970 50603 10231 20105 39990 40148 52018 70232 80005 333 90760 91114==
37085 42940 20705 10228 20159 30177 40151 52013 80001 333 90760 91112==
37171 42540 80102 10265 20217 30084 40101 53027 8295/ 333 90760 91110==
37228 42560 60000 10219 20175 39331 40109 52009 86500==
37235 42/60 20301 10221 20169 39822 40118 52015 8004/==
37472 42960 01403 10247 20218 30153 40132 52008==
38149 42970 03501 10199 20058 30088 40161 53002 333 10332==
38262 129// 03501 10198 20102 30081 40159 57002 60002 333 10324==
38264 42970 03402 10208 20064 30062 40150 52001 333 10320==
38345 42998 00902 10149 20059 38808 48519 58003 333 10271=
38353 429// 01801 10200 20070 39305 40151 57002 333 10287=
38388 72998 00502 10268 20094 30080 40146 53005 333 10340 6////=
38392 72997 03603 10232 20105 30047 40144 53002 333 10325 6////=
38396 42960 03603 10203 20077 30025 40143 54000 333 10324==
38403 429// 00203 10266 20084 30023 40135 53006 333 10348==
38413 429// 00803 10269 20009 39862 40311 52015 333 10333==
38457 12960 03501 10235 20100 39557 40104 57004 60002 333 10328==
38462 429// 00000 10138 20058 38759 48505 52008 333 10293==
38462 429// 00000 10138 20058 38759 48505 52008 333 10293==
38507 72996 00000 10256 20061 30027 40123 53008 333 10338 6//// 91005=
38545 32998 03501 10210 20089 39959 40125 53004 333 10336=
38565 129// 00000 10188 20071 39544 40114 58002 60002 333 10308==
38579 129// 00000 10216 20140 39716 40109 57005 60002 333 10300==
38583 12960 02702 10212 20138 39807 40110 57007 60002 333 10327==
38599 32997 02303 10231 20112 39626 40125 57005 333 10317=
38611 42960 03503 10221 20100 39580 40115 54000 333 10315==
38613 429// 00101 10196 20106 40128 51002 333 10300=
38616 429// 00901 10158 20123 39179 40149 51008 333 10285=
38618 129// 01601 10205 20155 39458 40106 53001 60002 333 10308==
38647 72997 00804 10255 20045 30059 40098 52002 333 10352 6////=
38656 72998 00502 10276 20019 30028 40132 53008 333 10343 6////=
38683 42960 00203 10220 20065 39846 40106 53003 333 10335==
38687 32997 00204 10263 20058 39897 40116 53011 333 10325=
38696 129// 01101 10217 20115 39304 40107 53001 60002 333 10303==
38713 329// 01802 10176 20055 39024 48510 54000 333 10288=
38750 72997 03101 10267 20213 30147 40121 53002 333 10343 6////=
38763 72997 01003 10275 20065 30017 40115 53009 333 10344 6////=
38774 72995 02201 10247 20122 39942 40125 58010 333 10339 6////=
38799 32997 03601 10254 20067 39896 40111 57002 333 10340=
38806 72997 03601 10248 20142 39840 40082 53004 333 10342 6////=
38812 42960 00000 10219 20111 39659 40085 58009 333 10329==
38836 429// 00000 10227 20094 39179 40054 52015 333 10326=
38880 02997 00902 10254 20046 39884 40122 50002 60002 333 10333 6////=
38886 72997 02901 10232 20098 39915 40129 53002 333 10339 6////=
38895 32996 03001 10218 20114 39848 40122 53002 333 10332=
38911 32997 03102 10242 20082 39820 40096 54000 333 10338=
38915 32997 00000 10259 20120 39791 40092 53002 333 10346=
38927 12960 01402 10222 20104 39733 40086 51003 60002 333 10336==
38933 329// 00901 10210 20139 39610 40094 53004 333 10322=
38944 329// 03602 10245 20086 39532 40030 52009 333 10322=
38954 328// 10000 10234 20041 37926 48480 52006 81200 333 10292=
38974 72998 03401 10245 20085 39800 40113 52001 333 10333 6////=
38987 32996 00101 10202 20086 39415 40121 52009 333 10305=
40030 32570 22201 10264 20177 40102 52012 82500 333 10332 82630=
40066 32570 30000 10254 20200 4//// 5//// 83400 333 10290 83626=
40080 32965 02407 10262 20069 39400 4//// 52010 333 10334=
40100 43960 01807 10288 20212 30102 40117 53002 6///1 333 58///=
40180 12/// /2804 10288 20214 30065 40112 52010 60002 333 10320 20288 70000==
40199 12/// /3308 10349 20164 30070 40093 52015 60002 333 10398 20303 70000==
40255 36/// /2706 10240 29074 3//// 4//// 5////=
40272 31950 03005 10258 20149 39308 40102 52005 70500 333 10318=
40296 36/// /2709 10340 29046 4//// 5////=
40310 36/// /2711 10240 29058 4//// 5////=
40340 32960 03312 10348 20151 30038 40099 52016 333 10398=
40356 42960 02816 10290 20070 39143 48488 333 10340 59004 55/// 555 04410 50067=
40357 42960 03209 10341 21010 39442 40035 333 10384 59003 55///=
40360 42960 03116 10288 20110 39522 40080 333 10370 58000 55///=
40361 42960 03010 10314 20030 39334 40081 333 10367 59004 55///=
40362 42960 03210 10335 21020 39556 40035 333 10404 59002 55///=
40373 42960 03404 10361 20040 39634 40020 333 10432 59007 55///=
40375 42960 03409 10346 20020 39232 40049 333 10388 59003 55///=
40394 42960 00306 10328 20080 38997 48510 333 10386 58000 55 /// 555 04410 50043=
40394 42960 00306 10328 20080 38997 48510 333 10386 58000 55 /// 555 04410 50043=
40400 42960 03208 10322 20230 30044 40071 333 10353 58006 55///=
40405 42960 00210 10360 20060 39337 40025 333 10420 59003 55///=
40417 42960 02904 10339 20150 39986 40000 333 10437 58001 55///=
40420 42960 03203 10354 20070 39810 40004 333 10446 58001 55///=
40430 41550 72309 10245 20180 39392 40116 79511 87900 333 10416 58027 55/// 83930 85640=
40437 42960 03508 10362 21010 39372 40021 333 10420 58001 55///=
40439 42660 32905 10374 20160 30037 40055 83500 333 10392 58001 55/// 83640=
40582 41940 03519 10394 20077 40000 52012 70700 333 55300 00000 10258 20000 30000 41469 51727 60000 55407 40000 90401 91023 91129 91223 91319=
40703 12660 20000 10250 20141 38854 40022 52020 60001 82500 333 55108 70000 82640 555 10182 29051=
40706 12564 10804 10250 20125 38613 40034 51012 60001 81400 333 55103 24320 70000 81630 555 10174 29046=
40712 12660 12703 10208 20140 38623 40019 52006 60001 81500 333 55113 22302 70000 81640 555 10166 29065=
40713 12962 00906 10261 20107 38603 40001 51006 60001 333 55114 70000 555 10169 29038=
40718 12960 01701 10261 20195 30144 40117 51008 60001 333 55095 22146 70000 555 10218 29067=
40723 12970 00202 10194 20015 38941 40113 51009 60001 333 55123 22568 70000 555 10108 29030=
40726 12960 00000 10248 20110 38602 40014 53006 60001 333 55114 70000 555 10165 29042=
40727 12960 01502 10228 20081 38440 40013 52012 60001 333 55110 20057 70000 555 10145 29039=
40732 12560 12402 10250 20201 30129 40106 51009 60001 81500 333 55070 70000 81627 555 10218 29074=
40736 12960 00000 10264 20211 30138 40114 51004 60001 333 55102 70000 555 10229 29073=
40737 12960 01902 10234 20195 30094 40111 52007 60001 333 55102 22272 70000 555 10209 29079=
40738 12960 02102 10232 20177 30121 40123 50008 60001 333 55115 22500 70000 555 10197 29071=
40739 12965 00303 10206 20033 38677 40087 52011 60001 333 55121 22670 70000 555 10118 29032=
40741 12960 02802 10255 20061 39804 40117 50006 60001 333 55120 70000 555 10153 29029=
40743 12965 01007 10241 21003 39039 40091 52016 60001 333 55119 22652 70000 555 10124 29020=
40745 12962 02003 10210 20076 39035 40123 51008 60001 333 55118 22633 70000 555 10137 29042=
40747 12960 00000 10282 20016 38576 49994 52012 60001 333 55107 23322 70000 555 10144 29018=
40754 12960 01204 10268 21013 38797 40049 51010 60001 333 55113 70000 555 10140 29014=
40762 12962 00103 10191 21004 38545 40082 51007 60001 333 55120 70000 555 10099 29027=
40766 12960 02907 10290 20069 38630 49987 52021 60001 333 55110 22563 70000 555 10164 29025=
40768 12960 01104 10217 21016 38237 40017 52020 60001 333 55108 22489 70000 555 10106 29021=
40769 11956 02201 10238 20001 38284 40026 52018 60001 70600 333 55110 22564 70000 555 10120 29021=
40780 11958 02903 10270 20102 38631 40005 52010 60001 70500 333 55114 27212 70000 555 10170 29035=
40782 12965 01303 10267 21030 38783 49989 52011 60001 333 55116 70000 555 10127 29014=
40785 12960 00903 10302 21062 39027 40037 52019 60001 333 55112 23939 70000 555 10138 29009=
40791 12968 03503 10292 21124 39274 40039 51011 60001 333 55120 70000 555 10126 29006=
40792 12962 00702 10232 21031 38687 40055 52012 60001 333 55121 70000 555 10111 29017=
40798 12960 03402 10220 21037 37956 40011 52021 60001 333 55116 22594 555 10100 29018=
40800 12970 01702 10277 21013 38436 40017 51022 60001 333 55118 22460 70000 555 10133 29015=
40809 12960 00606 10217 21061 38471 40042 51023 60001 333 55119 22753 70000 555 10097 29015=
40811 12960 03005 10380 20126 39954 49978 52013 60001 333 55119 70000 555 10224 29022=
40812 12960 00901 10354 20065 39625 49967 52006 60001 333 55115 23232 70000 555 10191 29017=
40818 12960 03004 10246 21038 37970 49997 52019 60001 333 55112 24147 70000 555 10111 29015=
40821 12962 02804 10278 21055 38750 40037 52019 60001 333 55114 22542 70000 555 10127 29011=
40829 12960 03410 10295 20018 39505 40040 51015 60001 333 55082 70000 555 10155 29017=
40831 12960 03105 10345 20133 39988 49996 52017 60001 333 55120 70000 555 10215 29028=
40833 12960 03203 10359 20113 39957 49986 52016 60001 333 55113 70000 555 10212 29023=
40835 12960 00000 10329 20062 39221 49984 52013 60001 333 55119 70000 555 10179 29019=
40841 12960 02102 10236 21067 38225 40016 52015 60001 333 55118 22538 70000 555 10102 29013=
40848 12660 33102 10312 20044 38463 49958 52017 60001 82430 333 55105 22584 70000 82640 555 10162 29018=
40851 12960 00405 10264 21050 38233 49983 52014 60001 333 55118 70000 555 10118 29012=
40854 12960 00000 10298 21065 38893 40009 52016 60001 333 55106 70000 555 10134 29009=
40856 12960 00203 10238 20013 38611 40044 51016 60001 333 55106 22697 70000 555 10125 29023=
40859 12960 23202 10298 20055 38625 49958 52015 60001 82030 333 55094 70000 82360 555 10162 29022=
40875 11540 13404 10331 20287 39988 49999 53028 60001 70591 81500 333 55103 22416 70000 81630 555 10298 29078=
40879 12960 00606 10354 21012 39368 49993 52028 60001 333 55098 70000 555 10170 29010=
40882 11950 33303 10342 20303 39946 49978 53005 60001 71000 80006 333 55093 70000 83269 555 10312 29080=
40883 11930 02702 10330 20291 39952 49974 53014 60001 71000 80000 333 55080 70000 555 10301 29080=
40893 11950 00000 10318 20270 39983 49989 52023 60001 70500 333 55076 70000 555 10283 29076=
40898 11556 20000 10295 20273 39991 40000 51029 60001 71000 82600 333 55080 70000 82720 555 10279 29088=
41024 42660 23410 10342 20230 30049 40074 82500 333 10402 55090 58001 82640==
41036 41560 61710 10206 20130 38572 48524 71700 86900 333 10340 59007 85830 81925==
41055 42560 41002 10259 20070 38367 48509 84300 333 10335 58014 83630 81925==
41061 42960 00408 10382 20000 39345 49996 333 10443 55000 58006==
41084 42560 31404 10330 20040 38824 48497 83200 333 10394 58014 83830==
41112 42560 13004 10228 20070 37947 48497 81400 333 10298 55076 59005 81620==
41114 42960 00000 10234 20070 37980 48496 333 10298 59007==
41128 42960 00306 10333 20000 38763 48484 333 10390 55090 58006==
41136 42960 00508 10364 20070 39236 40000 333 10440 58010==
41140 41550 30906 10324 20200 30042 40052 70592 81430 333 10371 59022 81630 83360==
41150 42964 03110 10345 20244 49998 333 10388 59000=
41170 42960 03307 10368 20197 39984 49997 333 10440 58002=
41176 44/70 /3506 10349 20184 39990 49996 333 10449 58005=
41184 41956 23406 10333 20298 49999 70600 80001 333 10436 58013 82070=
41194 12960 13209 10348 20296 39985 49990 60001 81030 333 10403 58008 81368=
41196 12960 23105 10341 20302 39957 49996 60001 82030 333 10405 58009 82368=
41216 42960 03307 10347 20297 39987 49991 333 10390 58004=
41217 42460 43111 10343 20298 39960 49988 84500 333 10389 58006 84620=
41246 36/// /1204 10324 20270 39986 49988 333 0E034 10357 55300 25022 58012=
41255 36/// /1107 10375 20165 39496 49971 333 0E039 10457 58015=
41258 36/// /0000 10319 20277 39976 49979 333 0E/// 10337 55300 20000 58006=
41265 36/// /1302 10337 20200 39439 49974 333 0E037 10454 55300 20000 58005=
41267 36/// /1203 10323 20194 39979 49991 333 0E032 10329 58010=
41275 36/// /1314 10350 20206 39836 49996 333 0E035 10470 55300 20000 58016=
41288 36/// /2012 10265 20231 39986 40008 333 0E029 10308 58015=
41316 31358 81805 10259 20247 30016 40045 70522 886// 333 10281 58001 55000 55407 55408 55507 55508 82709 85714 88620=
41397 82715 10270 20256 40091 54000 7//// 8/7// 22233 06280 21004 325// 41206 80260=
41480 41956 30906 10317 20230 39994 40002 70544 80001 333 10387 59018 83070=
41498 82014 10270 20243 40106 58003 70311 885// 22223 00305 20201 80250=
41506 01695 80000 10200 20178 38516 48515 69973 72162 8452/ 333 5699/ 58061 69927 84640 85460=
41508 01495 80000 10197 20180 38656 48531 60053 72166 8572/ 333 5699/ 58028 60027 82715 83635 85460=
41515 12695 80000 10198 20169 38540 48505 60013 8452/ 333 5699/ 58070 60007 84650 84458=
41523 01694 80000 10225 20218 39055 48494 60123 76162 8572/ 333 5699/ 58014 60087 82720 83640 85558=
41535 02696 80000 10185 20177 38700 48475 60233 8452/ 333 5699/ 58023 60007 84635 86460=
41536 02496 80000 10200 20192 39014 48498 60123 83700 333 56900 58017 60007 83720=
41560 01696 80000 10195 20183 38293 48513 60113 72162 8452/ 333 5699/ 58027 60117 84630 85460=
41571 116// 43106 10230 20223 39526 40094 60433 70511 84030 333 56090 58022=
41598 01996 00000 10250 20243 3980/ 40064 60283 70400 333 58017 60007=
41600 01696 50000 10265 20236 39780 40067 69953 70422 82570 333 56990 58009 60007=
41620 32696 60504 10225 20144 38568 48474 60013 86500 333 56900 58045 60007 86640=
41624 01696 50502 10260 20231 39887 40081 60003 70420 82520 333 56990 58035 60007 82637 83460=
41630 01696 70000 10265 20251 40071 60073 70422 83570 333 56990 58026 60007 83640 85460=
41640 01996 33102 10280 20266 39829 40069 60003 70420 83020 333 56090 58022 60007 83460=
41678 01696 60000 10275 20254 40063 60043 70500 83520 333 56990 58024 60007 83640 83460=
41696 02696 80000 10180 20157 37972 48473 60273 84520 333 56990 58011 60007 84640 84460=
41697 02996 00000 10270 20249 40063 60043 333 58044 60007=
41700 01696 60000 10280 20252 40053 60043 70422 83530 333 56990 58040 60007 83640 83360=
41710 12995 03102 10320 21009 39257 49981 60003 333 58027=
41712 01696 51302 10265 20000 39122 48465 69903 70250 85500 333 56900 58045 69907 85640=
41715 01696 70000 10280 20252 39996 40059 69903 71300 84530 333 56990 58048 69907 84635 83360=
41718 01695 60000 10260 20253 39962 40063 60193 70422 83530 333 56990 58041 60007 83640 83362=
41725 12696 50502 10280 20266 40054 60223 82630 333 56990 58050 60007 82640 83360=
41739 01696 83604 10290 20159 38956 48440 60003 70520 85530 333 56990 58009 60007 85635 83360=
41744 01696 80000 10220 20118 38715 48447 60223 76062 83520 333 56990 58011 60043 83640 85460=
41749 01696 80504 10265 20236 39993 40026 60063 70400 84530 333 56990 58030 60007 84635 84360=
41756 01995 51802 10275 20239 39922 49986 60003 70500 80001 333 56009 59004 60007 85070=
41759 01695 70000 10295 20267 39996 40001 60003 71011 82510 333 56990 58004 60007 82640 85460=
41764 02696 81312 10260 20231 39995 40044 60023 86570 333 56990 58070 60007 86635 85460=
41768 02996 00000 10275 20254 30048 40055 60053 333 58087 60007=
41780 01596 80912 10255 20233 39972 49998 60013 70400 86630 333 56990 58013 60007 84720 86630 88360=
41785 02596 60504 10260 20238 30039 40052 60003 84630 333 56990 58092 60007 84730 82360=
41859 02430 60000 10305 20290 30016 40052 83520 333 58004 70000 83618 86458==
41883 02430 80000 10300 20270 30033 40053 8452/ 333 58004 70000 84618 88458==
41891 01430 82803 10298 20270 30015 40053 71321 8532/ 333 59001 70000 84616 86458 81930==
41907 02440 70000 10295 20290 30037 40051 85510 333 58005 70000 85615 87458==
41923 02445 30000 10304 20250 30053 40063 81530 333 58009 70046 81616 83360==
41936 01430 40000 10280 20260 30044 40051 70522 82830 333 58007 70000 82615 84362==
41943 02430 51802 10290 20260 30058 40065 84530 333 58014 70010 84616==
41950 02450 30000 10286 20270 30054 40056 83500 333 58008 70000 83617==
41978 21456 71504 10286 20260 30063 40069 70262 84320 333 58016 60005 83618 87460 81930==
41992 01425 31203 10276 20260 30064 40066 70511 82530 333 58009 70000 82616 83362==
42027 21895 40000 10163 20157 38435 48520 70522 82032 333 58023 6009/=
42056 22996 00504 10248 20224 39636 333 58007 6992/=
42071 31996 09901 10278 20275 40067 71011 333 58016=
42101 32996 00000 10290 20282 40070 333 58013=
42111 31594 82301 10268 20251 39372 40048 71022 8683/ 333 58013 83620 84830 88360=
42123 22596 50000 10264 20258 40060 83520 333 58029 6011/ 83630 85458=
42131 32996 00000 10280 20249 40067 333 58021=
42165 32996 20902 10302 20245 40053 82030 333 58034 82360=
42182 31696 42502 10284 20262 40060 71011 82530 333 58014 82635 83360=
42189 31995 00000 10294 20275 40054 70500 333 58004=
42328 32596 31402 10284 20244 40038 83500 333 58051 83630=
42339 31695 20000 10286 20249 40065 70500 81530 333 58039 81635 83358=
42348 21595 99903 10244 20238 40084 72996 333 58031 6016/ 85625 81935 88458=
42361 21996 20000 10270 20256 40068 70500 82030 333 58020 6993/ 82360=
42369 31595 51401 10288 20263 40059 71022 83530 333 58005 81520 85360=
42379 31995 00000 10300 20278 40051 71010 333 58006=
42410 21495 60000 10298 20279 40052 71096 83330 333 59004 6001/ 83618 81925 86360=
42415 32596 80000 10312 20282 40049 8632/ 333 59006 85620 81925 88459=
42452 21596 60000 10286 20264 40061 71062 84510 333 58024 6001/=
42492 31595 50000 10308 20275 40049 71022 82530 333 58002 82620 83360=
42559 21495 80000 10234 20228 40067 72996 8572/ 333 58023 6012/ 82715 85360 88458=
42571 22496 80000 10278 20264 40055 8563/ 333 58007 6006/ 81715 85625 87360=
42623 31495 30000 10252 20241 39216 40063 71310 82330 333 58005 82618 81925 83360=
42634 22496 61602 10268 20248 40055 85600 333 58111 6007/ 86715=
42647 31596 31803 10284 20264 40069 70521 83500 333 56500 58042 83620=
42667 21596 72704 10254 20248 39493 40070 70562 83630 333 58018 6990/ 83620 85360=
42675 21596 50000 10254 20239 40052 70552 83430 333 58001 6999/ 83620 84360=
42701 21495 50000 10250 20242 39343 40056 71022 82530 333 58011 6004/ 82518 84360=
42724 31496 50000 10302 20280 40058 71322 83330 333 58009 82618 81930 84360=
42737 32596 62308 10262 20245 40063 83530 333 58058 83620 86358=
42754 21996 23203 10246 20235 39443 40069 70562 82030 333 58017 6011/ 82360=
42779 22596 40000 10252 20243 39370 40054 82530 333 58001 6006/ 82620 84360=
42798 21496 50000 10280 20252 40048 71022 82530 333 58003 6990/ 82618 84360=
42809 21595 40901 10288 20265 40051 70511 82530 333 58000 6990/ 82620 84360=
42840 32596 20000 10278 20258 40072 82500 333 58031 82620=
42867 21496 83203 10256 20244 40055 71022 8472/ 333 58003 6058/ 81710 83618 88458=
42874 32996 00000 10282 20254 40038 333 59007=
42886 21495 80000 10262 20253 40049 70522 8652/ 333 59004 6018/ 86618 88458=
42895 21596 30000 10292 20267 40042 72162 82530 333 59007 6992/ 82620=
42971 21495 70502 10280 20266 40036 71096 85330 333 57962 59013 6994/ 84618 81930 87360=
43003 31595 50000 10284 20256 40079 70522 83830 333 58023 82620 83825 84360=
43014 21496 82702 10246 20229 39433 40072 75054 86630 333 58019 6990/ 83712 84620 85360=
43041 21596 70000 10256 20242 39422 40026 71062 83510 333 59019 6993/ 83620 87458=
43063 22596 40000 10230 20215 39469 40089 84700 333 56600 58019 6006/ 82722 83626=
43086 21596 80000 10266 20248 39862 40037 70266 8487/ 333 59004 6002/=
43110 21496 81402 10262 20248 40097 70362 8677/ 333 58017 6004/ 86712 87456=
43117 32996 42301 10274 20243 40067 84030 333 58003=
43128 21496 82703 10256 20218 39459 40057 75052 8472/ 333 56699 58004 6993/ 82710 83615 88458=
43150 21496 83404 10262 20248 39947 40007 70265 8357/ 333 59030 6033/ 83618 88458=
43185 21596 82705 10248 20242 30032 40035 76265 8352/ 333 58004 6027/ 83620 88458=
43189 21596 80000 10262 20244 30013 40022 70262 8387/ 333 59022 6026/=
43192 21496 72305 10264 20253 40097 70262 83770 333 58016 6012/=
43201 22496 22304 10226 20217 39344 40067 82500 333 58011 6008/ 82615=
43213 21595 82504 10226 20211 39748 40066 76396 8382/ 333 58012 6015/=
43233 32496 72308 10226 20202 39289 40105 84632 333 56699 58012=
43237 21496 62703 10246 20234 39662 40052 70162 84730 333 58011 6006/ 81710 83615 86360=
43245 21596 82705 10278 20234 30031 40057 70262 8487/ 333 58013 6997/=
43279 21495 81803 10240 20231 30051 40069 79596 8492/ 333 57932 57952 58007 6019/ 85618 81925 88458 90994 91094 91925 99927=
43284 21296 83603 10250 20232 39988 40104 76065 8592/ 333 57952 58017 6002/ 81706 83612 81925 88458=
43295 21496 52704 10212 20184 39084 48492 70262 82531 333 58009 6007/ 82612 83358=
43314 21496 42502 10284 20264 40106 70262 83801 333 58008 6012/=
43321 31496 72312 10248 20221 39648 40094 71022 83531 333 58008 83612 85358=
43329 21596 80000 10254 20242 30066 40080 76062 8497/ 333 57912 58019 6002/=
43333 21495 82303 10252 20243 40099 76062 8542/ 333 58020 6027/ 82617 84819 88456=
43344 31496 62908 10298 20221 39986 40085 70522 83531 333 58008 83616 84360=
43353 21496 79902 10254 20250 40112 76265 83720 333 56790 58010 6037/ 83706 83614 86458=
43369 22596 40000 10256 20256 40111 84500 333 58008 6022/ 84620=
43371 21496 50000 10250 20244 30042 40115 70362 83870 333 56790 58011 6009/ 83617 84457=
43413 22470 32207 10282 20239 30090 40095 52005 83100 333 553// 20006 58006 60008 91014==
43418 22470 71803 10274 20235 30044 40085 52002 82000 333 58005 60008 555 69908==
43421 22470 22402 10259 20000 39995 40101 54005 82000 333 553// 20000 58010 60008 91006==
43424 21470 52303 10284 20251 30102 40104 51004 70182 84000 333 58011 69918 555 69918==
43436 22/70 60000 10286 20231 30086 40089 52058 333 58008 60008 555 60008==
43441 21470 72303 10250 20238 39972 40105 50008 78072 86120 333 58007 69928 555 60258==
43444 22470 70000 10228 20213 39577 40103 52012 87000 333 58005 60008 555 60088==
43450 21470 61802 10267 20255 30102 40114 50006 70282 85110 333 58005 60048 555 60088==
43466 21470 61201 10267 20239 30104 40112 5/001 70282 86100 333 55000 553// 20001 58007 60008 91003 555 60068==
43467 22468 70000 10267 20250 30106 40112 52002 87000 333 58006 60008 555 60138==
43473 21256 82806 10153 20153 38126 48492 51004 75055 88000 333 553// 20001 59002 60008 91012 555 60048==
43486 22468 83601 10242 20242 30013 40114 5/003 87000 333 553// 20000 58006 60008 91002==
43495 21470 52005 10280 20259 30095 40108 54/// 70286 85000 333 58003 69968==
43497 21470 83002 10252 20000 30089 40106 5/004 70282 85000 333 58007 60008 91005==
44212 429// 01102 10095 20057 39112 40181 52005==
44213 429// 02002 10093 20074 38801 40213 52003==
44214 42/70 23403 10110 20001 38311 40210 52008 82040==
44215 42/// 21602 10092 20032 38437 40225 52006 82040==
44217 32998 00000 10059 21010 37903 40274 51009 333 91202=
44218 429// 00000 10115 20040 38629 40213 52010==
44219 32999 00604 10113 20043 38628 40196 52015 333 91206=
44265 429// 02702 10135 20036 38849 40193 52006==
44266 319// 20310 10104 20011 37811 40199 52005 70733 81040 333 91117 91212=
50557 14/80 /1401 10105 20096 39797 40082 52007 60001 333 10229 20105 3/010 58036 70000 90761 91109==
51076 14/80 /0101 10123 20074 39352 40196 54000 60001 333 10221 20100 3/012 58057 70000 90761 91109==
51087 14/78 /0202 10141 20074 39218 40196 57001 60001 333 10218 20123 3/011 58045 70057 90761 91112==
51156 14/80 /0402 10105 20074 38736 40206 57002 60001 333 10205 20087 3/009 58057 70000 90761 91109==
51243 14/80 /3503 10219 20066 39665 40178 52001 60001 333 10283 20181 3/021 58041 70000 90761 91109==
51334 14/80 /1203 10201 20075 39795 40175 57004 60001 333 10287 20143 3/016 58023 70000 90761 91105==
51379 14/80 /1801 10127 20106 39298 40210 57005 60001 333 10202 20127 3/012 58034 70097 90761 91103==
51463 14/80 /1301 10163 20088 39061 40199 57005 60001 333 10207 20138 3/012 58029 70027 90761 91109==
51573 14/65 /0202 10260 20125 30061 40107 54000 60001 333 10368 20251 3/025 58125 70000 90761 91105==
51644 14/75 /1002 10238 20094 38925 40093 52007 60001 333 10291 20171 3/023 58066 70000 90761 91106==
51656 14/80 /0804 10215 20126 39114 40106 52006 69911 333 10258 20206 3/021 58094 70002 90761 91106==
51709 14/61 /2902 10183 20125 38607 40083 52003 60001 333 10294 20173 3/016 58002 70000 90761 91106==
51711 14/70 /0000 10127 20116 38049 40087 52010 60001 333 10246 20127 3/012 58046 70000 90761 91107==
51716 14/58 /2300 10194 20175 38883 40103 52007 60001 333 10269 20171 3/018 58028 70000 90761 91104==
51765 14/58 /0803 10244 20071 39169 40090 52003 60001 76000 333 10314 20211 3/024 58108 70000 90761 91109==
51811 14/74 /1802 10241 20104 38760 40074 52001 60001 333 10288 20173 3/019 58005 70000 90761 91107==
51818 14/80 /0000 10218 20118 38628 40090 52007 60001 333 10289 20153 3/021 58022 70014 90761 91105==
51828 14/76 /2303 10221 20142 38624 40094 54000 69911 333 10259 20191 3/020 58021 70001 90761 91105==
51886 14/57 /1103 10173 20090 37155 49996 52004 60001 333 10263 20160 3/019 58032 70001 90761 91113==
52203 14/73 /0801 10230 20075 39279 40097 52005 60001 72100 333 10330 20230 3/023 58121 70000 90761 91113==
52602 14/78 /3104 10158 20060 37291 49983 57001 60001 333 10288 20158 3/016 58044 70000 90761 91115==
52681 14/14 /2905 10242 20167 38586 40009 52016 60001 70500 333 10353 20237 3/024 58027 70000 90761 91111==
52818 14/60 /2702 10200 20084 37265 49957 52021 60001 333 10311 20195 3/019 58050 70000 90761 91108==
52908 14/80 /1001 10076 20044 35864 49967 57001 60001 333 10192 20049 3/004 58011 70000 90761 91109==
53463 14/80 /3101 10222 20116 38828 40059 57009 60001 333 10316 20169 3/020 59004 70000 90761 91106==
54857 14/49 /3201 10271 20242 30003 40091 57002 60001 71000 333 10328 20242 3/025 58009 70000 90761 91106==
55228 14/80 /2603 10134 20020 36100 49950 52016 60001 333 10208 20076 3/013 58010 70000 90761 91108==
55299 14/72 /0701 10088 21010 35940 49978 52003 60001 333 10209 20035 3/005 58004 70000 90761 91107==
55578 14/80 /1302 10124 20039 36437 49989 52005 60001 333 10226 20091 3/012 58003 70000 90761 91109==
55591 14/80 /1002 10163 20040 36574 49944 54000 60001 333 10250 20121 3/013 59006 70000 90761 91106==
55664 14/80 /1901 10093 20017 36087 40015 52005 60001 333 10199 20074 3/009 58006 70000 90761 91113==
55773 14/80 /1904 10061 20046 36095 40056 57004 60001 333 10149 20033 3/005 58001 70003 90761 91111==
56004 14/80 /2603 10080 21005 35917 49963 54000 60001 333 10208 20054 3/003 58009 70000 90761 91109==
56018 14/80 /2203 10139 20048 36271 49940 52012 60001 333 10255 20046 3/014 58018 70000 90761 91110==
56116 14/80 /2501 10164 20035 36410 49929 57001 60001 333 10269 20066 3/014 58003 70000 90761 91107==
56312 14/80 /3001 10171 20095 37124 49993 52007 60001 333 10302 20108 3/015 59017 70000 90761 91108==
57494 14/50 /0000 10265 20255 30050 40078 52001 60001 71000 333 10350 20260 3/027 58005 70000 90761 91103==
58847 14/61 /1501 10286 20248 39995 40091 57002 60001 333 10357 20266 3/027 58014 70000 90761 91108==
62306 42960 43108 10284 20218 40134 52002 80004 333 10311==
62309 42960 03506 10284 20210 40124 52004 333 10326==
62325 42960 03405 10276 20229 40128 52004 333 10340==
62332 42960 03212 10295 20225 40121 52004 333 10325==
62337 42960 03106 10289 20217 40120 52010 333 10328==
62366 45960 00110 10315 20188 40116 52012 333 10350==
62387 42960 00103 10337 20160 40109 52008 333 10383==
62393 42960 03508 10340 20142 40138 52008 333 10392==
62405 42960 03002 10372 20132 40081 52012 333 10430==
62414 41957 01711 10348 20202 40091 52009 70700 333 10409==
62419 42960 00803 10332 20220 40084 52009 333 10369==
62420 42960 03402 10331 20130 40113 52010 333 10399==
62432 42560 20210 10367 20138 40107 52008 82500 333 10424==
62435 42960 03510 10378 20131 40089 52015 333 10428==
62455 42960 03608 10325 20155 40119 52017 333 10378==
62458 42960 03307 10317 20168 40106 52017 333 10355==
62459 42960 03016 10335 20150 40080 52003 333 10346==
62465 42960 03106 10330 20205 40077 52008 333 10348==
