SMPK OPKC 310000=
41520 02695 50000 10135 20118 37658 48271 60002 83530 333 56990 58010 60007 83640 82362 90=
41848 02696 80504 10255 20233 39966 40029 60182 84530 333 56990 58042 60007 84635 84360 RH88%=
41710 12995 03104 10275 20004 39271 40007 60002 333 58024 RH17%=
41757 11995 60000 10270 20245 39992 40004 60002 70400 86030 333 56090 58009 86360 RH87%=
41715 01696 70000 10260 20231 39991 40054 60002 70522 84530 333 56990 58045 60007 84635 83360 RH84%=
41785 02696 70502 10255 20241 30026 40039 60022 83530 333 56190 58090 60007 83640 84360 RH92%=
41505 22595 80000 10115 20106 38/// 48/// 60001 8457/ 333 5699/ 58/// 83720 84640 88760 94%=
41738 02996 60000 10300 20175 39814 49986 60002 86040 333 56090 59006 60007 86460 RH47%=
41620 32696 20000 10210 20154 38552 48458 60002 82500 333 56900 58031 60007 82640 70%=
41742 12996 70000 10285 20235 39917 40017 60002 87010 333 56090 58040 87460 RH74%=
41780 01595 70710 10255 20241 39986 40013 69902 75022 86630 333 56990 59050 69907 83720 84630 86360 96110 RH92%=
41724 01996 30000 10270 20256 39994 40070 60192 70500 83030 333 56090 58071 60007 83360 RH92%=
41739 21696 80000 10260 20201 38954 48433 72120 85530 333 56990 58008 60017 85635 83360 RH70%=
41661 02696 30000 10190 20159 38352 48476 60002 82520 333 56990 58025 60007 82635 81460 82%=
41747 02996 43606 10255 20233 39974 40032 60192 84500 333 56900 58041 60007 84640  RH88% =
41725 12996 40000 10270 20256 39973 40049 60222 84030 333 56090 58048 60007 84360 RH92%=
41744 12696 70000 10200 20151 38704 48435 60062 82520 333 56990 58013 82640 85460 RH74%= 
41510 01696 80000 10150 20142 37929 48520 60142 76166 8352/ 333 56990 58023 60057 83640 85460 95%=
41516 01396 80000 10180 20164 38554 48513 60022 75062 8651/ 333 5699/ 58019 69967 82710 84640 88460 RH90%=
41507 01695 80000 10230 20215 39229 49729 69942 72162 8352/ 333 5699/ 58021 69947 83640 85460 92%=
41715 01696 70000 10260 20231 39991 40054 60002 70522 84530 333 56990 58045 60007 84635 83360 RH84%=
41759 01695 70000 10270 20249 39977 49982 60002 71011 82510 333 56990 58005 60007 82640 85460 RH88%=  
41768 02996 00000 10260 20246 30037 40044 60002  333 58071 60007 RH92%=
41697 02696 80000 10255 20241 39884 40035 60082 8452/ 333 5699/ 58031 60007 84640 84460 RH92%=
41529 02696 30000 10250 20220 39710 40080 60002 82520 333 56990 58010 60007 82640 RH 84%=
41519 02596 70000 10210 20154 38777 48524 69922 84720 333 56990 58030 60007 81730 83640 85462 RH70%=
41518 02596 81802 10194 20158 38/// 48/// 60002 8672/ 333 5699/ 5//// 60007 83710 83640 88461 82%=
41783 02696 81308 10245 20230 39999 40028 70500 84520 60022 333 56990 58071 60007 84635 84460 RH 92%=
41517 01496 80000 10140 20086 37822 48526 60002 70422 8452/ 333 5699/ 58010 60007 82710 83630 88460 70%=
41726 02696 60000 10270 20249 39963 40032 60172 83520 333 56990 58047 60007 83640 83460 RH88%=
41504 02595 80000 10120 20093 37869 48506 60072 76122 87710 333 56990 58028 60027 83720 84640 88460 Rh84%=

41530 016// 72304 10240 20210 39677 40080 60002 70522 83530 333 56990 58014 60007 83640 85360 83%=
41685 02697 30502 10205 20166 38839 48433 60002 83200 333 56900 59005 60007 83840 RH78%=

OPBKN 310000Z 05002KT 9999 SCT040 20/17 RH.78%=

41536 22596 80000 10190 20182 39020 48503 60012 8352/ 333 5699/ 58031 60007 83630 88460 95%=
41505 22595 80000 10115 20106 38/// 48/// 60001 8457/ 333 5699/ 58/// 83720 84640 88760 94%=
41506 02695 80000 10190 20167 38508 48507 69922 8452/ 333 5699/ 58020 60007 84640 85460 87%=
41507 01695 80000 10230 20215 39229 49729 69942 72162 8352/ 333 5699/ 58021 69947 83640 85460 92%=
41507 01695 80000 10230 20215 39229 49729 69942 72162 8352/ 333 5699/ 58021 69947 83640 85460 92%=
41509 02696 80000 10205 20190 38736 48486 69952 8452/ 333 5699/ 58009 69907 84635 88458RH 91%=
41510 01696 80000 10150 20142 37929 48520 60142 76166 8352/ 333 56990 58023 60057 83640 85460 95%=
41510 01696 80000 10150 20142 37929 48520 60142 76166 8352/ 333 56990 58023 60057 83640 85460 95%=
41516 01396 80000 10180 20164 38554 48513 60022 75062 8651/ 333 5699/ 58019 69967 82710 84640 88460 RH90%=
41518 02596 81802 10194 20158 38/// 48/// 60002 8672/ 333 5699/ 5//// 60007 83710 83640 88461 82%=
41519 02596 70000 10210 20154 38777 48524 69922 84720 333 56990 58030 60007 81730 83640 85462 RH70%=
41520 02695 50000 10135 20118 37658 48271 60002 83530 333 56990 58010 60007 83640 82362 90=
41523 02695 80000 10220 20213 39045 48482 60092 8472/ 333 5699/ 59007 60007 81720 83640 85460 96%=
41524 02696 80000 10215 20192 39327 40170 60052 8352/ 333 5699/ 58040 60007 83640 85458 RH 87%=
41525 12696 81304 10120 20103 37704 48407 60102 8352/ 333 5699/ 58021 83640 85460 RH89%=
41528 01696 20000 10195 20195 39168 48475 60002 70400 82500 333 56900 59010 60007 82640 100%=
41529 02696 30000 10250 20220 39710 40080 60002 82520 333 56990 58010 60007 82640 RH 84%=
41534 02696 20000 10230 20223 39675 40079 60012 81520 333 56990 58012 60007 81640 81460 96%=
41535 02696 80000 10180 20172 38692 48467 60002 84500 333 56900 58010 60007 84635 RH95%=
41536 22596 80000 10190 20182 39020 48503 60012 8352/ 333 5699/ 58031 60007 83630 88460 95%=
41565 22696 33106 10139 20135 38635 48504 60012 82530 333 56900 58035 60007 82640 81360 100%=
41567 01696 40000 10230 20215 39656 40063 60052 70402 84300 333 56900 58023 60007 84640 91%=
41572 01696 42306 10210 20210 39453 40065 60002 70411 82510 333 56990 58011 60007 82640 83460 100%=
41573 02996 00000 10150 20134 37988 48503 60002 333 58021 60007 90%=
41574 02997 00000 10135 20127 38343 48520 60002 333 58016 60007 95%=
41576 01996 10000 10230 20223 40092 60002 70400 81030 333 56090 58008 60007 81360 96%=
41577 01696 40000 10210 20203 39480 40083 60002 70421 82530 333 56990 58009 60007 82640 82360 RH 96%=
41593 01696 50000 10250 20243 39852 40060 60002 70422 82570 333 56990 58018 60007 82640 84460 96%=
41597 01996 30000 10245 20230 39787 40073 60002 70410 83030 333 56090 58003 60007 83362 92%=
41598 01996 00000 10235 20228 39787 40052 60002 70400 333 58007 60007 96%=
41599 01995 03104 10250 20235 39784 40066 60002 70400 333 58015 60007 92%=
41600 01996 33102 10250 20235 39774 40062 60002 70422 83070 333 56090 58016 60007 83462 92%=
41620 32696 20000 10210 20154 38552 48458 60002 82500 333 56900 58031 60007 82640 70%=
41624 01996 00502 10245 20230 39876 40071 60002 70420 333 58028 60007 92%=
41625 01996 30000 10240 20225 39873 40069 60002 70400 83020 333 56090 58027 60007 83460 91%=
41630 01694 60000 10260 20253 40062 69902 71022 82530 333 56990 58020 60007 82640 84360 96%=
41633 02697 70000 10240 20218 4//// 60002 83520 333 56990 5//// 60007 83640 84460 87%=
41634 02697 50000 10220 20213 3//// 4//// 60002 82640 333 56990 5//// 60007 82640 83460 96%=
41635 01996 00000 10245 20238 3//// 4//// 60002 70400 333 5//// 60007 96%=
41636 01996 20000 10265 20251 39894 40074 60002 70402 82030 333 56090 58031 60007 82362 92%=
41638 01695 50000 10260 20246 4//// 60032 71022 82570 333 56990 5//// 60007 82640 83460 92%=
41639 01696 30502 10220 20205 3//// 4//// 60002 70400 83500 333 56900 5//// 60007 83640 91% =
41640 01996 20000 10265 20244 39818 40060 60002 70400 82020 333 56090 58016 60007 82460 88%=
41641 01996 03204 10255 20233 39796 40062 60002 70400 333 58016 60007 88%=
41642 01996 10000 10245 20230 3//// 4//// 60002 70400 81030 333 56090 5//// 60007 81360 92%=
41643 01995 00000 10255 20241 39789 40057 60002 70400 333 58015 60007 92%=
41644 01696 30000 10250 20243 4//// 60002 70400 83020 333 56090 5//// 60007 83460 96%=
41646 01996 20000 10260 20246 39867 40073 60002 70422 82030 333 56090 58027 60007 82360 92%=
41652 01996 40504 10270 20241 39894 40063 60002 70400 84030 333 56090 58029 60007 84360 84%=
41661 02696 30000 10190 20159 38352 48476 60002 82520 333 56990 58025 60007 82635 81460 82%=
41669 02996 00000 10260 20246 3//// 4//// 60002 333 5//// 60007 92%=
41670 01996 00000 10270 20241 3//// 4//// 60002 70400 333 5//// 60007 84%=
41674 01696 70506 10260 20253 3//// 4//// 60002 70411 8347/ 333 56990 5//// 60007 83840 86460 96%=
41675 01996 30000 10260 20246 39919 40058 60002 70421 83030 333 56090 58028 60007 83360 92%=
41676 01996 00302 10260 20246 39933 40086 60002 70400 333 58032 60007 92%=
41678 01996 30000 10260 20238 40048 60032 70500 83020 333 56090 58029 60007 83460 88%=
41679 01996 00000 10265 20258 4//// 60002 70400 333 5//// 60007 96%=
41680 01995 00000 10260 20253 39865 40057 60002 71000 333 58048 60007 96%=
41700 01696 60000 10265 20258 39920 40042 60002 70422 83530 333 56990 58037 60007 83640 83360 96%=
41701 01696 70000 10270 20249 39923 40061 60002 70422 83520 333 56990 58035 60007 83640 84460 88%=
41710 12995 03104 10275 20004 39271 40007 60002 333 58024 RH17%=
41716 01996 40000 10265 20251 39963 40064 60022 70422 84020 333 56090 58025 60007 84460 92%=
41718 01695 80000 10260 20253 39955 40056 69942 75152 8592/ 333 5699/ 58037 69947 81935 84640 87460 96%=
41BKI 02996 30000 10235 20212 39665 40071 60002 83030 333 56090 58011 60007 83360 RH87%=
41SKP 01696 50000 10260 20246 3//// 4//// 60002 70421 83570 333 56990 5//// 60007 83640 84460 92%=
43532 01696 20000 10205 20198 39287 40072 60002 70400 83500 333 56900 58014 60007 83640 96%=
43533 02696 70000 10195 20180 39186 48477 60062 84520 333 56990 58011 60007 84640 86460 91%=
43563 02997 00504 10217 20192 39406 40080 60002 333 58012 60007 87%=

PPAA 81001 41675 55185 05512 77999=
PPBB 81001 41675 90/12 00000 01505 02508 903// 03510=
PPAA 81001 41598 55185 00502 77999=
PPAA 81001 41600 55185 07009 77999=
PPAA 81001 41624 55185 06505 77999=
PPAA 8100/ 41640 MISDA DUE TO TECHNICAL PROBLEM=
PPAA 8100/ 41646 MISDA DUE TO TECHNICAL FAULT=
PPAA 81001 41678 55185 03003 77999=
PPAA 8100/ 41718 MISDA DUE TO OVERCAST=
PPAA 8100/ 41715 NO ASCENT DUE TO CLOUDY WEATHER=
PPAA 81231 41780 MISDA NO ASCENT DUE TO RAD BALLOON SHORTAGE=
PPBB 81001 41598 90/12 00000 29002 31003 903// 32002=
PPBB 81001 41600 90/12 31002 31003 34506 903// 36007 =
PPBB 81001 41624 90/12 04502 05004 06004 9037/ 07004 01507=
PPBB 81001 41678 90/12 00000 08504 07005 903// 06005=
SMPK OPKC 310000=

PPAA 8100/ 41517 MISDA DUE TO ST CLOUDS=

PPAA 8100/ 41768 NO ASCENT DUE TO SHORTAGE OF BALLOON=
PPAA 8100/ 41715 NO ASCENT DUE TO CLOUDY WEATHER=
PPAA 81231 41780 MISDA NO ASCENT DUE TO RAD BALLOON SHORTAGE=


Data Generated from File : D:\all data handling\Rmc_lhr\2024083100.FSU.txt
31/08/24 00:59:52
______________________________________________________________
15007 05/70 /2402 10180 20129 39729 40185 57002 60001 7000/ 333 4/000 55300 0//// 20000 3//// 55059 0//// 21533 3//// 60007=
15020 05/70 /3102 10212 20108 39977 40167 54001 60001 7000/ 333 55300 0//// 20000 3//// 55042 0//// 21366 3//// 60007=
15023 05/70 /3303 10209 20132 39748 40156 57003 60001 7000/ 333 55300 0//// 20000 3//// 55055 0//// 21439 3//// 60007=
15056 05/70 /3304 10237 20099 39827 40161 55002 60001 7000/ 333 4/000 55300 0//// 20000 3//// 55023 0//// 21103 3//// 60007=
15069 05/70 /3101 10124 20110 39146 42829 57003 60001 7000/ 333 4/000 55300 0//// 20000 3//// 55069 0//// 21637 3//// 60007=
15073 05/70 /3303 10226 20113 39722 40168 57003 60001 7000/ 333 4/000 55300 0//// 20000 3//// 55025 0//// 21193 3//// 60007=
15090 05570 22901 10206 20163 30074 40163 52002 60001 7000/ 82500 333 4/000 55300 10153 20000 30000 55/// 0//// 2//// 3//// 60007 91002 91102=
15107 05/61 /1401 10121 20114 39402 42825 57002 60001 7000/ 333 55300 0//// 20000 3//// 55047 0//// 21303 3//// 60007=
15108 02298 50804 10119 20053 38156 48551 57005 60001 83840 333 55300 0//// 20000 3//// 55017 0//// 20982 3//// 60007 91006 91107=
15109 05/70 /2902 10195 20136 39749 40169 56006 60001 7000/ 333 55300 0//// 20000 3//// 55020 0//// 21056 3//// 60007=
15111 05/70 /3201 10209 20127 39903 40156 55003 60001 7000/ 333 4/000 55300 0//// 20000 3//// 55025 0//// 21093 3//// 60007=
15113 05/70 /1701 10181 20158 30002 40161 52002 60001 7000/ 333 4/000 55300 0//// 20000 3//// 55017 0//// 21008 3//// 60007=
15127 05963 43202 10137 20123 39328 42822 57002 60001 7000/ 84070 333 4/000 55300 0//// 20000 3//// 55036 0//// 21185 3//// 60007 91002 91102=
15148 05970 20701 10139 20098 38756 48534 57002 60001 7000/ 80001 333 55300 0//// 20000 3//// 55062 0//// 21632 3//// 60007 91002 91103=
15150 05/70 /3201 10188 20155 39958 40165 54001 60001 7000/ 333 55300 0//// 20000 3//// 55035 0//// 20989 3//// 60007=
15154 05970 03301 10182 20154 30015 40154 50001 60001 7000/ 333 4/000 55300 0//// 20000 3//// 55036 0//// 21257 3//// 60007 91002 91102=
15168 05/62 /0401 10157 20146 39572 42815 58003 60001 7000/ 333 4/001 55300 0//// 20000 3//// 55047 0//// 21321 3//// 60007=
15170 02997 62901 10141 20132 39416 42813 57007 60001 86070 333 55300 0//// 20000 3//// 55035 0//// 21138 3//// 60007 91001 91103=
15194 05/70 /3004 10196 20159 39880 40164 57003 60001 7000/ 333 4/000 55300 0//// 20000 3//// 55034 0//// 21012 3//// 60007=
15197 05/70 /3304 10230 20133 39950 40151 58006 60001 7000/ 333 4/000 55300 0//// 20000 3//// 55019 0//// 21066 3//// 60007=
15215 07/57 /2801 10157 20151 39590 42816 57007 60001 7101/ 333 4/000 55300 0//// 20000 3//// 55021 0//// 21040 3//// 60007=
15217 05/69 /1201 10170 20156 39519 42814 57004 60001 7000/ 333 4/000 55300 0//// 20000 3//// 55035 0//// 21156 3//// 60007=
15219 05/70 /2905 10208 20166 30030 40150 57006 60001 7000/ 333 4/000 55300 0//// 20000 3//// 55018 0//// 20959 3//// 60007=
15238 05/70 /0201 10170 20156 39570 42815 57005 60001 7000/ 333 4/000 55300 0//// 20000 3//// 55026 0//// 21164 3//// 60007=
15261 07/58 /0500 10156 20152 39383 42829 58004 69941 7101/ 333 55300 0//// 20000 3//// 55025 0//// 21170 3//// 60007=
15262 02299 60407 10117 20069 38258 48536 58003 60001 86500 333 55300 0//// 20000 3//// 55029 0//// 21166 3//// 60007 91009 91109=
15265 05/70 /3504 10217 20166 30073 40145 56011 69911 7000/ 333 4/000 55300 0//// 20000 3//// 55015 0//// 20994 3//// 69917=
15280 01093 80412 10060 20049 37565 47138 57009 60021 74184 885// 333 55300 0//// 20001 3//// 55000 0//// 20251 3//// 60007 91017 91117=
15300 05997 52702 10169 20149 39558 42814 57008 60001 7000/ 85070 333 55300 0//// 20000 3//// 55046 0//// 21335 3//// 60007 91004 91104=
15301 01570 60301 10135 20100 38664 48547 57007 69991 70182 82360 333 55300 0//// 20000 3//// 55024 0//// 21073 3//// 60007 91005 91106=
15302 07/42 /1201 10128 20125 38958 48531 57008 69961 7101/ 333 55300 0//// 20000 3//// 55012 0//// 20890 3//// 60007=
15307 05/70 /3305 10228 20138 39957 40135 58016 60001 7000/ 333 4/001 55300 0//// 20000 3//// 55034 0//// 21243 3//// 60007=
15310 05/70 /0201 10202 20174 30059 40142 55001 60011 7000/ 333 55300 10133 20000 30000 55017 00334 21014 30900 60007=
15324 05/70 /0702 10199 20113 39386 42808 58003 69911 7000/ 333 4/000 55300 0//// 20000 3//// 55011 0//// 20688 3//// 60007=
15325 05570 63602 10138 20094 38515 48526 57007 69911 7000/ 83370 333 4/000 55300 0//// 20000 3//// 55020 0//// 21046 3//// 69917 91005 91108=
15328 05/70 /3402 10206 20154 39812 40149 58011 69911 7000/ 333 4/001 55300 0//// 20000 3//// 55025 0//// 21119 3//// 69917=
15335 05570 53302 10208 20182 30123 40130 57007 60001 7000/ 85500 333 55300 0//// 20000 3//// 55031 0//// 20932 3//// 60007 91003 91103=
15336 05/68 /3503 10206 20186 30122 40123 56007 60001 7000/ 333 4/000 55300 0//// 20000 3//// 55042 0//// 21016 3//// 60007=
15349 05/70 /3301 10192 20141 39619 40153 58006 60001 7000/ 333 4/000 55300 0//// 20000 3//// 55031 0//// 21082 3//// 60007=
15350 01970 23303 10220 20158 30027 40141 58014 69911 70198 82060 333 4/000 55300 0//// 20000 3//// 55004 0//// 20706 3//// 69917 91004 91105=
15360 05970 60210 10247 20208 30103 40119 57005 60001 7000/ 86070 222// 06226 20002 333 55054 60007 91012 91112 92438=
15375 05570 73302 10204 20147 39805 40151 58005 60001 7000/ 82570 333 4/000 55300 0//// 20000 3//// 55023 0//// 21017 3//// 60007 91003 91104=
15377 05/70 /3602 10230 20142 39934 40140 58008 60001 7000/ 333 55300 0//// 20000 3//// 55010 0//// 20697 3//// 60007=
15387 05/70 /0505 10244 20200 30117 40120 58004 69971 7000/ 333 4/000 55300 0//// 20000 3//// 55026 0//// 20891 3//// 60007=
15402 07/70 /3301 10201 20177 30067 40139 58007 60011 723// 333 55300 0//// 20000 3//// 55025 0//// 21051 3//// 60017=
15405 05/70 /3604 10199 20176 30080 40141 57005 69951 7000/ 333 4/000 55300 0//// 20000 3//// 55009 0//// 20831 3//// 69957=
15406 05/70 /3602 10203 20182 30080 40125 58007 60001 7000/ 333 4/000 55300 0//// 20000 3//// 55006 0//// 20597 3//// 60007=
15408 05/70 /0305 10210 20169 39867 40122 58008 60001 7000/ 333 4/001 55300 0//// 20000 3//// 55010 0//// 20627 3//// 60007=
15409 05/70 /3607 10211 20189 30073 40118 58007 60001 7000/ 333 4//// 55300 0//// 20000 3//// 55006 0//// 20641 3//// 60007=
15419 05570 80302 10229 20141 39964 40150 58005 60001 7000/ 8437/ 333 4/000 55300 0//// 20000 3//// 55016 0//// 20862 3//// 60007 91004 91104=
15420 05570 80402 10232 20150 30035 40141 54001 60001 7000/ 883// 333 4/000 55300 0//// 20000 3//// 55018 0//// 20979 3//// 60007 91004 91105=
15421 02570 80602 10222 20161 30045 40152 54001 60001 883// 333 4/000 55300 10257 20000 30000 55028 00411 21104 30832 60007 91004 91106=
15422 05570 70502 10238 20152 30043 40140 54001 60001 7000/ 83370 333 55300 0//// 20000 3//// 55018 0//// 21019 3//// 60007 91004 91108=
15425 05570 83404 10204 20177 30070 40132 57006 69941 7000/ 8457/ 333 4/000 55300 0//// 20000 3//// 55013 0//// 20950 3//// 60007 91006 91106=
15434 01570 70603 10210 20151 39948 40150 57006 69911 72582 84370 333 4/000 55300 0//// 20000 3//// 55035 0//// 21243 3//// 69917 91005 91106=
15444 05/70 /3504 10213 20184 30055 40124 58009 60001 7000/ 333 4/000 55300 0//// 20000 3//// 55000 0//// 20592 3//// 60007=
15455 05/70 /0202 10228 20144 30017 40142 57004 60001 7000/ 333 4/001 55300 0//// 20000 3//// 55017 0//// 21040 3//// 60007=
15460 01566 83402 10207 20182 30104 40128 57009 60021 72582 889// 333 4/000 55300 0//// 20000 3//// 55004 0//// 20619 3//// 69937 91004 91104=
15462 01570 83403 10216 20186 30034 40117 58010 60001 71722 889// 333 4/000 55300 0//// 20000 3//// 55011 0//// 20793 3//// 60007 91005 91105=
15470 05570 63502 10228 20148 30022 40142 57005 60001 7000/ 82370 333 55300 0//// 20000 3//// 55012 0//// 21018 3//// 60007 91003 91103=
15475 06/// /2701 10192 20187 30114 40134 57004 69981 333 55300 0//// 20000 3//// 55018 0//// 20903 3//// 69927=
15479 07/62 /3302 10200 20190 39937 40123 57008 60021 7616/ 333 55300 0//// 20000 3//// 55007 0//// 20812 3//// 60017=
15480 05570 70901 10232 20199 30092 40109 55009 60001 7000/ 87900 222// 0//// 2//// 333 4/000 55300 10076 20000 30000 55010 00346 20923 30807 60007 91006 91106 92428=
15489 05570 73102 10219 20141 30051 40140 58006 60001 7000/ 84370 333 55300 0//// 20000 3//// 55012 0//// 20987 3//// 60007 91003 91103=
15491 01568 82400 10206 20186 30109 40139 55007 69911 70282 8337/ 333 55300 0//// 20000 3//// 55023 0//// 21175 3//// 69917 91001 91103=
15499 07/12 /2803 10185 20185 30108 40117 55008 61371 7636/ 222// 0//// 2//// 333 55004 61037=
15549 11570 63201 10183 20165 39731 40129 58006 69941 70182 86500 333 10214 20181 555 589// 70000=
15552 11560 63405 10212 20185 30052 40098 57014 60011 70162 84530 222// 00268 10201 333 10216 20189 555 40070 585// 70039 92025 92427=
15640 11670 73607 10226 20187 39825 40120 57009 69901 70182 86350 333 10226 20209 555 579// 70000=
15655 12568 53204 10228 20173 30083 40114 53005 60001 85800 222// 00258 10201 333 10239 20221 555 571// 92024 92427=
15730 12970 40000 10206 20140 39747 40124 58010 60001 81038 333 10239 20205 555 566//=
16627 12560 20000 10244 20174 30110 40115 56003 60001 81150 333 90730 91106 555 40000 47616 44240 50000 50200=
16650 12960 10504 10246 20207 30103 40111 57007 60001 80001 333 90730 91109 555 40000 47613 44260 50000 50220=
16723 12960 00106 10264 20157 30082 40095 57003 60001 333 90730 91111 555 40000 47599 44260 50000 50198=
16732 36/// /3608 10258 20196 30099 40110 57008 333 90730 91112=
16742 12960 03110 10250 20204 39946 40094 57005 60001 333 90730 91113 555 40000 47500 44280 50000 50220=
16749 12460 12412 10266 20222 30067 40080 57011 60001 81100 333 90730 91116 555 40000 47587 44250 50000 50236=
16754 12560 11704 10240 20210 30068 40115 58007 60001 81100 333 90730 91109=
16760 12960 00404 10230 20206 40120 52028 60001 333 90730 91109=
17031 12560 21503 10207 20203 30095 40101 55006 60001 82100 333 82830 91105=
17034 12970 41002 10229 20195 30068 40112 55001 60001 84030 333 84360 91104 92428=
17038 12670 52103 10233 20196 30059 40104 57003 60001 85200 333 85835 91118 92428=
17056 12970 03003 10216 20168 30107 40111 58005 60001 333 91108 92428=
17060 12560 42806 10215 20190 30068 40114 57009 60001 84100 333 84822 91113=
17084 12670 23301 10188 20176 39237 40084 53001 60001 82100 333 82840 91109=
17092 12960 01102 10168 20127 38823 48480 55000 60001 333 91122=
17096 12960 00509 10128 20095 38232 48482 55001 60001 333 91129=
17098 11660 42003 10118 20105 38207 48498 51003 60021 70291 82130 333 82835 84357 91124=
17100 11670 43102 10219 20151 39144 40066 50000 60031 70292 82130 333 82840 84358 91114=
17115 12660 52703 10211 20171 30067 40115 58003 60001 83130 333 83835 84360 91113=
17116 12970 02302 10215 20169 39996 40111 56003 60001 333 91106=
17124 12960 02507 10174 20146 39234 40099 58002 60001 333 91113=
17128 12970 30000 10181 20120 39048 40077 56001 60001 83030 333 83361 91113=
17150 12960 00000 10202 20158 39991 40107 55002 60001 333 91110=
17160 12970 03403 10180 20104 38980 48484 58001 60001 333 91109=
17170 12660 21802 10177 20097 38309 48468 50000 60001 82100 333 82840 91107=
17184 12670 20501 10221 20143 39993 40097 56001 60001 82100 333 82840 91106=
17190 12670 13601 10176 20125 38962 48491 57005 60001 81100 333 81835 91109=
17190 12670 13601 10176 20125 38962 48491 57005 60001 81100 333 81835 91109=
17195 12970 00907 10171 20105 38937 48487 51003 60001 333 91113=
17200 12960 03107 10257 20088 39128 40028 50000 60001 333 91123=
17202 12970 02306 10220 20087 39068 40024 52003 60001 333 91115=
17203 12970 00000 10206 20100 38822 48504 52005 60001 333 91105=
17219 12965 00208 10243 20179 39963 40098 56003 60001 333 91120=
17234 12970 00000 10235 20180 30028 40092 55003 60001 333 91106=
17240 12570 23103 10211 20114 39000 40065 57005 60001 82100 333 82830 91113=
17244 11670 32502 10178 20129 38962 48489 57006 60001 70291 83100 333 83840 91123=
17250 12970 00302 10168 20104 38776 48487 56001 60001 333 91108=
17260 12960 02810 10242 20166 39246 49997 57006 60001 333 91116=
17280 12960 02505 10234 20092 39283 40003 52001 60001 333 91113=
17292 12970 03002 10217 20136 39364 40068 56006 60001 333 91106=
17300 12960 03505 10262 20167 30003 40070 57012 60001 333 91115=
17310 12970 00702 10287 20221 30048 40055 57009 60001 333 91104 92428=
17350 12560 40505 10253 20206 39992 40065 54000 60001 84200 333 84830=
17370 12670 32505 10287 20237 30070 40074 57013 60001 83200 333 83835 91113 92438=
33088 32997 00000 10145 20114 30012 40198 57001 555 1/014=
33135 329// 00601 10146 20100 30064 40208 58003 555 1/015=
33177 32997 00000 10153 20128 39966 40196 58003 555 1/015=
33317 329// 00000 10160 20116 39867 40193 58004 555 1/016=
33393 31959 30000 10153 20148 39817 40196 54000 71000 83030=
33415 32997 00000 10194 20137 39807 40186 58003 555 1/016=
33429 32997 40401 10172 20108 39780 40186 58003 80001 555 1/015=
33466 32970 00000 10167 20114 30003 40184 58003 555 10016=
33506 32597 70602 10228 20046 39996 40181 52001 87500 555 1/020=
33562 32960 03202 10160 20135 39897 40191 56003 555 1/016=
33587 329// 00000 10196 20090 39922 40172 58006 555 1/017=
33658 32967 33204 10177 20150 39892 40179 57001 83030 555 1/017=
33663 32997 00000 10172 20113 30080 40172 52002 555 1/017=
33664 42997 00102 10195 20082 39868 40170 58002=
33678 42997 02801 10188 20060 39984 40182 52004=
33679 42997 03301 10208 20112 39990 40171 58001=
33711 32960 60504 10225 20073 39962 40160 57003 86030 555 1/021=
33745 42597 30602 10215 20078 39996 40174 54000 82930 555   10019=
33748 42597 61002 10223 20117 39886 40155 58001 86300=
33754 42997 00201 10217 20127 30022 40161 54000=
33761 32998 03501 10177 20093 39950 40164 57003 555 1/016=
33791 /1568 80604 10261 20067 30034 40153 55001 72522 8435/ 333 84920 555 1/025 69901=
33815 42998 03602 10223 20077 39952 40148 58003 555   10017=
33837 32975 63301 10213 20108 30085 40134 58008 86030 555 1/018=
33881 42598 53402 10205 20113 39961 40148 58006 85500=
33883 42597 73402 10203 20123 39986 40142 57004 87300 555   10017=
33885 42997 80202 10211 20134 30027 40152 57003 8805/=
33892 42997 30203 10200 20082 39941 40145 57009 83050=
33902 32597 60402 10220 20088 30073 40129 57012 86500 555 1/017=
33924 42997 50902 10206 20186 30105 40117 57011 85070=
33946 42980 81203 10214 20178 39898 40106 57008 86031=
33983 41597 72905 10209 20194 30034 40091 57016 70298 86330=
34300 32697 30801 10224 20040 30027 40195 56001 83500 555 1/020=
34336 42997 00302 10206 20014 30109 40207 52003=
34344 82998 00000 10134 20134 30121 40206 52002=
34356 82998 00805 10218 20089 30074 40213 52003 333 91110=
34357 82998 01003 10191 20083 30058 40206 52005=
34398 429// 00705 10192 20104 30212 40222 52009 555 10018=
34415 32997 00000 10176 20079 30089 40182 53003 555 1/015=
34438 82/// /0605 10205 20035 30008 40189 54001=
34445 82998 02802 10120 20028 30092 40204 53002=
34461 82997 00502 10188 20066 30155 40208 52005=
34473 429// 20604 10205 20084 30176 40213 52004 80003 555 10018=
34476 82998 00605 10213 20086 30200 40207 53007=
34504 32981 00504 10247 20055 39994 40157 57005=
34535 82998 01202 10201 20027 30110 40178 54001=
34545 82998 00802 10186 20040 30080 40186 52002=
34555 82998 03202 10206 20108 30110 40197 50001=
34560 42997 00905 10182 20057 30021 40203 52005=
34578 82997 00903 10204 20053 30184 40191 52001=
34579 82998 00302 10208 20020 30154 40196 52002=
34644 82997 00603 10217 20044 30097 40169 54000=
34646 82998 30602 10229 20149 30095 40172 57003 80001=
34655 82997 00403 10181 20016 30120 40178 57007=
34662 82998 03502 10172 20042 30176 40187 57002=
34691 42998 01102 10209 20068 30205 40193 52002 555 10019=
34720 82998 60504 10235 20093 30111 40148 52005 82044 333 91110=
34727 82997 00905 10250 20062 30102 40132 52004 333 91010 91110=
34743 82997 00602 10181 20020 30085 40170 57001=
34759 82997 30603 10185 20047 30041 40166 58005 80001=
34772 82997 00402 10175 20036 30176 40179 58006=
34785 82997 00303 10177 20048 30201 40179 57002=
34798 42997 00204 10182 20099 30205 40177 57002 555 10016=
34824 82597 80803 10257 20100 30107 40112 52002 885//=
34838 42997 80703 10237 20053 30037 40127 52002 8805/=
34845 82998 20902 10193 20040 30047 40149 53005 80001=
34858 42997 00000 10188 20036 30050 40153 55005=
34861 82997 00804 10192 20046 39931 40161 57006=
34866 82997 00504 10186 20061 30168 40160 57006=
34880 82997 00403 10222 20074 30193 40168 57005=
34887 82998 00302 10179 20107 30181 40162 57008=
34949 82998 50907 10182 20117 39619 40137 57002 85030 333 91010 91113=
34954 82598 20601 10175 20064 39980 40146 52002 82500=
34958 42598 80000 10178 20064 39956 40146 56003 885//=
34975 42998 00803 10190 20140 30150 40146 57008=
34984 82997 00303 10187 20158 30182 40153 57007=
35217 429// 00503 10150 20077 30198 40236 52007 555 10013=
35302 429// 00805 10165 20107 30216 40236 52008 555 10015=
35315 429// 00303 10158 20085 37167 40221 52004 555 10014=
35344 419// 60304 10149 20104 39939 40213 51009 70282 86060 555 11014=
35345 46/// /0504 10128 20091 39907 40216 51009=
35358 429// 00502 10145 20071 30023 40185 52007 555 10012=
35368 429// 53504 10136 20095 39929 40184 53003 85070 555 10013=
35386 42998 30000 10102 20069 39668 40166 57002 83030 555 10011=
35394 42598 70000 10128 20091 39511 40151 57006 86930 555 10013=
35404 429// 00606 10204 20113 30211 40219 52009 555 10019=
35406 429// 00504 10188 20092 30216 40218 52008 555 10018=
35416 429// 01003 10151 20090 30094 40209 51001 555 10014=
35426 429// 03402 10149 20091 39925 40202 52002 555 10012=
35437 429// 20403 10148 20105 39897 40195 53004 80003 555 10014=
35449 429// 00000 10195 20095 30066 40170 56004 555 10018=
35497 415// 20000 10126 20115 39391 40145 57005 70281 82900 555 11011=
35498 41698 83401 10120 20081 39318 40150 57007 70282 885// 555 11011=
35514 42998 00504 10191 20093 30208 40204 52007 555 10017=
35519 42998 00204 10186 20086 30125 40192 54000 555 10015=
35522 429// 00104 10169 20085 39954 40192 58004 555 10010=
35542 429// 00305 10182 20073 30047 40185 52009 555 10016=
35563 42998 22901 10136 20075 39442 40170 53002 82030 555 10009=
35576 426// 20301 10142 20049 39730 40154 58007 82100 555 10012=
35582 42598 62102 10126 20093 39582 40150 57004 86900 555 11011=
35594 42599 82201 10155 20089 39353 40136 57007 889// 555 10011=
35605 42998 00306 10200 20127 30209 40189 52006 555 10016=
35633 415// 60101 10193 20141 39965 40164 57002 71798 86300 555 10019=
35671 42998 03301 10141 20080 39752 40158 54000 555 10011=
35699 429// 00000 10140 20082 39439 40150 57006 555 10009=
35700 42998 00603 10211 20107 30202 40180 53002 555 10016=
35715 42997 00603 10208 20097 30182 40168 54000 555 10018=
35739 425// 30000 10194 20101 30026 40156 54000 71300 83900 555 18015=
35746 429// 20303 10210 20092 30093 40156 57001 82030 555 10018=
35777 429// 00000 10128 20053 39891 40221 52009 555 10008=
35796 42997 00502 10146 20130 39738 40147 57005 555 10012=
35816 46/// /0503 10214 20053 30167 40178 55001=
35849 429// 00000 10193 20125 30070 40150 57003 555 10014=
35895 42997 60000 10159 20094 39734 40150 57003 86030 555 10014=
35907 42998 00405 10220 20188 30171 40143 57012=
35925 429// 02901 10179 20027 30054 40159 56002 555 10018=
35927 429// 00000 10183 20054 30151 57002=
35953 429// 00302 10190 20091 30024 40144 57005 555 10017=
35969 429// 00000 10141 20069 39984 40148 57004 555 10012=
35997 429// 00000 10130 20073 39737 40148 57005 333 91104 555 10010=
36259 62599 31401 10026 20000 38280 48547 52003 60002 82901 333 20020 30001 55074=
36335 41599 80000 10138 20111 39198 40157 53003 70262 8802/ 555 11013=
36358 42699 70000 10144 20065 39196 40136 57004 87300 555 10013=
36394 42597 83401 10166 20090 39752 40145 58007 883//=
36397 42699 72302 10176 20051 39621 40147 58007 86570 555 10016=
36403 42698 81102 10176 20097 39811 40145 54000 889// 555 10016=
36418 42999 42404 10141 20068 39590 40167 57004 84030 555 10011=
36421 42699 70000 10105 20099 39643 40179 57006 87500 555 10011=
36428 42799 61701 10111 20079 39696 40172 57010 83549 333 95000 555 10010=
36439 42998 61207 10103 20051 38987 48531 57006 86030 555 11008=
36467 42998 30000 10090 21015 39261 40164 57005 83030 555 10008=
36498 42698 10802 10120 20060 39417 40165 57002 81500 555 10010=
36501 42999 70000 10170 20116 39437 40133 57007 87030 555 10016=
36535 42999 22801 10086 20036 39582 40188 57003 82030 555 10007=
36546 42699 22903 10112 20078 39667 40179 57003 82300 555 10010=
36619 42999 00502 10131 20079 555 10012=
36622 42998 00000 10117 20057 39412 40173 56004 555 10008=
36639 42999 00000 10056 20030 39596 40184 57007 555 10005=
36643 42999 02502 10127 20041 39546 40171 56002 555 10009=
36665 42999 01903 10146 20066 39486 40166 57003 555 10013=
36666 42999 01402 10100 20075 39708 40178 57001=
36729 42998 00000 10108 20077 39700 40158 57004 333 91109 555 10010=
36736 42999 02501 10117 20081 39658 40184 57008 555 10009=
36744 42998 00000 10131 20060 39711 40135 57012 333 91104 555 10012=
36770 42999 00000 10088 20072 39469 40165 57010 333 91106 555 10009=
36786 42999 00000 10149 20058 39289 40151 57008 333 91106=
36796 41/92 90000 10040 20026 39034 48501 56007 74741 333 91102=
36803 42999 01801 10192 20113 39733 40148 57009 333 91107=
36806 42999 01306 10164 20048 39715 40152 58025 333 91114=
36819 42998 01601 10146 20068 39566 40142 57007 333 91107=
36821 41996 00000 10127 20106 39684 40148 57005 71000 333 91105=
36839 42999 03201 10093 20058 39087 40170 57010 333 91107=
36843 42998 02304 10142 20021 39045 40154 57009 333 91110=
36846 429// 00903 10093 20043 38624 48514 57010 333 91110=
36859 42999 00000 10150 20100 39428 40165 57006 333 91105 555 10011=
36870 429// 01301 10148 20081 39178 40131 57009 333 91103 555 10013=
36874 42999 01804 10099 20052 39408 40153 57009 333 91111=
36877 42999 00000 10079 20060 39213 40155 57023 333 91107=
36885 42999 01602 10124 20064 39076 40149 57013 333 91108=
36889 42999 00000 10050 21091 37110 47142 57006 333 91103=
36894 42999 00906 10181 20082 39444 40133 57009 333 91114=
36905 42999 01201 10133 20048 38752 48516 57008 333 91106=
36911 42999 00000 10128 20090 39212 40141 57007 555 10010=
36927 42998 03602 10123 20068 38370 48530 58004=
36934 42999 12002 10134 20025 38287 48412 56005 80040=
36953 42999 00000 10058 20045 38245 48508 57005 333 91108 555 1/005=
36963 42999 01401 10031 21037 37100 48/// 57004 555 10001=
36974 429// 00902 10079 21002 38008 48549 54000 555 10004=
36982 42999 00000 11024 21047 36614 47172 57002=
37018 82697 70502 10229 20205 30034 40105 54000 86904=
37031 82997 80803 10226 20138 39936 40119 57002 8807/ 333 91110=
37054 82597 60000 10200 20144 39773 40136 55003 86500=
37061 82997 20602 10181 20117 39983 40144 57005 80005=
37085 82996 50503 10173 20152 30167 40140 57005 85030=
37171 41996 40000 10225 20217 30083 40100 58010 70198 80001=
37228 82597 70000 10183 20150 39327 40115 57001 87500=
37235 82597 71501 10196 20173 39819 40117 52001 8750/=
37472 82997 01602 10231 20190 30154 40133 54000=
38149 42998 03001 10139 20051 30082 40156 57003 555 10011=
38262 429// 00101 10150 20092 30073 40152 57005 555 10011=
38264 42998 03502 10170 20070 30058 40148 52001 333 00015 555 10014=
38345 42998 00000 10097 20025 38791 48495 57005 555 10008=
38353 429// 01401 10162 20064 39282 40137 57006=
38388 42998 00000 10214 20088 30083 40150 58001 555 18017=
38392 42997 00103 10185 20082 30038 40136 57002 555 10018=
38396 42997 00402 10176 20065 30021 40140 53001 333 00017 555 10016=
38403 429// 00203 10224 20082 30019 40133 58007 555 10019=
38413 429// 00902 10230 20013 39858 40130 54000 555 10018=
38457 42997 00301 10177 20095 39552 40110 52002 555 10010=
38462 429// 00000 10101 20040 38753 48496 57003 555 10005=
38462 429// 00000 10101 20040 38753 48496 57003 555 10005=
38507 42996 00705 10228 20009 30020 40117 57003 555 10020=
38545 42998 03501 10178 20046 39954 40122 57003 555 10013=
38565 329// 00000 10120 20040 39540 40111 53001 555 10009=
38579 329// 00000 10173 20132 39706 40104 57002 555 10014=
38583 32997 00901 10163 20134 39803 40110 53001 333 00012 555 10013=
38599 42997 02401 10180 20111รยก 39626 40115 53004=
38611 42997 03501 10191 20099 39573 40104 57004 333 00018 555 10018=
38613 429// 00102 10160 20076 39268 40131 54000 555 10014=
38616 429// 00000 10152 20183 39162 40134 56009=
38618 429// 00000 10175 20132 39446 40100 57004 333 00014 555 10014=
38647 42997 00803 10216 20025 30060 40100 54000 555 10018=
38656 42998 00202 10216 20041 39019 40124 57005 555 10020=
38683 42997 03403 10180 20076 39845 40109 53003 333 00/// 555 10014=
38687 42997 00203 10203 20097 39892 40115 57001 555 10019=
38696 329// 00902 10169 20115 39297 40114 53001 333 00014 555 10014=
38713 429// 01801 10150 20056 39017 48510 56003=
38750 42997 01301 10204 20177 30138 40111 57004 555 10020=
38763 42997 01002 10216 20050 30017 40117 54000 555 10019=
38774 42995 00000 10213 20093 39931 40117 58015 555 10016=
38799 42997 02901 10190 20053 39889 40110 57002 555 10017=
38806 42997 00000 10168 20132 39838 40087 53001 555 10017=
38812 42997 00000 10169 20078 39652 40086 53005 555 10016=
38836 429// 00000 10180 20082 39183 40072 53003=
38880 42997 00000 10198 20060 39874 40117 54000 555 10021=
38886 42997 02901 10176 20077 39906 40125 57002 555 10015=
38895 42996 00000 10162 20095 39841 40121 57002 555 10015=
38911 42997 01201 10192 20071 39817 40098 54000 555 10019=
38915 42997 00000 10198 20114 39796 40104 53015 555 10017=
38927 32960 00402 10181 20080 39741 40101 51005 555 10019=
38933 429// 00000 10167 20125 39626 40120 54000=
38944 429// 03603 10208 20077 39538 40043 52002=
38974 42998 02301 10198 20067 39793 40111 57003 555 10021=
38987 42996 02201 10150 20068 39414 40133 54000 555 10011=
40030 32970 02201 10254 20186 40089 57003=
40080 32965 02005 10215 20172 39400 4//// 57010=
40100 43970 11605 10280 20202 30089 40104 57013 6///1 333 58///=
40180 12560 32402 10272 20211 30050 40097 57013 60001 83500 333 70000=
40199 129// /3403 10285 20183 30080 40104 57002 60001 333 70000=
40255 36/// /2707 10225 29085 3//// 4//// 5////=
40270 31958 02908 10214 20163 39241 40093 57009 70500=
40272 31950 00000 10202 20160 39308 40100 57004 70500=
40296 36/// /2701 10306 29060 4//// 5////=
40310 36/// /2704 10189 29071 4//// 5////=
40340 32960 03512 10280 20187 30045 40106 57007=
40356 32960 02912 10210 20140 39141 48491 333 59002 555 04410 50060=
40357 32960 03312 10283 20070 39442 40032 333 58001=
40360 32960 03010 10226 20150 39520 40075 333 59005=
40361 32960 02610 10269 20100 39337 40095 333 58003=
40362 32960 02506 10264 21020 39550 40028  333 58004=
40373 32960 03306 10309 20050 39627 40012 333 59003=
40375 32960 03309 10262 20130 39246 40064 333 58004=
40394 32960 02904 10284 20070 38993 48505 333 58002 555 04410 50040=
40394 32960 02904 10284 20070 38993 48505 333 58002 555 04410 50040=
40400 32960 02808 10312 20240 30034 40061 333 59001=
40405 32960 02808 10283 20040 39344 40031 333 58007=
40417 32960 03107 10325 20070 39974 49988 333 59004=
40420 32960 03009 10323 20070 39796 49992 333 59003=
40430 12660 60306 10256 20200 39362 40080 60372 86500 333 59009 86640=
40437 32960 02706 10302 20010 39359 40010 333 59004=
40439 32660 21804 10340 20180 30030 40048 82500  333 59004 82640=
40582 31958 03414 10350 20113 40000 55002 70500 333 00034 55300 00000 10210 20000 30000 41261 51471 60000 55407 40000 90467 91017 91123 91217 91313=
40703 12960 00406 10224 20140 38877 40040 52015 60001 333 70000 555 10172 29059=
40706 12965 00705 10218 20115 38617 40030 53005 60001 333 70000 555 10157 29052=
40712 12960 03502 10176 20126 38635 40029 52008 60001 333 70000 555 10146 29072=
40713 12662 11008 10223 20122 38611 49999 53006 60001 81400 333 70000 555 10162 29053=
40718 12960 02201 10232 20193 30138 40111 55001 60001 333 70000 555 10207 29079=
40723 12970 00000 10146 20016 38941 40107 54000 60001 333 70000 555 10086 29041=
40726 12960 00000 10198 20099 38607 40014 52003 60001 333 70000 555 10141 29053=
40727 12960 00000 10192 20042 38443 40008 51002 60001 333 70000 555 10114 29037=
40732 12560 10000 10240 20203 30122 40099 57001 60001 81500 333 70000 81627 555 10216 29080=
40736 12960 00000 10232 20209 30130 40106 55005 60001 333 70000 555 10217 29087=
40737 12960 01701 10210 20183 30088 40105 55003 60001 333 70000 555 10194 29085=
40738 12960 00000 10189 20161 30117 40119 55004 60001 333 70000 555 10172 29084=
40739 12965 03502 10187 20008 38672 40071 56003 60001 333 70000 555 10102 29030=
40741 12960 01802 10183 20048 39789 40103 58004 60001 333 70000 555 10117 29041=
40743 12965 00705 10208 20011 39039 40084 57002 60001 333 70000 555 10114 29027=
40745 12962 01202 10160 20062 39019 40106 57007 60001 333 70000 555 10110 29052=
40747 12960 00105 10244 21015 38588 49997 52008 60001 333 70000 555 10120 29018=
40754 12960 00000 10241 21002 38801 40054 53002 60001 333 70000 555 10123 29020=
40762 12962 00000 10132 21024 38540 40080 58002 60001 333 70000 555 10065 29034=
40766 12960 01002 10205 20064 38632 49991 50002 60001 333 70000 555 10129 29040=
40768 12960 02701 10144 20010 38239 40020 53001 60001 333 70000 555 10080 29040=
40769 11957 02902 10206 21013 38279 40013 55003 60001 70600 333 70000 555 10102 29023=
40780 12960 00101 10220 20099 38615 49992 58007 60001 70500 333 70000 555 10150 29046=
40782 12965 01302 10200 21001 38787 49990 52002 60001 333 70000 555 10105 29026=
40785 12960 00000 10209 21043 39030 40045 54000 60001 333 70000 555 10100 29018=
40791 12965 00000 10227 21104 39277 40044 52006 60001 333 70000 555 10099 29010=
40792 12962 00000 10167 21064 38686 40054 55001 60001 333 70000 555 10074 29020=
40800 12970 00000 10194 21029 38441 40032 53003 60001 333 70000 555 10093 29022=
40809 12960 00704 10171 21054 38468 40025 57003 60001 333 70000 555 10077 29021=
40811 12960 03003 10316 20109 39948 49972 58002 60001 333 70000 555 10195 29028=
40812 12960 02401 10297 20071 39618 49962 57008 60001 333 70000 555 10172 29024=
40818 12960 03003 10171 21054 37974 40007 52001 60001 333 70000 555 10074 29021=
40821 12960 03002 10233 21076 38749 40032 55001 60001 333 70000 555 10103 29012=
40829 12960 03513 10265 20030 39505 40036 58002 60001 333 70000 555 10146 29022=
40831 12960 03005 10309 20127 39985 49993 57006 60001 333 70000 555 10200 29033=
40833 11958 03302 10287 20114 39958 49987 55001 60001 70500 333 70000 555 10186 29034=
40835 12960 00000 10259 20080 39213 49978 56005 60001 333 70000 555 10159 29032=
40841 12960 00000 10165 21059 38226 40021 53003 60001 333 70000 555 10071 29021=
40848 12960 00000 10238 20066 38461 49960 55003 60001 333 70000 555 10142 29033=
40851 12960 00000 10207 21060 38230 49986 54000 60001 333 70000 555 10091 29016=
40854 12960 02704 10245 21079 38887 40008 55002 60001 333 70000 555 10109 29011=
40856 12960 01802 10164 21018 38605 40049 56006 60001 333 70000 555 10083 29029=
40859 12960 22602 10254 20021 38628 49960 55002 60001 82030 333 70000 82360 555 10134 29022=
40875 11940 00103 10301 20240 39977 49988 56006 60001 70500 333 70000 555 10258 29070=
40879 12960 00204 10297 20002 39375 40002 53002 60001 333 70000 555 10151 29015=
40882 11650 21204 10332 20298 39946 49978 55000 69901 71092 82100 333 79999 82840 555 10306 29082=
40883 11940 01103 10335 20262 39954 49976 56004 60001 70500 333 70000 555 10282 29066=
40893 11950 01108 10303 20275 39977 49982 55004 60001 71000 333 70000 555 10283 29085=
40898 11550 31204 10294 20276 39988 49997 51005 60001 71000 83600 333 70000 83720 555 10281 29090=
41024 31640 22706 10329 20230 30023 40048 70600 82400 333 59023 82640=
41036 12560 21803 10224 20140 38551 48503 60022 82800 333 59008 82830 555 04410 50062=
41055 32560 33214 10237 20090 38354 48496 83400 333 59006 83630 555 04410 50060=
41061 32960 02704 10305 20020 39342 49997 333 59001=
41084 32960 03306 10284 20090 38817 48488 333 58004 555 04410 50016=
41112 32960 00000 10200 20070 37934 48483 333 59004 555 04410 50020=
41114 32960 00000 10202 20070 37967 48481 333 59005 555 04410 50015=
41128 32560 30000 10288 20000 38755 48475 83400 333 58003 83630 555 04410 50003=
41136 32660 30302 10332 20070 39230 49985 83400 333 58008 83640=
41140 31959 01003 10311 20260 30031 40042 70500 333 59018=
41150 31959 03114 10351 20217 49984 70600 333 58000=
41170 32960 02603 10339 20232 39973 49986 333 58005=
41176 34/66 /3002 10274 20192 39983 49989 333 58006=
41184 31940 23604 10311 20290 49984 70600 80001 333 58013=
41194 12960 41107 10338 20291 39967 49972 60001 84030 333 58006 70000 84368=
41196 11950 10806 10316 20295 39942 49981 60001 70500 81030 333 58012 81368=
41216 32560 30104 10337 20294 39971 49975 81501 333 59001 81620 83075=
41217 32560 43006 10335 20292 39942 49969 81530 333 59004 81620 84368=
41253 36/// /3405 10288 20269 39637 49983 333 0E031 55300 25022 58014=
41255 36/// /2003 10298 20202 39486 49973 333 0E032 58006=
41256 31457 21402 10302 20275 39970 49987 70501 82600 333 58011 55000 55407 55408 55507 55508 82715=
41265 36/// /1103 10294 20194 39427 49969 333 0E033 55300 20000 58006=
41267 36/// /1003 10293 20238 39982 49995 333 0E029 58018=
41268 36/// /0000 10290 20214 39943 49988 333 0E030 55300 25022 58017=
41275 36/// /1209 10284 20224 39830 49993 333 0E029 55300 20000 58009=
41288 36/// /2110 10246 20231 39977 49999 333 0E026 58012=
41316 01130 81603 10250 20250 30011 40040 69964 75352 887// 92345 333 58006 55000 55407 55408 55507 55508 69945 70006 86703 88707=
41397 51005 10280 20253 40151 5//// 70011 85776 22274 0//// 20302 80260=
41398 60620 10290 20262 40080 55010 70362 89/1/ 22200 00290 20602 80270=
41480 11556 51010 10308 20260 39992 40001 60002 70544 81501 333 59004 81620 85070=
41497 31810 10240 2//// 40191 5//// 702// 81144 22252 0//// 20802 309// 41003=
41498 73611 10130 20128 40311 52020 70222 8651/ 22243 06150 2//02=
41506 02695 80000 10190 20167 38508 48507 69922 8452/ 333 5699/ 58020 60007 84640 85460=
41508 01496 80000 10186 20177 38647 48522 60072 76162 8572/ 333 5699/ 58020 60017 82715 83635 85460=
41523 02695 80000 10220 20213 39045 48482 60092 8472/ 333 5699/ 59007 60007 81720 83640 85460=
41535 02696 80000 10180 20172 38692 48467 60002 84500 333 56900 58010 60007 84635=
41536 22596 80000 10190 20182 39020 48503 60012 8352/ 333 5699/ 58031 60007 83630 88460=
41598 70317 10270 2//// 40146 54000 70322 8/46/ 22213 06280 20402=
41600 01996 33102 10250 20235 39774 40062 60002 70422 83070 333 56090 58016 60007 83462=
41620 32696 20000 10210 20154 38552 48458 60002 82500 333 56900 58031 60007 82640=
41624 01996 00502 10245 20230 39876 40071 60002 70420 333 58028 60007=
41630 01694 60000 10260 20253 40062 69902 71022 82530 333 56990 58020 60007 82640 84360=
41640 01996 20000 10265 20244 39818 40060 60002 70400 82020 333 56090 58016 60007 82460=
41678 01996 30000 10260 20238 40048 60032 70500 83020 333 56090 58029 60007 83460=
41697 50617 10290 20248 40165 50030 703// 8/400 22273 0//// 20504 80260=
41700 01696 60000 10265 20258 39920 40042 60002 70422 83530 333 56990 58037 60007 83640 83360=
41710 12995 03104 10275 20004 39271 40007 60002 333 58024=
41715 01696 70000 10260 20231 39991 40054 60002 70522 84530 333 56990 58045 60007 84635 83360=
41718 01695 80000 10260 20253 39955 40056 69942 75152 8592/ 333 5699/ 58037 69947 81935 84640 87460=
41725 12996 40000 10270 20256 39973 40049 60222 84030 333 56090 58048 60007 84360=
41739 21696 80000 10260 20201 38954 48433 72120 85530 333 56990 58008 60017 85635 83360=
41744 12696 70000 10200 20151 38704 48435 60062 82520 333 56990 58013 82640 85460=
41759 01695 70000 10270 20249 39977 49982 60002 71011 82510 333 56990 58005 60007 82640 85460=
41768 02996 00000 10260 20246 30037 40044 60002 333 58071 60007=
41780 01595 70710 10255 20241 39986 40013 69902 75022 86630 333 56990 59050 69907 83720 84630 86360 96110=
41785 02696 70502 10255 20241 30026 40039 60022 83530 333 56190 58090 60007 83640 84360=
41859 32430 60000 10295 20290 30005 40041 83520 333 56990 59004 70000 83618 86458=
41883 32450 80000 10290 20280 30029 40049 8452/ 333 56399 58003 70000 84618 88458=
41891 11330 80903 10257 20250 30025 40063 60389 79596 8532/ 333 56999 58009 70380 82710 81928 88458=
41898 21628 10130 20110 40280 54000 70222 82002 22253 06240 21002 80180=
41907 32440 70000 10274 20260 30030 40044 85510 333 56390 58002 70000 85615 87458=
41923 32440 70000 10284 20250 30047 40057 83430 333 56990 58002 70022 82615 86360=
41936 31420 30000 10270 20260 30032 40039 70511 82530 333 56990 58002 70000 82615 83362=
41943 11435 41601 10267 20260 30054 40061 60046 70162 83530 333 56990 58007 70042 83616 83362=
41950 32450 30000 10275 20275 30046 40048 82530 333 56990 59002 70000 82617=
41978 32556 61203 10273 20250 30049 40055 83201 333 56909 58003 79999 83826 85080=
41992 31420 61502 10265 20250 30060 40062 70522 84520 333 56990 58012 70000 84615 86460=
42001 31001 99259 70897 46/// /1303 10298 20273 30127 40130 92340 22200 00309 333 91204 555 11036 22038 8//04 92333=
42044 22596 80000 10172 20163 38300 48534 8352/ 333 58026 6002/=
42045 22996 00501 10198 20134 38320 48445 333 58009 6996/=
42056 22996 00903 10236 20212 39625 333 58000 6992/=
42071 31995 03605 10270 20263 40054 71000 333 58009=
42097 31001 99257 70837 46/// ///// 1//// 92356 22200 00301 10501 20501 70007=
42101 32996 00000 10270 20267 40058 333 58000=
42111 31994 20000 10256 20245 39362 40040 71000 82030 333 59009 82360=
42123 22596 50000 10260 20251 40048 82530 333 58017 6011/ 82630 85360=
42131 32996 00000 10268 20254 40055 333 58011=
42165 32696 30000 10280 20252 40043 81530 333 58023 81635 83360=
42182 31695 50000 10270 20256 40048 71011 82530 333 58003 82635 84360=
42189 31595 40000 10286 20272 40038 70500 83501 333 59010 83630 84070=
42309 21395 81803 10256 20256 40053 79552 8592/ 333 59001 6998/=
42314 21395 82306 10250 20238 40069 79596 8492/ 333 57960 58014 6050/ 81708 84616 81925 88459=
42328 31595 20000 10266 20246 40035 70500 82500 333 58040 82630=
42339 31995 10000 10270 20246 40052 70500 80001 333 58028 81070=
42348 21595 39902 10244 20232 40061 71011 82530 333 58020 6017/ 82630 83360=
42361 21996 20000 10256 20247 40048 70500 80001 333 58006 6993/ 82070=
42369 32595 30901 10280 20266 39895 40039 83030 333 59007 83360=
42379 31995 20000 10282 20265 40031 71010 82030 333 59009 82360=
42410 21495 60000 10282 20268 40054 71022 83530 333 58003 6001/ 83618 86360=
42415 21496 80000 10284 20262 40060 79596 8632/ 333 58000 6992/ 85618 81925 88459=
42452 21595 60000 10274 20260 40046 71022 84510 333 58015 6001/=
42492 31595 50000 10296 20274 40030 71022 82530 333 59013 82620=
42559 22596 80000 10236 20233 40048 8452/ 333 58010 6012/ 84620 88458=
42571 22596 80000 10262 20251 40035 8553/ 333 59007 6006/ 85625 87360=
42623 31495 70000 10242 20233 39217 40067 71022 85630 333 58009 82710 85618 87360=
42634 22996 01403 10258 20246 40042 333 58089 6007/=
42647 31496 50000 10270 20256 40057 71022 85700 333 56500 58032 82715 83620=
42667 21596 73204 10232 20226 39476 40056 70522 83630 333 58008 6990/ 83620 85360=
42675 21596 82702 10250 20238 40039 70522 8557/ 333 58000 6999/ 85620 87360=
42701 21495 50000 10242 20233 39325 40041 71022 82530 333 59003 6004/ 82618 84360=
42724 31495 50000 10280 20272 40060 71022 82530 333 58010 82618 84360=
42737 32596 61804 10254 20244 40051 82530 333 58047 82620 86358=
42754 21496 33203 10230 20218 39427 40056 70522 82630 333 58014 6011/ 82710 83620=
42779 22596 60000 10242 20236 39351 40036 83530 333 59012 6006/ 83620 85360=
42798 21496 50000 10260 20246 40032 71022 82530 333 59008 6990/ 82618 84360=
42809 21495 60000 10282 20272 40040 70521 83530 333 59006 83618 85360=
42840 31595 30000 10270 20262 40059 71000 83500 333 58031 83620=
42867 21495 63402 10250 20235 40036 71022 83520 333 59003 6058/ 83618 86458=
42874 32996 50000 10262 20256 40026 85030 333 59008 85360=
42886 21596 40000 10256 20244 40028 70521 82530 333 59015 6018/ 82620 84360=
42895 21596 60502 10272 20266 40029 70262 84530 333 59007 6008/ 84620 86360=
42971 21496 70206 10274 20263 40020 72162 86330 333 56190 57932 59012 6996/ 82712 85616 81930 87360=
43003 31595 50000 10280 20254 40062 70521 85800 333 58026 83620 84825=
43014 21496 83202 10242 20216 39412 40050 70554 86630 333 58012 6995/ 83712 84620 85360=
43041 21595 60000 10245 20235 39403 40008 71062 83530 333 59023 6002/ 83620 86360=
43063 22596 32701 10222 20216 39446 40067 82530 333 58016 6006/ 82626=
43086 21596 80000 10264 20246 39847 40022 76022 8481/ 333 59010 6002/=
43110 21495 82703 10256 20247 40072 76362 8672/ 333 58013 6017/ 86712 88456=
43117 32996 52301 10246 20229 40052 83031 333 58003=
43128 21496 82703 10230 20221 39441 40044 76165 8472/ 333 56699 59005 6005/ 82710 83615 88458=
43150 21495 80204 10258 20246 39930 49991 76366 8492/ 333 56199 57932 59027 6037/ 82712 83618 81930 88458=
43185 21596 82703 10242 20239 30007 40010 79596 8392/ 333 57990 59016 6112/ 82620 81925 88458=
43189 21596 80000 10252 20234 39993 40002 76162 8382/ 333 59022 6032/=
43192 21496 80000 10246 20240 40073 72162 8477/ 333 58015 6038/=
43201 22396 72304 10224 20212 39326 40048 85630 333 56690 58007 6008/ 83708 83612 86358=
43213 21595 82702 10240 20234 39721 40037 76165 8452/ 333 59006 6027/=
43233 32496 82512 10224 20203 39261 40075 8567/ 333 56699 59002=
43237 21496 82504 10244 20213 39640 40029 75052 8572/ 333 56699 59002 6006/ 81710 84615 88458=
43245 21596 82503 10256 20241 30020 40046 76065 8487/ 333 59001 6003/=
43279 21596 70000 10248 20233 30034 40052 70396 84470 333 59003 6019/ 83620 86360 90939 91039 91925 99927=
43284 21195 81103 10244 20229 39965 40081 72162 8477/ 333 58008 6006/ 82702 83612 87458=
43295 22496 62704 10210 20182 39068 48476 83731 333 56699 58005 6007/ 82710 83612=
43314 21496 82302 10272 20258 40090 70262 8437/ 333 57920 58012 6015/=
43321 31396 72010 10236 20218 39627 40073 71022 83631 333 56599 58003 81708 83612 85358=
43329 22596 60000 10250 20241 30039 40052 8257/ 333 58003 6003/=
43333 21495 82302 10246 20237 40088 70562 8542/ 333 58012 6033/ 82617 84819 88456=
43344 31496 62511 10280 20233 39964 40063 71022 83531 333 58000 83616 85360=
43353 21496 79902 10250 20246 40091 71065 81720 333 56790 59002 6041/ 81706 83612 85458=
43369 21596 60000 10258 20258 40090 70262 83530 333 58007 6024/ 83620 86358=
43371 21496 60000 10250 20247 30020 40093 70362 85702 333 56709 58011 6021/ 83710 85617=
44212 32999 01602 10089 20056 39125 40223 52007 333 20060 55054 91202 555 30048=
44213 32999 00000 10076 20049 38812 40235 52007 333 20057 91202 555 30035=
44214 32998 03201 10078 20002 38316 40240 53006 333 20074 91203 555 30048=
44215 32998 22901 10065 20026 38444 40252 52005 81041 333 20053 91203 555 30041=
44217 32998 00000 10009 21022 37903 40323 54000 333 20007 91200 555 31039=
44218 32999 20000 10082 20021 38635 40240 52005 82040 333 20078 91202 555 30067=
44219 32999 01402 10093 20048 38644 40227 52010 333 20079 91204 555 30057=
44265 32999 00502 10080 20040 38863 40237 52010 333 20067 91202 555 30039=
44266 32699 50508 10094 21003 37824 40226 52009 85400 333 20088 91113 91209 555 30088=
44404 42956 00903 10190 20184 38111 48444 80000 333 59008 =
44416 42857 10202 10242 20235 39296 40031 81040 333 59010 =
44424 42560 13501 10128 20122 37689 47097 81100 333 58002 =
44434 41230 53102 10238 20224 39178 48488 710// 82631 333 59006 =
44438 41950 12402 10282 20267 39912 40034 710// 81030 333 59010 =
44449 42560 13603 10272 20269 39885 40034 81100 333 59011 =
44454 42456 60303 10222 20211 38635 48477 83370 333 58002 =
44462 42358 30901 10196 20193 38243 48456 83200 333 58002 =
44474 42056 60000 10180 20173 38248 48490 86700 333 58001 =
44477 42556 50000 10218 20212 38787 48504 82102 333 58001 =
44478 41510 20802 10280 20275 39957 40039 71000 81100 333 58000 =
48010 32540 60000 10285 20250 39990 40048 84730 333 20266 56550 58000 60002=
48020 32350 60000 10262 20253 84830 333 20255 56440 60002=
48025 32320 80000 10264 20264 39925 40063 8587/ 999 20227 56999 58006 60002=
48031 32256 51401 10190 20159 70122 84830 333 20165 56400 60002=
48048 21556 61801 10263 20246 30005 40062 70392 85950 333 20255 56440 58007 60012=
48052 22450 60000 10250 20219 84831 333 20242 56999 60062=
48064 32450 71401 10270 20256 39991 40049 85830 333 20250 56990 58010=
48071 21440 80000 10250 20248 30056 40065 72162 8697/ 333 20230 5699/ 58022 60122=
48094 22456 70000 10245 20240 30064 40074 85970 333 20213 56990 58021 60172=
48109 32496 72301 10278 20250 30074 40077 86970 333 20235 56990 58016=
50557 04980 /3502 10160 20097 39816 40101 52004 60002 70000 333 10229 20082 3/008 5020/ 58055 60001 70000 90720 91105=
51076 04979 /3600 10099 20073 39345 40192 57001 60002 70000 333 10221 20097 3/009 5001/ 58018 60001 70000 90720 91106=
51087 04968 /1102 10112 20093 39215 40197 52002 60002 70000 333 10218 20103 3/008 5001/ 54415 58023 60001 70000 90720 91108=
51156 04980 /3604 10086 20046 38723 40194 57003 60002 70000 333 10205 20082 3/007 5000/ 54415 58024 60001 70000 90720 91109=
51243 04980 /3302 10189 20097 39654 40168 57005 60002 70000 333 10283 20182 3/018 5002/ 54405 58007 60001 70000 90720 91107=
51334 04978 /1601 10119 20096 39782 40166 57003 60002 70000 333 10287 20119 3/012 5001/ 54415 59003 60001 70000 90720 91104=
51379 04980 /1702 10122 20085 39290 40200 57002 60002 70000 333 10202 20117 3/010 5000/ 54415 58010 60001 70035 90720 91104=
51463 04980 /1802 10142 20075 39047 40186 57007 60002 70000 333 10207 20142 3/010 5001/ 58003 60001 70000 90720 91106=
51573 04979 /0703 10267 20082 30076 40122 52010 60002 70000 333 10320 20239 3/023 5005/ 54415 58101 60001 70000 90720 91108=
51644 04971 /0602 10206 20095 38934 40109 52011 69902 70060 333 10291 20171 3/019 5001/ 54405 58068 60001 79999 90720 91105=
51656 04980 /0802 10197 20143 39124 40120 52009 69912 70000 333 10249 20195 3/020 5001/ 54415 58075 60001 70001 90720 91106=
51709 04972 /3101 10167 20123 38620 40099 52010 60002 70000 333 10294 20164 3/015 5001/ 54415 58030 60001 70000 90720 91105=
51711 04980 /2502 10136 20065 38052 40083 52005 60002 70000 333 10246 20125 3/010 5002/ 54415 58042 60001 70000 90720 91106=
51716 04067 01701 10186 20171 38891 40105 52007 60002 70000 333 10269 20171 3/017 5001/ 54405 58038 60001 70000 90720 91102=
51765 04965 /0903 10227 20052 39180 40108 52008 60002 70000 333 10314 20211 3/022 5003/ 54405 58084 60001 70000 90720 91109=
51811 04080 01801 10207 20144 38765 40087 52004 60002 70000 333 10288 20182 3/018 5001/ 54405 58020 60001 70000 90720 91107=
51818 04971 /1502 10217 20114 38631 40090 52007 60002 70000 333 10289 20154 3/019 5001/ 54406 58016 60001 70003 90720 91104=
51828 04961 /1202 10204 20162 38638 40107 52014 69922 76060 333 10259 20191 3/018 5001/ 54405 58031 69911 70002 90720 91107=
51886 04942 /1902 10124 20110 37170 40054 52012 69992 76000 333 10263 20124 3/014 5000/ 54415 58031 69991 70010 90720 91113=
52203 04978 /1701 10199 20092 39297 40126 52013 69902 70060 333 10322 20197 3/020 5002/ 54418 58103 60001 79999 90720 91110=
52602 04974 /3106 10144 20081 37305 40040 52016 60002 70000 333 10288 20143 3/015 54415 58032 60001 70000 90720 91113=
52681 04968 /3104 10210 20158 38623 40065 52020 60002 70000 333 10353 20209 3/022 5002/ 54415 58079 60001 70000 90720 91111=
52818 04965 /2803 10159 20071 37281 40005 52018 60002 70000 333 10311 20158 3/015 5002/ 54415 58032 60001 70000 90720 91109=
52908 04956 /2101 10044 20032 35866 40007 52002 60002 70000 333 10192 20037 3/002 54415 58005 60001 70000 90720 91105=
53463 04980 /3601 10203 20179 38824 40072 57003 69912 72100 333 10316 20195 3/020 5000/ 54415 59024 69911 70001 90720 91106=
54857 04956 /1702 10278 20230 30023 40111 52010 60002 70500 333 10328 20265 3/024 5001/ 54405 58021 60001 70000 90720 91104=
55228 04980 /2803 10107 20023 36105 49948 52005 60002 70000 333 10208 20076 3/010 5003/ 54405 58015 60001 70000 90720 91108=
55299 04971 /0301 10035 21016 35942 40011 52007 60002 70000 333 10209 20032 3/001 5001/ 59011 60001 70000 90720 91104=
55578 04962 /1101 10077 20048 36445 40044 52011 60002 70000 333 10226 20074 3/009 5001/ 54415 59003 60001 70000 90720 91105=
55591 04980 /1002 10122 20044 36583 49983 52010 60002 70000 333 10250 20121 3/009 5002/ 54415 59018 60001 70000 90720 91104=
55664 04965 /0301 10050 20015 36095 40061 52007 60002 70000 333 10199 20050 3/005 5001/ 54415 58008 60001 70000 90720 91108=
55773 04980 /1102 10045 20028 36091 40078 54000 69922 70000 333 10149 20045 3/003 5000/ 59004 69921 70002 90720 91108=
56004 04980 /2702 10044 20007 35925 40006 52010 60002 70000 333 10208 20036 3/101 54415 58002 60001 70000 90720 91106=
56018 04980 /1701 10085 20037 36270 40018 52007 60002 70000 333 10255 20048 3/007 54405 59006 60001 70000 90720 91110=
56116 04980 /0401 10099 20036 36411 49981 52004 60002 70000 333 10269 20069 3/008 5002/ 54405 59016 60001 70000 90720 91107=
56299 58002 70020 83818 555 93100=
56312 04980 /1302 10158 20110 37128 40006 52010 60002 72100 333 10302 20112 3/015 5001/ 54405 59026 60001 70000 90720 91106=
57494 04950 /3601 10296 20268 30071 40099 52013 60002 71000 333 10350 20261 3/026 5001/ 58015 60001 70000 90720 91102=
58847 04957 /2301 10298 20260 30004 40101 52010 60002 70000 333 10357 20280 3/027 5001/ 54405 58013 60001 70000 90720 91104=
62306 32960 02103 10255 20213 40123 57011=
62309 32960 02602 10260 20227 40108 57014=
62332 32960 02606 10280 20236 40110 57013=
62366 35960 00805 10273 20204 40110 57011=
62387 32960 03204 10260 20174 40103 57009=
62393 32960 03606 10290 20134 40126 57014=
62405 32960 00203 10337 20113 40086 57004=
62414 32960 02005 10320 20205 40091 57004=
62419 32960 02306 10306 20219 40081 57006=
62420 32960 03602 10285 20129 40105 57016=
62432 32960 03604 10314 20125 40107 57009=
62435 32960 03405 10318 20103 40083 57011=
62458 32960 03303 10306 20144 40091 57006=
