SMPK OPKC 300600Z=
41504 02596 80904 10180 20132 37848 48470 60001 86710 333 56990 58016 60007 83720 83640 88460 Rh73%=
41505 22696 80000 10140 20123 38/// 48/// 60002 8667/ 333 5699/ 58/// 83720 83640 87760 90%=
41506 02697 71804 10235 20168 38503 48502 60001 84520 333 56990 58053 60007 84640 84460 66%=
41507 02696 81802 10265 20207 39228 49722 60001 8351/ 333 5699/ 58030 60007 83640 85460 70%=
41508 02496 82302 10218 20190 38649 48525 60001 8572/ 333 5699/ 58027 60007 82710 83635 85460 83%=
41509 02597 70000 10240 20187 38738 48500 69901 85720 333 56990 58060 60007 82720 83635 86458 RH 72%=
41510 02697 80902 10175 20143 37921 48504 60011 8352/ 333 56990 58031 69907 83635 85460 82%=
41515 02697 80000 10215 20159 38521 48486 60001 8352/ 333 5699/ 58037 60007 83650 85458 71%=
41516 01396 80000 10200 20185 38550 48509 69901 75052 8651/ 333 5699/ 58013 69907 83710 83640 88460 RH91%=
41517 01496 70000 10180 20140 37820 48514 60001 70422 85620 333 56990 58028 60007 82710 83630 87460 78%=
41518 02596 80000 10217 20174 38/// 48/// 8672/ 333 5699/ 5//// 60007 83720 83640 88461 75%=
41519 02596 70000 10220 20174 38768 48517 69901 84720 333 56990 58025 60007 81730 83630 85462 RH75%=
41520 02596 71802 10165 20106 37647 48249 60011 85670 333 56990 59007 60007 82720 83640 86762 68%=
41523 02696 80000 10235 20206 39066 48506 60001 8472/ 333 5699/ 58029 60007 81720 83640 85460 84%=
41524 02697 80000 10240 20218 39317 40149 60031 8352/ 333 5699/ 58045 60017 83640 85460 RH 88%=
41525 01696 81306 10160 20144 37696 48384 60061 70262 8352/ 333 5699/ 58025 60027 83640 85460 RH90%=
41528 01696 80000 10215 20215 39188 48498 60111 76166 8552/ 333 5699/ 58006 60117 85640 88460 100%=
41529 02696 80502 10290 20232 39730 40096 60001 84520 333 56990 58046 60007 84640 85460 71%=
41530 01696 80506 10280 20221 39695 40092 69901 70552 84430 333 56990 58047 69907 84835 88357 71%=
41534 02697 80000 10285 20235 39695 40092 60001 8452/ 333 5699/ 58045 60007 84640 85460 74%=
41535 01696 80000 10200 20192 38706 48482 60061 76066 8452/ 333 5699/ 58030 60067 84635 86460 RH95%=
41536 01496 80000 10205 20198 39017 48501 60021 76066 8572/ 333 5699/ 58020 60027 82720 83630 88460 95% =
41560 02697 60000 10210 20188 38288 48506 60001 83520 333 56990 58023 60007 83630 83460 Rh87%=
41562 02697 50902 10290 20232 39635 40080 60001 82520 333 56990 58037 60007 82640 83460 RH 71%=
41565 02395 83102 10172 20170 38620 48491 60061 72166 83720 333 56990 58006 60027 83730 85460 91%=
41567 01696 80000 10240 20225 39653 40059 60011 70402 333 56990 58044 60017 83640 85460 91%=
41571 01695 70510 10220 20220 39536 40108 60311 76062 85330 333 56990 58030 60147 RH100%=
41572 01495 80514 10220 20220 39471 40082 60061 76196 8572/ 333 5699/ 58027 60037 81715 84630 88460 RH100%=
41573 01696 81308 10150 20134 37990 48505 60131 76066 8452/ 333 56990 58023 60067 84640 84460 90%=
41574 01696 80506 10170 20170 38346 48521 60081 76366 8352/ 333 5699/ 58017 60067 83640 88460 100%=
41576 01595 81312 10245 20238 40108 60451 79596 8432/ 333 5699/ 58029 60137 81930 83640 88460 96%=
41577 01696 80000 10215 20215 39500 40103 60461 76166 8452/ 333 5699/ 58024 60197 84640 88460 RH 100%=
41593 01696 70904 10255 20241 39862 40070 60011 70422 83520 333 56990 58026 60007 83640 86460 92%=
41597 01696 81802 10240 20233 40101 60811 72996 8352/ 333 5699/ 58033 60257 83640 88460 96%=
41598 01596 81302 10240 20240 39821 40087 60271 79596 84910 333 56990 58035 60137 81925 83640 88460 100%=
41599 01696 80508 10250 20228 39808 40090 60191 72065 8442/ 333 5699/ 58034 60117 84640 86460 88%=
41600 01696 83102 10260 20238 39798 40085 60021 70422 8352/ 333 5699/ 58037 69957 83645 86460 88%=
41620 32696 83604 10235 20165 38546 48452 60001 84510 333 56990 58020 60007 84640 84460 65%=
41624 02697 40502 10280 20229 39879 40073 60001 81520 333 56990 58038 60007 81637 83460 74%=
41625 02697 50504 10295 20230 39878 40070 60001 82520 333 56990 58034 60007 82637 83460 68%=
41630 01594 70506 10270 20263 40080 60031 72896 86770 333 56990 58034 60027 82720 84640 87460 96%=
41633 02697 70000 10280 20237 4//// 60001 83520 333 56990 5//// 60007 83640 84460 77%=
41634 02697 60000 10235 20221 3//// 4//// 60021 82640 333 56990 5//// 60017 82640 84460 92%=
41635 01696 83602 10265 20244 3//// 4//// 69901 70422 8452/ 333 56990 5//// 60007 84640 88460 88%=
41636 01696 70000 10275 20261 39903 40081 60011 70422 84570 333 56990 58033 69907 84640 84461 92%=
41638 01696 70000 10275 20254 4//// 60041 70496 84570 333 56990 5//// 60017 84640 86460 88%=
41639 01696 73102 10250 20213 3//// 4//// 60061 83570 333 56990 5//// 60007 83640 84460 80%=
41640 01696 60000 10295 20253 39833 40072 60001 70422 83570 333 56990 58026 60007 83640 83460 78%=
41641 01696 62004 10285 20227 39811 40075 60001 70422 83470 333 56990 58022 60007 83640 85460 71%=
41642 02697 80000 10280 20259 3//// 4//// 60001 8452/ 333 5699/ 5//// 60007 84640 86460 88%=
41643 01696 50000 10310 20261 39808 40072 60001 70422 82470 333 56990 58028 60007 82640 84460 75%=
41644 01696 80000 10240 20240 4//// 60281 72996 8352/ 333 5699/ 5//// 60197 83640 88460 100%=
41646 01696 61304 10305 20271 39872 40074 60001 70400 82530 333 56990 58030 60007 82640 85360 82%=
41652 01996 60504 10290 20255 39899 40071 60011 70400 86030 333 56090 58030 69907 86360 81%=
41660 02697 71312 10240 20148 38397 48483 69901 84430 333 56990 58032 60007 84840 85360 RH 56%=
41661 02697 80000 10240 20165 30352 48473 60001 83520 333 56990 58027 60007 83638 85460 63%=
41669 02697 50504 10290 20248 3//// 4//// 60001 82520 333 56990 5//// 60007 82640 83460 78%=
41670 01696 60000 10280 20221 4//// 60001 70400 83530 333 56990 5//// 60007 83640 83360 70%=
41674 01596 80508 10260 20260 3//// 4//// 60271 79596 8332/ 333 5699/ 5//// 60127 81930 82640 88460 100%=
41675 01496 70504 10270 20256 39921 40060 60301 70496 85570 333 56990 58028 60147 82720 83640 85460 92%=
41676 01696 63406 10280 20252 39932 40084 60001 70400 84520 333 56990 58031 60007 84635 86460 85%=
41677 01696 60504 10300 20258 39883 40042 60001 70400 84570 333 56990 58028 60007 84640 84460 78%=
41678 01696 60000 10320 20258 40049 60001 70500 83520 333 56990 58022 60007 83640 83460 70%=
41679 01996 40000 10315 20267 4//// 60001 70411 84030 333 56090 5//// 60007 84460 76%=
41680 01695 60000 10310 20283 39866 40054 60001 71020 83430 333 56990 59019 60007 83640 84362 86%=
41685 02697 60504 10275 20194 38873 48474 60001 82220 333 56990 58009 60007 82840 84460 RH61%=
41696 02697 80000 10180 20165 37967 48468 60121 84520 333 56990 59006 60127 84640 84460 Rh91%=
41697 02697 40000 10300 20258 40049 60261 84500 333 56900 58027 60007 84640 RH78%=
41700 01696 60506 10310 20269 40047 60001 70422 83530 333 56990 58031 60007 83640 84360 79%=
41701 01696 70506 10320 20279 39920 40056 60001 70422 84420 333 56990 58029 60007 84840 84460 79%=
41710 11995 00000 10315 21022 39267 49994 60001 70600 333 58016 RH11%=
41712 11995 50508 10325 20024 39110 48466 60001 70700 85010 333 56090 58030 85460 RH15%=
41715 21696 80504 10280 20252 39982 40045 60001 70522 8453/ 333 56990 58023 60007 84635 84360 RH85%=
41716 01696 50504 10290 20269 39958 40056 60081 70465 85400 333 56900 58031 60007 85430 86%=
41718 01695 70504 10290 20276 39948 40046 60111 70452 84530 333 56990 58027 60117 84640 83362 92%=
41724 01696 80510 10300 20258 39982 40058 60001 70522 84520 333 56990 58021 60007 84640 84460 RH78%=
41725 12696 70504 10300 20251 40035 60001 83630 333 56990 58030 60007 83640 84360 RH75%=
41726 02696 70904 10310 20261 39970 40038 60001 83530 333 56990 58042 60007 83640 84360 RH75%=
41738 02996 30510 10370 21015 39837 40006 60001 80001 333 56009 59004 60007 83072 RH51%=
41739 01996 03608 10300 20040 38966 48451 60001 70500 333 58009 60007 RH19%=
41742 02697 73604 10315 20236 49996 60051 83530 333 56990 58004 60007 83640 84360 RH 63%=
41743 01696 80504 10295 20260 60001 70300 84630 333 56990 60007 84535 84360 RH 82%=
41744 01696 80000 10210 20163 38722 48453 60193 72162 8451/ 333 5699/ 58012 60067 84630 88460 RH 74%=
41745 01696 80506 10285 20250 60001 70500 84530 333 56990 60007 84635 84360 RH81%=
41746 02696 73604 10320 20258 39984 40036 60001 83530 333 56990 58025 60007 83640 84360 RH70%=
41747 02696 70908 10320 20265 40021 60001 84530 333 56990 58020 60007 84640 82360 RH73%=
41748 01696 80504 10300 20280 40037 60011 75100 84530 333 56990 58017 60017 84635 84360 RH89%=
41749 02696 80510 10300 20243 39980 49913 60001 84530 333 56990 58008 60007 84635 84360 RH72%=
41756 01496 30902 10310 20261 39948 40011 60001 70504 83600 333 56900 59006 60007 83715 RH75%=
41757 12996 30000 10310 20239 30012 40024 60001 80001 333 56009 59004 83070 RH66%=
41759 01996 50000 10340 20241 39995 40000 60001 70511 85010 333 56090 59011 60007 85460 RH56%=
41760 01595 80906 10305 20264 39998 40011 60001 70500 82630 333 56990 59002 60007 82720 87458 RH 79%=
41764 02696 70418 10280 20237 39950 49998 60001 86570 333 56990 58018 60007 86635 85460 RH77%=
41765 01596 63608 10280 20252 39965 40000 60011 72100 86720 333 56890 58018 60017 83725 82635 81460 RH85%=
41765 02596 83608 10275 20261 20261 39947 49982 60051 85640 333 56990 59012 60047 83725 84635 84460 RH92% COR A=
41766 12696 70508 10280 20252 49989 84530 333 56990 58002 60007 84720 85360 RH85%=
41767 02996 7//// 10290 20248 60001 87830 333 56990 60007 84835 83360 RH78%=
41768 02596 71112 10270 20241 30027 40034 60011 87600 333 56300 58063 60017 84720 84635 RH84%=
41780 01596 70218 10290 20240 39955 49981 69931 70452 86630 333 56990 59018 69907 83720 85630 86360 RH75%=
41783 02696 80516 10255 20241 39931 49960 70500 60017 84520 333 56990 59016 60017 84635 84460 RH 92%=
41785 12697 80906 10260 20238 39969 49981 60011 84530 333 56290 58023 60007 84640 84360 RH 88%=
41786 02996 61312 10270 20234 39964 49999 60001 86030 333 56090 58071 60007 86362 RH81%=
41BAG 01496 80000 10145 20120 60011 75052 8532/ 333 56999 69907 82715 83635 88460 85%=
41BKI 02696 83604 10280 20221 39681 40083 60001 8452/ 333 5699/ 58037 60007 84640 88460 RH70%=
41SKP 01696 83602 10255 20241 3//// 4//// 60041 70452 8352/ 333 5699/ 5//// 69967 83640 88460 92%=
41SKP 01696 83602 10255 20241 3//// 4//// 60041 72052 8352/ 333 5699/ 5//// 69967 83640 88460 92%COR=
43532 02697 80000 10220 20213 39292 40074 60021 76066 8552/ 333 5699/ 58016 60027 85640 88460 96%=
43533 01696 80000 10225 20210 39200 48492 60051 76062 84520 333 56990 58031 60047 84640 88460 91%=
43563 01696 80502 10217 20208 39421 40096 60301 76066 8452/ 333 5699/ 58033 60207 84640 86460 96%=


PPAA 8006/ 41516 misda due to DZ=
PPAA 80051 41780 MISDA NO ASCENT DUE TO RED BALLOON SHORTAGE=
PPAA 8006/ 41506 MISDATA DUE TO CLOUDY WEATHER=
PPAA 8006/ 41515 MISDA DUE TO OVERCAST=
PPAA 8006/ 41517 MISDA DUE TO AIRMOVEMENT=
PPAA 8006/ 41598 MISDA DUE TO TECNICAL PROBLEM=
PPAA 8006/ 41600 MISDA DUE TO TECHNICAL PROBLEMS=
PPAA 8006/ 41624 MISDA DUE TO TECHNICAL FAULT=
PPAA 8006/ 41640 MISDA DUE TO TECHNICAL PROBLEM=
PPAA 8006/ 41646 MISDA DUE TO TECHNICA REASON=
PPAA 8006/ 41678 MISDA DUE TO TECHNICAL PROBLEM=
PPAA 8006/ 41715 NO ASCENT DUE TO LOW CLOUDY WEATHER=
PPAA 8006/ 41718 MISDA DUE TO TECHNICAL PROBLEM=
PPAA 8006/ 41739 no acent due to security risk=
PPAA 8006/ 41759 No ascent due to security risk=
PPAA 8006/ 41768 no ascent due to shortage balloon=




Data Generated from File : D:\all data handling\Rmc_lhr\2024083006.FSU.txt
30/08/24 07:04:50
______________________________________________________________
15007 05570 73104 10216 20129 39734 40184 52004 60002 7000/ 83570 333 10220 20181 30017 4/000 55300 0//// 20191 3//// 60007 79999 91007 91107=
15020 04570 82902 10213 20149 39989 40179 52009 60002 8657/ 333 10247 20198 30020 55300 20143 60007 70001 91003 90760 91105==
15023 05570 73204 10206 20139 39758 40168 52008 60002 7000/ 87500 333 10234 20195 30019 4/000 55300 0//// 20234 3//// 60007 70000 91006 91107=
15056 05570 83503 10221 20132 39840 40176 53015 60002 7000/ 8557/ 333 10245 20221 31017 4/000 55300 0//// 20162 3//// 60007 70035 91006 91107=
15069 07560 41901 10112 20110 39147 42830 50003 60002 720// 81141 333 10170 20083 31008 4/000 55301 0//// 20455 3//// 60007 70019 91001 91101=
15073 01560 83403 10198 20148 39735 40186 53010 69992 7812/ 8537/ 333 10231 20194 31014 4/000 55300 0//// 20119 3//// 69997 70021 91005 91107=
15090 01560 83201 10185 20172 30084 40174 51012 60012 78086 8637/ 333 10247 20182 31016 55300 10050 20100 30089 60017 70014 91002 90760 91103==
15107 01/03 92400 10131 20130 39403 42826 52003 69922 7434/ 333 10185 20117 31010 55300 0//// 20314 3//// 60007 70002 91001 91101=
15108 02260 60704 10109 20069 38152 48548 52005 69982 84840 333 10118 20099 55304 20505 60007 70015 91009 90760 91109==
15109 05598 82705 10185 20146 39755 40177 52004 69902 7000/ 8457/ 333 10226 20179 30018 4/000 55300 0//// 20191 3//// 60007 70003 91010 91111=
15111 05570 73404 10211 20144 39914 40167 53011 60002 7000/ 84570 333 10238 20182 30016 4/000 55300 0//// 20311 3//// 60007 70001 91005 91106=
15113 07568 72801 10194 20162 30010 40168 53012 69902 7818/ 85570 333 10228 20180 31018 55300 0//// 20116 3//// 69907 70084 91002 91104=
15127 01402 70301 10131 20129 39331 42825 52004 69972 7444/ 87600 333 10176 20111 31010 4//// 55300 0//// 20331 3//// 60007 70007 91001 91102=
15148 05470 60603 10155 20100 38752 48532 52002 69972 7000/ 82649 333 10155 20122 31/// 55302 0//// 20418 3//// 60007 70032 91006 91106=
15150 01570 70102 10196 20167 39968 40174 53010 60062 72161 84570 333 10219 20169 31016 55300 20198 69907 70077 91003 90760 91103==
15154 05566 82902 10184 20170 30022 40161 53010 69952 7000/ 8557/ 333 10207 20174 31017 4/000 55300 0//// 20102 3//// 60007 70043 91003 91104=
15168 07/58 /0101 10164 20153 39574 42817 52003 60032 7101/ 333 10198 20145 3/013 4/000 55302 0//// 20422 3//// 60007 70032=
15170 01565 63600 10154 20151 39419 42817 52003 60042 72841 81370 333 10170 20118 31014 55305 20602 60007 70044 91001 90760 91102==
15194 05570 72803 10187 20162 39886 40172 52008 60102 7000/ 87500 333 10192 20174 31016 55300 0//// 20235 3//// 60007 70157 91005 91107=
15197 05/63 /0901 10189 20174 39958 40162 53010 60002 7000/ 333 10199 20179 3/015 4/000 55300 0//// 20175 3//// 60007 70139=
15215 01456 71901 10160 20158 39594 42819 52007 60042 7284/ 87600 333 10179 20148 31013 55300 0//// 20266 3//// 60007 70068 91002 91102=
15217 01457 73601 10155 20153 39527 42820 52008 60022 7104/ 85670 333 10181 20149 31015 55300 0//// 20083 3//// 60007 70085 91002 91102=
15219 05/70 /3004 10200 20165 30039 40159 52010 69992 7000/ 333 10200 20185 3/018 4/000 55300 0//// 20131 3//// 60007 70083=
15238 01596 81200 10161 20159 39578 42820 52009 60012 7284/ 885// 333 10179 20152 31014 55300 0//// 20261 3//// 60007 70088 91001 91102=
15261 01558 80401 10147 20147 39388 42834 52008 60012 7104/ 883// 333 10166 20138 31013 55300 0//// 20232 3//// 60007 70011 91001 91101 95090=
15262 01/92 90508 10101 20094 38253 48531 52006 60002 74544 333 10110 20093 31/// 55301 0//// 20373 3//// 60007 70114 91014 91114=
15265 05570 73602 10207 20173 30079 40151 53009 69902 7000/ 84570 333 10207 20186 31016 4/000 55300 0//// 20113 3//// 60007 70149 91005 91105=
15280 01/00 90410 10053 20053 37562 47134 53008 60002 74544 89/// 333 10070 20050 31/// 55300 20073 60007 70165 91014 90760 91118==
15300 01598 62801 10177 20161 39562 42819 52006 69932 70362 84830 333 10177 20153 31014 55307 0//// 20600 3//// 69907 70092 91002 91103=
15301 01570 40502 10134 20121 38664 48547 52005 69912 70184 82360 333 10136 20116 31/// 55303 0//// 20435 3//// 69917 70061 91006 91106 95012=
15302 01457 51201 10138 20138 38959 48533 52005 60002 71022 85300 333 10143 20131 31/// 55300 0//// 20245 3//// 60007 70109 91002 91102 95060=
15307 05570 80104 10241 20139 39962 40139 53008 60022 7000/ 8437/ 333 10241 20186 31019 4//// 55300 0//// 20214 3//// 60007 70087 91008 91109=
15310 07564 83503 10196 20173 30055 40138 52006 69932 7616/ 8557/ 333 10208 20194 31019 55300 10020 20113 30102 69937 70054 91006 90760 91106==
15324 01570 60203 10198 20119 39387 42809 52004 69932 72582 84370 333 10198 20164 30016 55301 0//// 20325 3//// 69937 70016 91006 91107=
15325 05470 73603 10130 20097 38512 48524 52003 60002 7000/ 84370 333 10130 20113 31/// 4/000 55300 0//// 20225 3//// 60007 70028 91007 91111 95040=
15328 05970 73403 10209 20144 39813 40150 53002 60022 7000/ 87070 333 10227 20158 31016 4//// 55300 0//// 20145 3//// 60007 70016 91006 91106=
15335 01570 73002 10207 20172 30124 40131 51009 69922 7028/ 87500 333 10208 20195 31019 55300 20163 69907 70054 91003 90760 91103==
15336 01570 83603 10206 20170 30121 40122 51008 60002 7000/ 885// 333 10208 20194 31019 55300 0//// 20142 3//// 60007 70051 91005 91105=
15349 02570 63502 10210 20127 39620 40150 52002 60002 86300 333 10210 20179 31017 4/000 55300 0//// 20193 3//// 60007 70002 91005 91105=
15350 01570 63603 10223 20155 30028 40143 53004 60022 7808/ 86300 333 10233 20190 31019 55300 20078 69917 70048 91005 90760 91108==
15360 04/70 70507 10251 20221 30102 40118 52007 60002 87070 333 10255 20221 60007 91009 90760 91109==
15375 05970 73302 10212 20140 39806 40150 52002 60002 7000/ 87070 333 10233 20175 30016 4/000 55300 0//// 20296 3//// 60007 70000 91003 91104=
15377 05997 73201 10209 20150 39936 40144 52002 60002 7000/ 87070 333 10217 20167 31015 55300 0//// 20121 3//// 60007 70049 91002 91103=
15387 01564 72004 10201 20180 30121 40124 53011 60022 795// 87900 333 10208 20195 31020 4/000 55300 0//// 20011 3//// 60027 70079 91010 91110=
15402 05570 73101 10218 20158 30067 40139 52003 60002 7000/ 87500 333 10226 20179 31016 4/000 55300 0//// 20309 3//// 60007 70000 91003 91103=
15405 05970 50106 10216 20173 30081 40141 53006 60002 7000/ 85070 333 10216 20188 30019 4/000 55300 0//// 20197 3//// 60007 70000 91008 91109=
15406 05570 72000 10197 20176 30091 40136 51015 69922 7000/ 87900 333 10198 20187 31018 4/000 55300 0//// 20141 3//// 60007 70016 91002 91105=
15408 01570 73401 10206 20172 39878 40134 52018 60012 700// 87500 333 10207 20187 3/018 4//// 55300 0//// 20293 3//// 60007 70035 91003 91109=
15409 05/70 /3503 10208 20168 30080 40126 51012 60032 7000/ 333 10212 20188 3/018 4//// 55300 0//// 20109 3//// 60007 70077=
15419 05570 83301 10201 20161 39966 40154 52002 60002 7000/ 8437/ 333 10206 20170 31015 4/000 55300 0//// 20165 3//// 60007 70005 91002 91103=
15420 04570 83301 10212 20154 30035 40142 52002 69912 883// 333 10225 20167 31014 55300 20195 60007 70032 91002 90760 91103==
15421 05670 83302 10215 20148 30044 40151 52002 60002 7000/ 8457/ 333 10228 20183 30/// 55300 00069 20221 30207 60007 79999 91004 91105=
15422 05570 83300 10218 20154 30044 40141 52002 60002 7000/ 8437/ 333 10233 20189 30017 55300 0//// 20184 3//// 60007 70002 91003 91103=
15425 05570 70403 10209 20176 30079 40141 53012 60002 7000/ 83570 333 10211 20188 31018 4/000 55301 0//// 20219 3//// 60007 70064 91005 91106=
15434 05/70 /0101 10214 20159 39956 40158 52004 69952 7000/ 333 10218 20174 3/017 55305 0//// 20537 3//// 69917 70005=
15444 07566 81101 10195 20173 30065 40135 50012 69932 7818/ 8437/ 333 10215 20191 31019 4/000 55300 0//// 20088 3//// 69937 70003 91003 91103=
15455 05570 72902 10193 20166 30023 40150 52002 60002 7000/ 84370 333 10212 20172 31019 4//// 55300 0//// 20229 3//// 60007 70011 91003 91103=
15460 02564 70701 10200 20182 30116 40140 53012 60002 87500 333 10209 20184 31017 55300 20169 60007 70160 91002 90760 91102==
15462 01561 72903 10184 20180 30042 40126 50003 60082 78022 87900 333 10204 20184 31017 4//// 55300 0//// 20052 3//// 60077 70164 91004 91105=
15470 04/70 52903 10203 20166 30031 40152 52004 60002 85070 333 10219 20181 30017 55301 20317 60007 70000 91004 90760 91104==
15475 02597 82502 10192 20181 30121 40141 52005 60002 883// 333 10217 20177 31019 4/000 55300 0//// 20202 3//// 60007 70093 91003 91104=
15479 07456 83603 10180 20176 39945 40133 50006 60012 7626/ 8672/ 333 10199 20180 31018 4/000 55300 0//// 20036 3//// 60017 70017 91004 91106=
15480 01562 82801 10193 20190 30105 40122 50003 60262 78188 889// 333 10240 20189 31018 55300 10050 20077 30068 60207 70306 91002 90760 91105==
15489 05970 62903 10200 20167 30060 40151 52003 60002 7000/ 86070 333 10239 20186 30019 55300 0//// 20226 3//// 60007 70003 91004 91105=
15491 05963 72202 10192 20173 30118 40148 53004 60002 7000/ 87070 333 10217 20171 31018 4/000 55300 0//// 20360 3//// 60007 70017 91003 91104=
15499 06559 83003 10180 20180 30110 40119 50009 60502 781// 889// 222// 06222 2//// 333 10243 20180 31018 60117 70842 910// 91106 92438=
15549 12570 62902 10176 20166 39735 40134 53003 60002 86500 333 10194 20164 70036 555 31015 594//=
15552 12470 73404 10216 20170 30059 40105 53001 60052 86830 222// 00275 10302 333 10216 20199 50322 55033 70068 555 31020 575// 92035 92438=
15640 12672 62905 10219 20165 39827 40123 54000 60002 83230 333 10231 20209 55060 70000 555 30020 572//=
15655 12568 63204 10228 20175 30080 40111 52001 60002 85230 222// 00259 10201 333 10238 20210 70001 555 30/// 572// 92023 92427=
15730 12670 50000 10192 20161 39754 40133 53004 60002 82241 333 10237 20164 55030 70000 555 39/// 582//=
16627 12575 20000 10240 20158 30120 40126 51009 60002 81160 333 20180 30/// 55067 70000 90730 91104==
16650 12560 20707 10262 20184 30114 40122 53005 60002 81430 333 20220 30/// 55094 70000 90730 91110==
16667 12960 03407 10262 20204 30109 40119 51006 60002 333 20226 30/// 55112 70000 90730 91111==
16706 12960 00000 10270 20164 30103 40110 52012 60002 333 20202 30/// 55116 70000 90730 91105==
16723 12960 00108 10294 20159 30095 40109 52004 60002 333 20252 30/// 70000 90730 91111==
16732 26/// /3506 10269 20198 30108 40118 52008 333 20228 60005 90730 91108==
16742 12960 03611 10264 20197 39959 40107 52009 60002 333 20264 30/// 70000 90730 91118==
16749 12960 02711 10282 20207 30076 40090 52005 60002 333 20272 30/// 55107 70000 90730 91119==
16754 12560 11607 10278 20199 30074 40119 52005 60002 81100 333 20226 30/// 55115 70000 90730 91114==
16757 12560 43008 10266 20244 39990 40116 52009 60002 84400 333 20250 30/// 55110 70000 90730 91113==
16760 12960 00404 10270 20169 40122 52005 60002 333 20226 30/// 55110 70000 90730 91109==
17022 12670 21002 10252 20180 39948 40105 52005 60002 82100 333 20200 30018 55119 22252 82834 90760 91107==
17024 12970 01802 10231 20225 30024 40098 52006 60002 333 20181 32016 55068 70028 90760 91118==
17026 12570 52903 10252 20215 30070 40107 52007 60002 83255 333 20217 30018 55073 21691 70002 83830 84358 85270 90760 91106==
17031 11570 71905 10220 20210 30096 40102 50006 69942 78022 85250 333 20215 31020 70004 85833 87359 90760 91107==
17034 11570 70301 10244 20199 30063 40107 58003 60152 70292 84250 333 20199 32019 55000 70146 84830 87360 90760 91118==
17038 11460 72912 10244 20208 30056 40101 52009 60152 78022 87200 333 20233 32/// 70154 83713 87825 90760 91123==
17042 12670 72902 10271 20230 30067 40104 52010 60012 84250 333 20232 32024 55000 70013 84835 87360 90760 91109==
17050 12670 23501 10255 20167 30074 40133 52005 60002 82100 333 20203 32015 55057 70014 82840 90760 91104==
17056 12670 13107 10234 20179 30110 40114 50002 60002 81100 333 20209 30020 55077 21880 81835 90760 91114==
17060 12560 32610 10245 20184 30072 40118 55000 60002 83200 333 20214 30019 55000 83828 90760 91115==
17070 12665 21601 10185 20142 39275 40101 50001 60002 82200 333 20148 30012 55/// 22261 82835 90760 91103==
17074 12970 02301 10199 20185 39212 40100 51001 60002 333 20140 30010 55059 21742 90760 91102==
17084 12670 31801 10213 20165 39242 40095 52002 69962 83100 333 20168 30015 55100 22952 70006 83840 90760 91106==
17085 11670 60000 10218 20185 39638 40099 52008 60022 70282 84250 333 20201 32019 55096 70016 84840 86360 90760 91109==
17092 12970 01901 10243 20119 38819 48478 52004 60002 333 20152 30014 55082 22357 90760 91108==
17096 12660 30915 10199 20102 38230 48479 50001 60002 83100 333 20165 30016 55101 20871 83840 90760 91126==
17098 12960 00508 10191 20116 38214 48506 58003 60002 333 20110 30010 90760 91112==
17100 12970 00000 10260 20131 39159 40086 52001 60002 333 20189 30017 55100 23006 90760 91103==
17112 12970 00403 10248 20174 30119 40121 51006 60002 333 20227 30021 55092 22345 90760 91107==
17115 12660 32807 10249 20169 30073 40121 52003 60002 83100 333 20193 30018 55085 22110 83835 90760 91112==
17116 12670 42605 10255 20183 39999 40113 50003 60002 84200 333 20220 30022 55111 84835 90760 91108==
17124 12960 02504 10193 20131 39242 40112 51004 60002 333 20126 30012 90760 91104==
17128 12670 31701 10214 20129 39055 40087 50002 60002 81130 333 20167 30015 55059 20816 81840 83358 90760 91109==
17135 12970 01501 10213 20171 39265 40087 52004 60022 333 20183 31014 55084 24476 70018 90760 91105==
17140 12965 00000 10199 20106 38692 48488 52004 60062 333 20139 32014 70125 90760 91108==
17150 12660 20000 10233 20145 30001 40118 51005 60002 82100 333 20173 30016 55082 22160 82835 90760 91105==
17160 12970 02001 10199 20125 38995 48493 50004 60032 333 20154 32012 55079 22077 70074 90760 91115==
17170 12660 10105 10257 20110 38318 48476 51002 60002 81100 333 20179 30/// 81840 90760 91112==
17175 12965 00202 10252 20203 30105 40109 52006 60002 333 20221 30020 55108 22202 90760 91105==
17184 12970 03301 10249 20138 30007 40112 50004 60002 333 20205 30020 55119 22462 90760 91104==
17190 12670 33601 10190 20128 38974 48501 50003 60002 83100 333 20151 30014 55107 83835 90760 91104==
17190 12670 33601 10190 20128 38974 48501 50003 60002 83100 333 20151 30014 55107 83835 90760 91104==
17195 12970 00102 10207 20144 38944 48492 55001 60032 333 20149 32013 55078 21901 70028 90760 91109==
17200 12960 03210 10278 20103 39130 40032 51004 60002 333 20210 30/// 90760 91119==
17202 12970 02910 10283 20093 39070 40027 52005 60002 333 20216 30/// 90760 91115==
17203 12970 00302 10273 20090 38823 48504 50004 60002 333 20210 30018 55086 22043 90760 91105==
17210 12970 00000 10332 20092 39064 40002 52005 60002 333 20249 30023 55103==
17219 12965 03609 10266 20173 39977 40113 52005 60002 333 20213 30021 55109 22403 90760 91114==
17234 12970 00901 10260 20180 30043 40107 52006 60002 333 20222 30021 55098 22324 90760 91103==
17237 12970 03401 10271 20141 39632 40104 52005 60002 333 20220 30017 55109 90760 91104==
17240 12970 00403 10236 20135 39012 40087 51004 60002 333 20174 30012 55078 22156 90760 91110==
17244 12970 02201 10217 20138 38975 48499 53001 60002 333 20154 32/// 70062 90760 91113==
17248 12970 02502 10201 20158 38959 48493 52006 60002 333 20155 31015 55000 70046 90760 91104==
17250 11670 51602 10207 20131 38788 48496 53001 60012 72582 83250 333 20160 31015 55097 22244 70040 83840 85360 90760 91109==
17260 12960 02814 10276 20166 39253 40008 53006 60002 333 20220 30021 90760 91119==
17270 12970 02403 10287 20166 39434 40031 51006 60002 333 20237 30021 90760 91114==
17275 12970 00000 10265 20147 38924 48479 52005 60002 333 20235 30018 55114 90760 91102==
17280 12960 02203 10295 20140 39292 40013 52003 60002 333 20199 30016 55111 22403 90760 91105==
17290 12970 03504 10288 20164 30074 40104 52007 60002 333 20266 30022 55112 90760 91109==
17292 12970 03004 10225 20144 39372 40084 53002 60002 333 20200 30019 55101 22403 90760 91111==
17300 12960 02304 10292 20166 30017 40084 52005 60002 333 20244 30023 90760 91111==
17310 12970 02102 10311 20236 30062 40069 52007 60002 333 20277 30024 55000 90760 91104==
17330 12970 03601 10316 20162 30058 40075 51003 60002 333 20254 30025 90760 91108==
17350 12660 21403 10293 20220 39992 40065 51004 60002 82200 333 20240 30/// 82835==
17370 12670 52506 10292 20227 30076 40080 53004 60002 83230 333 20283 30028 55055 83835 85360 90760 91112==
17375 12970 00000 10283 20182 30070 40072 52008 60002 333 20243 30021 55104 22466 90760 91103==
33088 32997 00401 10184 20131 30024 40208 52005 333 20152 555 10026=
33135 31996 00402 10206 20098 30069 40210 52005 70540 333 20150 555 10022=
33177 32997 00601 10195 20158 39977 40204 52004 333 20138 555 10027=
33317 32998 51002 10200 20127 39873 40194 53004 85030 333 20154 555 10027=
33393 32960 20301 10220 20141 39820 40190 52001 82030 333 20151=
33415 32998 20303 10208 20140 39811 40189 52003 80001 333 20185 555 10025=
33429 32997 20501 10218 20152 39784 40183 52004 82031 333 20170 555 10028=
33466 32998 03601 10226 20111 30009 40186 53010 333 20155 555 10030=
33506 32997 20903 10212 20072 30002 40189 52006 82031 333 20182 555 10027=
33562 32960 40302 10198 20134 39900 40190 51005 82031 333 20189 555 10024=
33587 32998 20501 10242 20114 39926 40174 52005 80001 333 20190 555 10029=
33658 32982 73204 10202 20152 39898 40183 52005 87030 333 20194 555 10024=
33663 32598 63101 10212 20148 30081 40172 53004 85330 333 20197 555 10025=
33664 32598 60102 10228 20130 39871 40169 53006 85230 333 20205 555 80015=
33678 32898 72802 10232 20099 39987 40184 52010 87050 333 20202=
33679 11497 73601 10227 20172 39997 40177 53009 69972 70282 87900 333 20206 87916=
33711 32960 20606 10250 20096 39962 40158 52002 80001 333 20180 555 10032=
33745 11597 80000 10218 20176 39990 40173 53005 69962 72581 8693/ 333 20189 555 80018=
33748 11597 70402 10236 20147 39890 40157 53007 69962 72581 87300 333 20194 555 80011=
33754 32598 73302 10237 20132 30022 40160 53007 82330 333 20217=
33761 32970 60304 10234 20127 39949 40159 52005 82034 333 20189 555 11024=
33791 32975 80604 10233 20087 30037 40157 52009 8805/ 333 20226 555 10025=
33815 11598 80101 10225 20119 39952 40148 53010 69902 70281 889// 333 20211=
33837 32676 83501 10226 20142 30086 40135 53006 8353/ 333 20209 555 10022=
33881 32598 73103 10213 20151 39959 40145 53004 87300 333 20199 555 80012=
33883 32598 73603 10223 20146 39983 40137 52001 87300 333 20192 555 80015=
33885 31596 83504 10184 20175 30022 40154 52001 71022 85340 333 20172 555 80012=
33892 32598 80303 10219 20135 39941 40141 52005 86350 333 20201 555 80020=
33902 32597 70505 10224 20115 30076 40132 53004 85350 333 20194 555 11020=
33924 11560 70703 10220 20190 30103 40115 58004 60012 72598 87900 333 20195==
33946 11581 80604 10230 20175 39905 40112 53005 60032 70298 82342 333 20195==
33983 11560 70705 10236 20173 30054 40111 52015 69962 70282 86330 333 20220==
34300 32997 40802 10228 20053 30036 40204 53008 84030 333 20188 555 10022=
34336 42/70 20702 10232 20047 30115 40213 52004 82030==
34344 42970 01701 10233 20095 30126 40209 52004==
34356 42960 00803 10293 20027 30072 40208 52001==
34357 42970 10901 10241 20047 30061 40206 52004 80001==
34398 12970 33102 10293 20076 30201 40210 58002 60002 80001 333 20145==
34415 32970 30901 10253 20080 30096 40186 52008 82039 333 20182 555 10031=
34438 42/// /0803 10248 20065 30016 40195 51009==
34445 42/70 10902 10254 20055 30098 40204 52006 81070==
34461 42960 00301 10250 20049 30157 40209 52002==
34473 32997 10704 10268 20050 30178 40213 52003 80002 333 20148=
34476 42970 10602 10294 20025 30204 40211 53003 80001==
34504 32975 60805 10244 20089 30003 40166 52010 86030 333 20218=
34535 42/70 31003 10265 20050 30119 40186 50003 83080==
34545 42/70 30604 10258 20059 30088 40192 51004 80081==
34555 42970 10303 10229 20107 30122 40208 50004 80001==
34560 42/60 21205 10262 20078 30028 40205 52005 82030==
34578 42960 01003 10279 20064 30199 40205 52004==
34579 42970 00503 10278 20051 30168 40209 52003==
34644 42560 60804 10247 20066 30101 40173 52001 83832==
34646 42/70 60805 10245 20122 30100 40177 54000 83031==
34655 42/60 30608 10278 20025 30128 40184 57002 83030 333 91012 90760 91112==
34662 42970 20703 10281 20031 30188 40199 58003 80002==
34691 12970 31102 10292 20050 30221 40210 53001 60002 80002 333 20162==
34720 42670 70504 10229 20107 30121 40158 52005 86530 333 20214 91011 90760 91111==
34727 42560 60704 10238 20120 30112 40141 54000 86500 333 91011 90760 91111==
34743 42960 20804 10265 20075 30088 40171 54000 80001 333 90760 91111==
34759 42/60 50806 10263 20083 30045 40166 53001 81031 333 91011 90760 91111==
34772 42970 00805 10266 20042 30192 40195 53004==
34785 42970 10907 10288 20038 30219 40198 52003 80001 333 90760 91110==
34798 12960 20904 10275 20101 30228 40201 52004 60002 80001 333 20171==
34824 42560 80703 10241 20143 30124 40129 52007 82431 333 20235==
34838 42960 80604 10231 20128 30036 40127 57006 80009 333 20213==
34845 42970 81004 10245 20123 30043 40143 57002 82004 333 91010 90760 91110==
34858 42960 61104 10256 20103 30052 40152 54001 80005 333 91010 90760 91110==
34861 42970 21008 10248 20068 39936 40162 57001 80005 333 20169 91010 90760 91110==
34866 42/70 21006 10282 20078 30176 40168 52001 80030==
34880 42960 10903 10279 20148 30211 40187 52002 80001==
34887 42970 00704 10280 20108 30197 40179 53004==
34949 42570 70905 10208 20144 39616 40129 52003 87500 333 90760 91111==
34954 42570 80703 10245 20146 39974 40135 58004 83501==
34958 42570 80905 10249 20148 39952 40137 57002 86501 333 90760 91111==
34975 41960 01206 10289 20102 30159 40155 52003 70700 333 91011 90760 91112==
34984 42970 00806 10285 20118 30199 40171 52005 333 91010 90760 91111==
35217 12960 23602 10282 20124 30172 40209 54000 60002 80004 333 20150==
35302 12970 00502 10274 20106 30195 40214 53003 60002 333 20152==
35315 32998 13301 10284 20109 30152 40204 54000 80002 333 20144=
35344 32999 33105 10223 20103 39928 40194 51001 81043 333 20140=
35345 36/// /3205 10235 20102 39888 40185 58001=
35358 12960 00502 10252 20124 30021 40176 57001 60002 333 20166==
35368 32999 50204 10248 20119 39928 40173 52002 80001 333 20155=
35386 32598 33002 10228 20088 39678 40155 58003 83100 333 20136=
35394 12670 62705 10215 20092 39530 40152 54000 60002 85230 333 20103==
35404 32998 21202 10275 20093 30208 40215 52003 80001 333 20135=
35406 12960 30501 10274 20107 30213 40215 52002 60002 80003 333 20158==
35416 12970 01701 10284 20106 30094 40204 58002 60002 333 20167==
35426 12984 00000 10274 20161 39934 40198 58002 60002 333 20145==
35437 32998 02601 10266 20105 39911 40197 58002 333 20157=
35449 32998 03105 10242 20140 30091 40185 52010 333 20193=
35497 12570 62702 10212 20056 39426 40161 58004 60002 86900 333 20068==
35498 32698 52503 10230 20071 39352 40155 57003 85200 333 20072=
35514 32998 00201 10305 20065 30214 40210 53001 80001 333 20174=
35519 32998 00504 10286 20094 30143 40208 54000 333 20154=
35522 32998 22801 10280 20163 39971 40199 58002 80001 333 20150=
35542 32999 03604 10274 20129 30054 40188 54000 333 20188=
35563 32598 32505 10244 20089 39452 40153 58003 83200 333 20156=
35576 12670 52503 10262 20074 39755 40162 58007 60002 85100 333 20120==
35582 32598 52305 10248 20144 39613 40158 58005 85900 333 20091=
35594 32599 22402 10236 20067 39390 40154 58004 82100 333 20079=
35605 32998 50503 10280 20093 30228 40208 52001 80004 333 20160=
35633 32998 00102 10282 20134 39998 40191 54000 333 20186=
35671 12570 62704 10272 20115 39779 40167 58005 60002 86500 333 20106==
35699 12660 22701 10240 20069 39475 40164 58003 60002 82100 333 20121==
35700 12970 31003 10291 20070 30227 40205 53002 60002 80001 333 20183==
35715 32999 00000 10301 20084 30215 40202 54000 333 20199=
35739 32999 00000 10284 20114 30064 40190 52001 333 20153=
35746 12970 00000 10297 20119 30127 40188 54000 60002 333 20148==
35777 32997 00000 10240 20082 39844 40159 52014 333 20135=
35796 12960 01904 10216 20160 39782 40182 58002 60002 333 20144==
35816 36/// /1401 10301 20067 30208 40219 50002=
35849 12970 02702 10283 20114 30116 40194 52001 60002 333 20150==
35895 32598 20203 10219 20139 39781 40190 58002 82200 333 20126=
35907 32998 00906 10258 20123 30212 40184 52003 333 20196=
35925 12970 13601 10309 20053 30096 40197 54000 60002 80002 333 20160==
35927 32998 00000 10293 20032 30195 53002 333 20164=
35953 12984 00000 10262 20088 30071 40193 58001 60002 333 20150==
35969 12984 03601 10294 20047 30030 40187 58002 60002 333 20121==
35997 32998 00901 10244 20050 39787 40184 52003 333 20122=
36259 42584 63005 10131 20012 38239 48498 52003 85901 333 90760 91111==
36335 32599 62305 10211 20050 39214 40152 58004 86300 333 20109=
36358 32599 62302 10219 20038 39218 40147 58002 85202 333 20079=
36394 32697 62505 10253 20034 39771 40154 58009 85530 333 20098=
36397 12684 62306 10242 20032 39646 40159 58004 60002 83230 333 20113==
36403 32698 72703 10234 20064 39827 40156 58009 87900 333 20121=
36418 32699 71104 10232 20072 39602 40162 58001 87900 333 20096=
36421 32699 61001 10193 20099 39658 40179 58012 85202 333 20063=
36428 12784 61203 10219 20077 39720 40179 51001 60002 82201 333 20094==
36439 12698 72804 10161 20071 38993 48540 51004 69900 86902 333 20070=
36467 32699 32703 10222 20033 39293 40157 58007 83200 333 20054=
36498 32598 52206 10236 20043 39440 40160 58009 85300 333 20075=
36501 32699 72707 10235 20159 39464 40145 58003 87200 333 20110=
36535 12/84 32803 10229 20072 39596 40173 52001 60002 83030 333 20069==
36546 32699 22502 10230 20086 39686 40178 52002 82300 333 20082=
36619 32699 42303 10264 20075 84100 333 20122=
36622 32798 32606 10229 20021 39434 40168 58005 83100 333 20062=
36639 12584 20000 10240 20057 39616 40167 58005 60002 82200 333 20056==
36643 32699 42502 10240 20071 39567 40168 58002 84200 333 20125=
36665 32699 22102 10217 20063 39506 40171 52001 82900 333 20144=
36666 32599 33602 10215 20116 39731 40183 52002 83100 333 20124=
36729 32698 20602 10251 20062 39731 40168 58005 82200 333 20151=
36736 32699 31901 10228 20102 39678 40185 58004 83200 333 20092=
36744 32998 00702 10272 20063 39771 40178 54000 333 20118=
36770 12699 22901 10234 20107 39512 40176 58002 60010 82200 333 20125=
36786 32699 22901 10229 20070 39327 40168 58002 82200 333 20124=
36796 32698 50000 10210 20062 39054 48550 58008 85100 333 20068=
36803 32599 60203 10230 20137 39775 40185 54000 86900 333 20155=
36806 32999 53206 10253 20009 39750 40177 58002 80001 333 20132=
36819 12998 30204 10245 20065 39615 40175 58002 69900 80001 333 20140=
36821 12984 03502 10233 20100 39733 40182 58004 69932 333 20130==
36839 12699 30203 10217 20084 39123 40161 58005 69960 83200 333 20132=
36843 11698 50602 10222 20084 39083 40163 58002 69900 70281 83902 333 20128=
36846 11699 21802 10171 20060 38654 48546 58006 69940 70281 82200 333 20081=
36859 11584 30000 10250 20111 39454 40166 58009 69932 70281 83900 333 20151==
36870 12660 13301 10246 20156 39221 40144 58006 60002 81200 333 20130==
36874 12699 20501 10236 20121 39452 40163 52006 60040 82200 333 20099=
36877 32699 11902 10246 20073 39269 40162 58005 81200 333 20091=
36885 12999 03602 10232 20096 39123 40159 58003 69900 333 20121=
36889 12699 20202 10069 20013 37129 47166 52004 60010 82100 333 20009=
36894 32699 20000 10252 20095 39488 40163 58008 82200 333 20150=
36905 32699 31102 10198 20118 38780 48556 58003 83200 333 20130=
36911 42699 12502 10256 20140 39249 40139 58009 81100 333 20115=
36927 42699 21402 10190 20084 38384 48536 58002 82900 333 20125=
36934 12599 41103 10180 20092 38299 48415 51005 60132 83332 333 20110=
36953 32699 53001 10140 20101 38251 48508 58007 85900 333 20080=
36963 42799 31102 10113 20011 37101 48/// 58005 83500 333 20017=
36974 42798 30901 10189 20073 38011 48529 58003 83200 333 20066=
36982 42599 20602 10067 21076 36601 47145 58001 82100 333 21025=
37018 41670 60502 10260 20196 30027 40097 52001 70182 83980==
37031 42560 81003 10232 20163 39933 40115 57005 8257/==
37054 42660 60601 10232 20153 39770 40129 57003 86500==
37061 42560 60806 10254 20162 39978 40134 58001 84501 333 91011 90760 91110==
37085 42970 00909 10285 20161 30166 40141 53002 333 91014 90760 91115==
37171 41770 80805 10236 20217 30080 40097 53010 72582 8595/ 333 20227 85950==
37228 42560 62901 10207 20147 39332 40115 52006 82570==
37235 42970 02702 10239 20159 39822 40116 52004==
37472 42960 01306 10267 20205 30143 40123 57004 333 91011 90760 91113==
38149 42970 00902 10274 20077 30124 40195 53033 333 20110==
38178 42970 00602 10300 20099 39911 40174 52001 333 20180==
38262 12970 00302 10272 20082 30118 40193 58001 60002 333 20134==
38264 42970 00405 10282 20017 30101 40188 57001 333 20142==
38345 42999 02701 10234 20065 38819 48537 58006 333 20088=
38353 42698 13201 10259 20070 39323 40152 52001 81100 333 20149=
38392 72997 00905 10285 20067 30084 40179 52004 333 20155 6////=
38396 42960 00504 10269 20090 30062 40178 54000 333 20152==
38403 42960 00703 10302 20133 30049 40160 52003 333 20217==
38413 42970 00505 10296 20045 39873 40139 58022 333 20216==
38457 12960 00000 10276 20081 39589 40131 57001 60002 333 20162==
38462 42984 01802 10232 20038 38772 48524 58008 333 20104==
38462 42984 01802 10232 20038 38772 48524 58008 333 20104==
38507 72965 00902 10297 20040 30052 40147 57003 333 20209 6//// 91004 555 50289=
38545 32998 00604 10288 20086 39994 40156 52002 333 20152=
38565 12970 00302 10274 20104 39569 40141 51002 60002 333 20122==
38579 12984 01002 10270 20100 39746 40133 52013 60002 333 20142==
38583 12960 02901 10275 20122 39841 40139 54000 60002 333 20133==
38599 32998 00604 10266 20090 39656 40133 58006 333 20152=
38611 42960 01102 10269 20143 39609 40127 57001 333 20182==
38613 42999 00101 10261 20115 40123 57008 333 20162=
38616 42998 02701 10240 20121 39201 40146 54000 333 20155=
38618 12960 00000 10269 20131 39484 40119 57009 60002 333 20170==
38647 72998 00808 10290 20041 30096 40135 54000 333 20196 6////=
38656 72998 00902 10300 20045 30058 40159 58001 333 20194 6////=
38683 42960 03606 10280 20100 39878 40134 52003 333 20142==
38687 32997 00205 10274 20077 39918 40136 52001 333 20189=
38696 12984 00702 10267 20095 39320 40111 52003 60002 333 20162==
38713 32998 03401 10244 20084 39043 48540 51008 333 20131=
38750 72997 02902 10305 20248 30171 40145 53017 333 20200 6////=
38763 72998 01006 10270 20065 30057 40155 52008 333 20180 6////=
38774 72998 01104 10294 20094 39988 40170 52011 333 20189 6////=
38799 32997 00703 10286 20067 39933 40147 52014 333 20178=
38806 32997 03603 10274 20155 39867 40108 52004 333 20168=
38812 42960 02502 10278 20112 39686 40104 52005 333 20167==
38880 02997 01104 10290 20049 39917 40154 53007 60002 333 20185 6////=
38886 72997 03201 10278 20086 39944 40156 52017 333 20156 6////=
38895 32996 03601 10290 20095 39877 40145 53004 333 20180=
38911 32998 00000 10256 20086 39853 40128 52016 333 20180=
38915 32997 00000 10260 20095 39830 40133 52010 333 20178=
38927 12960 02402 10268 20073 39767 40117 58002 60002 333 20168==
38933 32999 00000 10276 20161 39649 40124 54000 333 20155=
38944 32997 00000 10279 20050 39556 40050 58007 333 20183=
38954 32899 80000 10227 20076 37913 48460 530022 85901 333 20138=
38974 72998 03401 10263 20067 39831 40143 52003 333 20170 6////=
38987 72996 00103 10251 20064 39436 40131 58004 333 20087 6////=
40030 32570 22303 10284 20175 40102 51009 82500 333 20248 82630=
40066 32570 32703 10260 20190 4//// 5//// 83400 333 20214 83626=
40080 32965 02109 10254 20148 39410 4//// 54000 333 20198=
40100 43970 02010 10297 20205 30106 40121 51009 6///1 333 58///=
40180 12560 32203 10288 20209 30067 40114 52009 60002 83100 333 10288 20256 70000==
40199 12/// /0305 10302 20193 30094 40118 52007 60002 333 10352 20273 70000==
40265 31650 32603 10236 20173 39366 40125 52008 70511 83100 333 20182 30014 83835=
40270 31656 32609 10232 20166 39256 40116 52007 70500 83100 333 20205 30019 83835=
40272 31550 32812 10234 20168 39323 40119 52008 71000 83100 333 20185 30017 83825=
40340 32960 03514 10286 20198 30062 40123 52007 333 20262 30025=
40356 42960 03306 10221 20120 39160 48506 333 20194 59003==
40357 42960 03210 10297 20100 39469 40062 333 20268 59001=
40360 42960 03014 10255 20160 39540 40102 333 20209 59002=
40361 42960 02908 10287 20110 39356 40110 333 20251 59002=
40362 42960 03118 10322 20040 39573 40052 333 20263 59005=
40373 42960 03206 10362 20030 39651 40037 333 20278 58001=
40375 42960 03408 10298 20090 39255 40073 333 20274 59002=
40394 42960 03306 10334 20090 39007 48521 333 20286 59009 555 04410 50063=
40394 42960 03306 10334 20090 39007 48521 333 20286 59009 555 04410 50063=
40400 42960 01906 10329 20260 30055 40082 333 20301 58008=
40405 42960 03212 10351 20050 39360 40051 333 20274 59003=
40417 42960 03111 10374 20060 39998 40012 333 20302 59002=
40420 42960 03311 10374 20030 39824 40018 333 20316 58003=
40430 42660 52605 10341 20130 39378 40079 85500 333 20317 59001 85640=
40437 42960 03307 10360 21010 39385 40038 333 20292 58002=
40439 42660 22605 10344 20260 30072 40090 82500 333 20314 58012 82640==
40582 32960 13417 10387 20106 40019 52010 80001 333 55307 00670 10000 22047 30774 41294 51669 62821 55407 41273 90400 91023 91123 91217 91307=
40703 12960 00000 10256 20134 38889 40062 50007 60001 333 30015 50881 70000 555 10181 29047=
40706 12562 11207 10246 20125 38632 40060 58007 60001 81400 333 30017 51361 70000 555 10172 29047=
40712 12965 00204 10240 20133 38657 40055 50001 60001 333 30013 50761 70000 555 10174 29051=
40713 12962 01009 10251 20135 38635 40039 54000 60001 333 30020 51151 70000 555 10179 29049=
40718 12560 11301 10298 20217 30162 40135 51001 60001 81100 222// 0//// 20301 333 30023 50381 70012 81820 555 10243 29062=
40723 12970 01502 10215 20006 38966 40144 50000 60001 333 30005 50851 70000 555 10115 29025=
40726 12960 00905 10240 20134 38638 40050 52002 60001 333 30016 50831 70000 555 10174 29051=
40727 12965 01503 10265 20106 38464 40031 54000 60001 333 30013 51121 70000 555 10169 29037=
40732 12560 23505 10288 20230 30144 40121 50002 60001 82200 333 30024 50621 70000 82823 555 10248 29071=
40736 12560 12901 10302 20226 30157 40133 52005 60001 81600 333 30021 50451 70000 555 10250 29064=
40737 12960 03001 10318 20213 30107 40124 54000 60001 333 30019 50391 70000 555 10247 29054=
40738 12960 02704 10296 20191 30143 40145 50003 60001 333 30013 51141 70000 555 10227 29054=
40739 12965 00604 10232 21003 38693 40107 50003 60001 333 30012 51031 70000 555 10118 29021=
40741 12960 00000 10288 20084 39827 40141 50005 60001 333 30017 51231 70000 555 10174 29028=
40743 12970 01105 10244 20007 39062 40118 58004 60001 333 30017 51301 70000 555 10128 29021=
40745 12965 00704 10235 20084 39051 40144 51005 60001 333 30009 51181 70000 555 10151 29038=
40747 12960 03603 10273 20049 38604 40022 50002 60001 333 30020 51271 70000 555 10151 29024=
40754 12962 01604 10230 20040 38822 40072 52006 60001 333 30019 51321 70000 555 10146 29023=
40762 12965 00602 10225 21023 38551 40093 52006 60001 333 30012 51181 70000 555 10109 29019=
40766 11958 01303 10295 20016 38639 49998 55001 60001 70600 333 30011 51241 70000 555 10149 29017=
40768 12965 01207 10267 21004 38247 40023 50001 60001 333 30010 50951 70000 555 10130 29017=
40769 12960 00701 10261 20027 38297 40037 52005 60001 333 30015 51201 70000 555 10137 29022=
40780 12960 01401 10324 20058 38632 40009 52008 60001 333 30017 51041 70000 555 10173 29019=
40782 12960 00000 10306 20058 38800 40006 52003 60001 333 30011 51141 70000 555 10167 29021=
40785 12960 00905 10309 21018 39051 40060 50001 60001 333 30020 50861 70000 555 10149 29012=
40791 12965 00602 10316 21049 39295 40060 51002 60001 333 30020 51401 70000 555 10147 29009=
40792 12965 02002 10242 21030 38698 40067 50006 60001 333 30013 51371 70000 555 10116 29016=
40798 12960 00402 10257 21017 37970 40027 52002 60001 333 30009 51101 70000 555 10121 29016=
40800 12960 01203 10303 21012 38454 40037 53003 60001 333 30017 51281 70000 555 10144 29013=
40809 12962 00804 10247 21089 38469 40048 58001 60001 333 30012 51631 70000 555 10105 29010=
40811 12960 02602 10350 20138 39963 49987 51006 60001 333 30025 51181 70000 555 10219 29028=
40812 12960 01501 10406 20105 39635 49976 52008 60001 333 30025 51221 70000 555 10222 29017=
40818 12965 03202 10258 21028 37981 40008 57003 60001 333 30014 51251 70000 555 10119 29015=
40821 12962 03003 10286 21023 38767 40052 50004 60001 333 30022 51491 70000 555 10137 29013=
40829 11925 03415 10291 20042 39509 40045 51014 60001 70700 333 30020 52981 70000 555 10160 29020=
40831 12960 03106 10357 20130 30000 40008 52011 60001 333 30024 51761 70000 555 10218 29026=
40833 12960 02502 10384 20121 39975 40005 52011 60001 333 30023 51241 70000 555 10223 29021=
40835 12960 00000 10369 20094 39231 49992 52007 60001 333 30020 51141 70000 555 10204 29019=
40841 12960 01802 10268 20001 38239 40025 50003 60001 333 30016 51231 70000 555 10132 29017=
40845 12960 03207 10357 20236 39995 40000 52012 60003 333 30034 51431 70000 555 10271 29050=
40848 12960 00000 10330 20066 38484 49980 52007 60001 333 30013 51301 70000 555 10176 29019=
40851 12960 00000 10302 20006 38242 49996 51002 60001 333 30018 51221 70000 555 10146 29015=
40854 12960 00103 10318 21023 38897 40010 50005 60001 333 30025 51231 70000 555 10150 29011=
40856 11957 00402 10265 21026 38602 40035 51007 60001 70500 333 30011 51091 70000 555 10126 29014=
40859 12960 02802 10344 20048 38648 49979 52007 60001 333 30018 51301 70000 555 10176 29016=
40875 11950 02203 10361 20268 39980 49991 51010 60001 70500 333 30029 50951 70000 555 10293 29059=
40879 11940 00206 10377 20033 39378 40001 51006 60001 70700 333 30027 52061 70000 555 10189 29012=
40882 11930 00803 10360 20291 39956 49988 51009 60001 70500 333 30029 50781 70000 555 10308 29068=
40883 11930 01803 10358 20297 39967 49989 53013 60001 70500 333 30030 50761 70000 555 10312 29071=
40893 11450 21307 10317 20278 39992 49997 52019 60001 71000 82600 222// 00300 20401 333 30032 5072 1 70000 82715 555 10289 29080=
40898 11556 21503 10312 20268 39979 49988 50002 60001 70500 82600 222// 00304 20900 333 30025 50741 70000 82720 555 10280 29078=
41024 42660 42608 10336 20270 30057 40082 84500 333 20328 59003 84640==
41036 42960 03508 10276 20130 38568 48519 333 20220 58002==
41055 42960 03215 10271 20080 38368 48510 333 20237 58001==
41061 41/40 23314 10370 20010 39369 40024 70700 82030 333 20317 58012 82358==
41084 42960 03012 10325 20080 38831 48503 333 20289 58006==
41112 42960 03507 10230 20090 37956 48512 333 58000==
41114 41958 00210 10235 20090 37990 48511 70500 333 20172 58002==
41128 41550 43610 10340 20010 38780 48502 70633 82430 333 20300 58012 82630 83359==
41136 42960 00906 10354 20030 39245 40006 333 20290 59006==
41140 42560 13103 10331 20250 30066 40072 81100 333 20286 59011 81830==
41150 42962 03216 10374 20252 40008 333 20350 30035 58001=
41170 41957 03212 10392 20227 39985 49998 70600 333 20343 59007=
41176 44/57 /3515 10391 20216 39989 49995 333 20285 59009=
41184 41957 29902 10382 20258 49995 70600 80001 333 59003 82070=
41194 11950 20210 10376 20285 39987 49992 60001 70500 80001 333 20318 59006 82075=
41196 11950 19902 10363 20272 39960 49999 60001 70500 81030 333 20299 59005 81368=
41216 42960 23105 10362 20298 39992 49996 82030 333 20326 59007 62368=
41217 41958 23007 10359 20297 39965 49992 70500 82030 333 20324 30031 59006 82368=
41255 36/// /1802 10362 20193 39496 49974 333 0E031 20285 59007=
41256 31989 20205 10355 20224 39978 49995 70511 80001 333 20300 59008 55407 55408 55507 55508 82170=
41258 36/// /0805 10333 20283 39985 49988 333 0E/// 20299 55310 21425 59010=
41263 36/// /1401 10365 20188 39440 49966 333 0E029 20295 55300 21205 59008=
41265 36/// /2002 10385 20156 39435 49963 333 0E032 20288 55300 21648 59011=
41267 36/// /0305 10324 20269 39985 49997 333 0E030 20295 58004=
41275 36/// /1106 10349 20195 39849 40009 333 0E028 20272 55300 21799 59011=
41288 36/// /2008 10284 20238 39990 40011 333 0E026 20241 59012=
41315 26/04 /1607 10230 20229 39246 47341 333 0E024 20221 55300 27865 59012 70004=
41316 31136 81805 10257 20252 30026 40055 75055 887// 333 20250 59013 55407 55408 55507 55508 83703 86710 88618=
41397 61809 10250 2//// 40226 50017 70222 8547/ 22200 00268 20601 314// 41004=
41398 81734 10240 20225 40215 54000 75050 84778 22263 00230 20502 313// 41205 80230=
41480 41458 22506 10302 20243 30039 40048 70544 81530 333 20275 59022 81618=
41497 61804 10297 20253 40093 58007 70222 84251 22283 04288 20302 31421 40703 50602=
41498 32416 10290 20257 40151 52001 700// 83240 22273 04291 20502 323// 40502 80265=
41506 12460 71802 10235 20168 38503 48020 60001 84520 333 56880 58053==
41508 12440 82301 10218 20190 38649 48250 60001 8572/ 333 5688/ 58027==
41515 12460 80000 10215 20159 38521 48860 60001 8552/ 333 5688/ 58037==
41523 12440 80000 10235 20206 39066 48060 60001 8572/ 333 5688/ 58029==
41535 11440 80000 10200 20192 38706 48820 60061 76066 8652/ 333 5688/ 58030==
41536 11440 80000 10205 20198 39017 48010 60021 76066 8872/ 333 5688/ 58020==
41560 12460 60000 10210 20188 38288 48060 60001 83520 333 56880 58023==
41571 11620 70505 10220 20220 39536 40108 60141 76062 85330 333 56880 58030==
41598 11440 81301 10240 20240 39821 40087 60131 79596 88910 333 56880 58035==
41600 11440 83101 10260 20238 39798 40085 69951 70422 8652/ 333 5688/ 58037==
41620 12440 83602 10235 20165 38546 48520 60001 84510 333 56880 58020==
41624 12460 40501 10280 20229 39879 40073 60001 83520 333 56880 58038==
41630 11410 70503 10270 20263 30000 40080 60021 72896 87770 333 56880 58034==
41640 11440 60000 10295 20253 39833 40072 60001 70422 83570 333 56880 58026==
41660 12460 71306 10240 20148 38397 48830 60001 85430 333 56880 58032==
41678 11440 60000 10320 20258 30000 40049 60001 70500 83520 333 56880 58022==
41696 12460 80000 10180 20165 37967 48680 60121 84520 333 56880 59006==
41697 12460 40000 10300 20258 30000 40049 60001 84500 333 56800 58027==
41700 11440 60503 10310 20269 30000 40047 60001 70422 84530 333 56880 58031==
41710 11920 00000 10315 21022 39267 49994 60001 70600 333 58016==
41712 11920 50504 10325 20024 39110 48660 60001 70700 85010 333 56080 58030==
41715 11440 80502 10280 20252 39982 40045 60001 70522 8453/ 333 56880 58023==
41718 11420 70502 10290 20276 39948 40046 60111 70452 83530 333 56880 58027==
41725 12440 70502 10300 20251 30000 40035 60001 84630 333 56880 58030==
41739 11940 03604 10300 20040 38966 48510 60001 70500 333 58009==
41744 11440 80000 10210 20163 38722 48530 60061 72162 8851/ 333 5688/ 58012==
41749 12440 80505 10300 20243 39980 49913 60001 84530 333 56880 58008==
41756 11240 30901 10310 20261 39948 40011 60001 70504 83600 333 56800 59006==
41759 11940 50000 10340 20241 39995 40000 60001 70511 85010 333 56080 59011==
41764 12440 70409 10280 20237 39950 49998 60001 85570 333 56880 58018==
41768 12440 71106 10270 20241 30027 40034 60011 84600 333 56800 58063==
41780 11440 70209 10290 20240 39955 49981 69901 70452 86630 333 56880 59018==
41785 12460 80903 10260 20238 39969 49981 60001 84530 333 56880 58023==
41859 02450 80000 10348 20260 30009 40046 8562/ 333 59011 70000 82710 84618 88458==
41883 02450 80000 10326 20280 30032 40052 8452/ 333 59004 70000 84618 88458==
41891 41450 30000 10336 20250 30010 40047 70510 83300 333 59003 82616 81930==
41907 01450 60000 10315 20270 30032 40046 72992 83530 333 59004 70000 83615 85362==
41923 11450 60902 10336 20250 30043 40053 60026 70296 83530 333 58001 70086 83615 86365==
41936 41450 41603 10338 20260 30036 40043 70522 82830 333 59001 82615 84362==
41943 02450 41801 10345 20260 30040 40047 83830 333 59005 70010 82616 83828==
41950 02450 31702 10344 20250 30044 40046 83400 333 59002 70000 82617==
41978 02460 42206 10337 20270 30038 40044 82530 333 59005 70098 82618 83368==
41992 01435 30000 10318 20260 30048 40050 70521 83500 333 59004 70000 83616==
42001 30061 99259 70897 46/// /1207 10295 20276 30135 40138 90540 22200 00310 333 91208 555 11074 22079 8//07 90534=
42027 21595 82701 10180 20169 38400 48484 76162 8572/ 333 58007 6003/=
42044 21595 83601 10174 20162 38310 48544 76166 8352/ 333 58046 6994/=
42045 21595 80000 10188 20173 38340 48466 75065 8452/ 333 58040 6992/=
42056 21596 80000 10272 20243 39658 75062 8352/ 333 58038 6992/ 83630 88456=
42071 32596 41604 10326 20302 40077 82430 333 58021 82625 83359=
42097 30061 99257 70837 46/// ///// 1//// 90626 22200 00300 10502 20502 70010=
42101 32596 50000 10316 20275 40077 85400 333 58016 82625 85830=
42111 32596 42302 10328 20233 39380 40046 83830 333 58007 82835 83360=
42123 32696 70000 10308 20266 40061 83521 333 58035 83635 86460=
42131 32696 41401 10342 20258 40062 84400 333 58026=
42165 32696 50000 10330 20245 40046 83530 333 58037 83635 85360=
42182 31695 30904 10324 20263 40066 70500 82530 333 58021 82635 83360=
42189 31595 50000 10332 20263 40054 70511 83530 333 58003 83620 85360=
42309 31596 60702 10348 20292 40038 70522 85800 333 59005=
42314 32596 63404 10346 20295 40038 83431 333 59008 83825 85360=
42328 31595 41403 10304 20238 40019 70500 84500 333 58040 84630=
42339 31695 71403 10312 20237 40052 70520 86830 333 58039 82635 84842=
42348 31595 61104 10292 20258 40062 71022 85930 333 57931 58017 83625 83830 81935=
42361 31596 50000 10330 20260 40054 70510 85400 333 58008 83620 85825=
42369 31596 50902 10346 20317 40052 70521 85400 333 58004 83620 83825=
42379 31495 60903 10346 20272 40049 70520 83430 333 58005 83618 85358=
42410 31596 40000 10358 20279 40046 70521 82530 333 59010 82620 83360=
42415 32596 30000 10356 20292 40049 83400 333 59014 82620=
42452 31696 42702 10290 20241 40057 71010 84200 333 58022=
42492 31496 40000 10344 20273 40049 70511 84400 333 58002 83618 83825=
42559 32596 60000 10310 20238 40046 84202 333 58010 84825 86075=
42571 31596 50000 10320 20264 40044 70291 84830 333 59002 82625 83830=
42591 31496 31404 10340 20259 40052 70510 83400 333 58001 82618=
42623 31496 51804 10304 20249 39211 40043 70521 83530 333 58003 83618 85360=
42634 21495 81806 10276 20241 49997 75055 88600 333 58055 6002/ 88718=
42647 31495 61806 10318 20256 40054 70522 84830 333 56590 58040 83618 83825 85358=
42667 21596 72002 10270 20242 39493 40069 76062 83530 333 58010 6990/ 83620 85360=
42675 32596 40503 10314 20249 40043 84200 333 59002 84830=
42701 31496 51402 10296 20252 39332 40035 71011 85400 333 59005 83618 83825=
42724 32496 62703 10328 20264 40048 84630 333 59002 83618 83360=
42737 32496 62014 10286 20243 40036 84730 333 58045 84712 86358=
42754 32496 62903 10284 20227 39439 40057 85830 333 58014 82618 83825=
42779 32596 40000 10302 20245 39370 40042 84830 333 58005 81620 84825=
42798 31496 41106 10344 20248 40038 70521 84400 333 59001 82618 83825=
42809 32496 30902 10340 20256 40049 83400 333 59002 83618=
42840 32596 62005 10306 20261 40064 84830 333 58025 82620 83825 85360=
42867 21495 71803 10260 20237 40060 79596 86920 333 58001 6995/ 82710 83618 81930 87458=
42874 31596 50501 10308 20251 40049 70222 85500 333 59003 81620 85825=
42886 31596 60000 10318 20259 40044 70521 85530 333 58001 85620 86360=
42895 32596 60902 10326 20271 40046 84430 333 59002 84620=
42909 21496 82504 10270 20264 40046 75365 8572/ 222// 20000 333 58026 6009/ 85715 88458=
42971 31496 60504 10312 20262 40041 70522 85430 333 59007 84618 86360=
43003 31595 62304 10310 20247 40072 70422 84830 333 58009 82620 84825=
43014 31596 62903 10296 20225 39427 40054 70542 83830 333 58011 82620 83825 84360=
43041 31596 80202 10274 20234 39437 40039 70522 8541/ 333 59008 83620 85825 88458=
43063 32597 72701 10268 20216 39462 40075 85730 333 56690 58015 82722 83626 85356=
43086 32597 52701 10290 20270 39875 40049 83530 333 59002=
43110 31496 52508 10296 20254 40089 70162 85500 333 58006 83618=
43117 32597 41402 10306 20248 40063 83430 333 58013=
43150 21496 80000 10274 20257 39970 40030 76065 8487/ 333 59015 6998/ 83618 88458=
43192 21496 52712 10300 20272 40084 72062 82631 333 59002 6990/=
43198 21396 72710 10250 20221 39262 40076 72162 84631 333 56699 58003 6993/ 83707 84612 85358=
43237 32597 82706 10300 20217 39663 40047 8552/ 333 58002 85620 88458=
43284 31296 72508 10290 20256 39978 40092 70242 85631 333 59003 82704 83612=
43295 32497 62704 10250 20193 39084 48498 83531 333 56699 58001 83612 83358=
43314 21496 60000 10298 20265 40103 70262 83271 333 59001 6006/=
43333 31496 72309 10292 20246 40088 70522 84431 333 58020 83618 83360=
43369 21496 82703 10286 20255 40112 70262 8447/ 333 58000 6998/ 84618 86358=
43404 22470 62205 10304 20271 30077 40080 56003 83/// 333 553// 20435 58001 60008 82920 91010 555 60008==
43410 22470 8//// 10319 20225 30080 40083 52005 87000 333 58004 60008 70000==
43413 22470 62206 10308 20255 30088 40092 58001 85202 333 553// 20559 59001 60008 91011==
43415 22470 42303 10308 20242 39990 40098 54000 84000 333 58000 60008 70000 555 60008==
43418 21470 72304 10310 20241 30042 40083 57001 78082 86000 333 58003 69908 555 69908==
43421 22470 52603 10318 20242 39989 40092 54003 85000 333 553// 20320 58003 60008 91008==
43422 21470 62703 10301 20238 39963 40095 57001 70228 86200 333 58005 60008 555 60008==
43424 22470 72704 10304 20256 30097 40099 51004 84000 333 58001 60008 70050 555 60008==
43436 22/70 73201 10318 20234 30082 40085 57004 87000 333 58000 60008 555 60008==
43441 21470 62302 10289 20253 39966 40098 51002 79598 8622/ 333 58004 69938 70008 81/20 555 69938==
43444 21470 72704 10280 20226 39572 40098 58001 70382 85000 333 58003 60008 70030 555 60008==
43450 21/70 82308 10301 20250 30100 40112 51011 70382 333 553// 20010 58000 69908 88/60 555 69908==
43466 21470 82302 10300 20232 30101 40109 5/003 70382 88270 333 553// 20334 59006 60008 91005 555 69908==
43467 22/70 72304 10313 20249 30104 40110 57001 333 58001 60008 82816 81918 555 60008==
43473 21262 82604 10162 20162 38127 48492 53001 75052 88000 333 553// 20113 59002 60008 91008 555 60008==
43475 22470 52602 10344 20219 30083 40087 57009 84200 333 553// 20518 58001 60008 91005 555 60008==
43476 22467 71800 10232 20193 38776 48524 51001 86000 333 58002 60008 70000 555 60008==
43479 22470 80501 10254 20195 39257 54000 87000 333 58005 60008 555 60008==
43486 21468 80501 10297 20260 30008 40107 5/004 70582 87000 333 553// 20293 58007 60008 91002==
43495 22468 82307 10292 20253 30096 40109 5/010 85000 333 58040 60008 70028 555 60008==
43497 21970 72305 10274 20000 30085 40102 52003 78082 87/// 333 58007 69948 70004 83818 83/18 91009==
44212 41570 73407 10182 20054 39054 40109 52011 70296 875//==
44213 41670 60505 10182 20061 38747 40104 52007 70262 86500==
44214 42670 62907 10170 20006 38265 40110 51001 86200==
44215 41670 62709 10180 20015 38378 40094 52003 70732 86200==
44217 32698 22302 10143 21019 37878 40163 51003 82200 333 91208=
44218 42684 62705 10246 21046 38560 40055 58002 85204==
44219 41699 72201 10203 20098 38575 40081 52003 70262 85270 333 91204=
44265 42684 72506 10180 20086 38826 40143 58002 82138==
44266 32699 72309 10149 20066 37779 40115 52004 86520 333 91113 91210=
48010 42560 41801 10315 20265 39910 40057 83830 333 58005==
48020 42460 41801 10330 20258 82231==
48025 42456 50000 10320 20365 39932 40067 58008 83340==
48048 42557 71803 10320 20265 30014 40069 85950 333 58005==
48052 32457 60000 10316 20236 86800 333 56900=
48062 42558 51407 10310 20267 30049 40055 84930 333 58000==
48064 42458 41401 10307 20267 39989 40046 83830 333 58010==
48094 41457 81801 10268 20260 30062 40072 76066 8597/ 333 58018==
48109 42460 82305 10310 20267 30079 40082 8697/ 333 58014==
50557 14/80 /3603 10216 20127 39752 40034 57008 60001 333 10218 20130 3/011 59041 70002 90761 91109==
51076 14/80 /2604 10200 20087 39337 40176 57002 60001 333 10266 20100 3/011 58082 70001 90761 91108==
51087 14/76 /2906 10193 20103 39201 40178 54000 60001 333 10295 20123 3/013 58082 70092 90761 91110==
51156 14/80 /2702 10180 20031 38714 40177 52002 60001 333 10230 20087 3/009 58062 70030 90761 91109==
51243 14/80 /2903 10266 20050 39653 40167 57007 60001 333 10267 20181 3/018 58075 70004 90761 91108==
51334 14/80 /3402 10256 20106 39796 40178 57001 60001 333 10258 20143 3/013 58050 70006 90761 91106==
51379 14/75 /1801 10179 20136 39290 40196 57003 60031 76000 333 10300 20151 3/017 58112 70095 90761 91107==
51431 70000 555 10271 29050=
51463 14/80 /0104 10182 20103 39052 40194 57004 60001 333 10246 20136 3/014 58095 70197 90761 91106==
51573 14/37 /2803 10314 20145 30026 40071 52016 60001 70600 333 10412 20288 3/030 58082 70000 90761 91109==
51644 14/74 /1003 10264 20117 38890 40060 52008 60001 333 10273 20171 3/018 58037 90761 91106==
51656 14/68 /1602 10241 20161 39083 40065 52008 69901 72160 333 10345 20221 3/023 58063 70001 90761 91108==
51709 14/80 /3202 10271 20015 38590 40066 57008 60001 333 10272 20170 3/015 58028 70073 90761 91109==
51711 14/77 /2303 10208 20048 38010 40029 57008 60001 333 10211 20133 3/009 58007 70001 90761 91108==
51716 14068 02401 10228 20166 38860 40079 57005 60001 333 10228 20171 3/016 58009 70042 90761 91105==
51765 14/50 /1601 10294 20162 39126 40038 52003 60001 70600 333 10374 20211 3/020 58066 70000 90761 91105==
51811 14/80 /3002 10263 20096 38747 40075 57006 60001 333 10264 20173 3/017 58022 70033 90761 91104==
51818 14/80 /2802 10249 20075 38612 40079 57005 69931 333 10252 20153 3/016 58031 70017 90761 91108==
51828 14/60 /2802 10223 20149 38616 40085 57003 60001 333 10277 20191 3/020 58063 90761 91107==
51886 14/76 /1903 10234 20087 37142 49971 57011 69911 333 10298 20160 3/015 58031 70004 90761 91108==
52203 14/56 /0201 10304 20123 39229 40029 54000 60001 70600 333 10382 20233 3/025 58043 70000 90761 91112==
52602 14/80 /3502 10272 20091 37276 49929 57008 60001 333 10309 20188 3/018 58018 90761 91111==
52681 14/60 /1005 10326 20176 38541 49953 57008 60001 333 10330 20237 3/022 59037 70000 90761 91113==
52818 14/80 /3002 10282 20104 37245 49925 57009 60001 333 10329 20193 3/016 58029 70000 90761 91113==
52908 14/74 /2405 10176 21011 35867 49968 57006 60001 333 10184 20049 3/002 58010 70000 90761 91110==
53463 14/80 /1702 10306 20134 38832 40072 57016 60001 333 10309 20169 3/017 58012 70000 90761 91106==
54857 14/70 /2203 10319 20226 39984 40072 57018 60001 333 10328 20242 3/022 59012 70000 90761 91107==
55228 14/80 /2702 10169 20005 36096 49969 57007 60001 333 10191 20076 3/005 58009 70001 90761 91105==
55299 14/80 /1003 10166 21020 35947 40003 57016 60001 333 10191 20035 3/000 58011 70000 90761 91106==
55578 14/80 /1202 10200 20024 36445 49980 57013 60001 333 10220 20091 3/009 58016 90761 91106==
55591 14/80 /2302 10220 20011 36593 49977 57017 60001 333 10245 20121 3/008 58015 70000 90761 91105==
55664 14/80 /1604 10163 21018 36084 40002 57014 60001 333 10172 20074 3/006 58010 70000 90761 91108==
55773 14/80 /1406 10130 20054 36096 40068 57008 60001 333 10130 20033 3/001 58012 70012 90761 91111==
56004 14/80 /1303 10179 21004 35921 49972 57011 60001 333 10197 20054 3/000 58008 70000 90761 91111==
56018 14/80 /1801 10232 20003 36260 49957 57019 60001 333 10250 20046 3/004 58005 70000 90761 91105==
56116 14/80 /2503 10231 20026 36409 49976 57024 60001 333 10251 20066 3/004 58006 70000 90761 91105==
56299 70318 82918 83370 83280 555 93006=
56312 14/80 /1402 10255 20076 37119 40007 57034 60001 333 10275 20108 3/010 59002 70000 90761 91104==
57494 14/70 /2202 10343 20230 30041 40069 57017 60001 333 10344 20259 3/027 59003 70000 90761 91105==
58847 14/70 /0502 10349 20233 39971 40067 57018 60001 333 10357 20266 3/026 58021 70000 90761 91104==
62306 42960 22204 10277 20221 40140 52010 80001 333 20242==
62309 42560 32502 10280 20215 40125 83500 333 20240==
62332 42960 02610 10288 20228 40125 52009 333 20267==
62337 42960 02203 10292 20219 40119 52006 333 20242==
62366 45960 00104 10269 20221 40125 52012 333 20260==
62387 42960 03505 10283 20197 40122 52007 333 20242==
62393 42960 03508 10300 20166 40144 52007 333 20252==
62405 42960 02703 10334 20138 40108 52018 333 20290==
62414 41930 02405 10349 20188 40111 52007 70600 333 20323==
62419 12/60 61511 10309 20202 40117 52031 60314 86020 333 20248 70310==
62420 42960 00301 10304 20168 40126 52007 333 20261==
62435 42960 00206 10327 20138 40105 52015 333 20309==
62440 42560 20000 10284 20204 40126 52005 82200 333 20244==
62455 42960 03406 10292 20217 40125 333 20256==
62458 42960 03204 10294 20188 40010 52016 333 20270==
62459 41958 03018 10301 20223 40088 52008 70700 333 20286==
62465 42960 03517 10325 20193 40090 52007 333 20307==
62880 32970 70000 10255 20190 39610 40113 87070 333 1036/0 2021/5 56090 59003 87365 VP21/4=
63210 32980 01613 10349 20210 40052 333 20306 58003=
63330 12580 12703 10176 20136 37818 40294 69924 81100 333 20130 59004 81822=
63331 32980 0//// 10174 20160 38125 40266 333 20140 59012=
63332 32980 10000 10190 20150 38247 40147 80001 333 20128 58000 81070=
63333 12580 10000 10224 20140 38183 40200 69964 81100 333 20146 59009 81826=
63334 11570 50000 10160 20126 37655 4//// 60034 7102/ 82130 333 20100 58001 82827 83358=
63340 12580 70000 10158 20158 37978 40209 60044 87030 333 20127 58001 87358=
63402 11560 50000 10180 20165 3//// 4//// 60054 7102/ 83230 333 20130 5//// 83827=
63403 32080 73402 10170 20164 81670 333 20125 81700 87358=
63450 32580 70602 10148 20108 37778 40305 86830 333 20122 58007 83822 84623 85357=
63451 31570 60402 10162 20139 38180 40170 7102/ 86830 333 20098 58007 82823 84625 83358=
63453 31580 70000 10210 20179 39091 40321 8172/ 87900 333 20190 58006 81920 82822 84623=
63460 12580 52902 10220 20157 60194 85800 333 20155 82626 83827=
63471 31580 42702 10260 20189 38877 40125 71792 84900 333 20220 58011 81930 83831=
63474 12580 70000 10152 20117 37633 4//// 60244 87500 333 20104 58000 87620=
63478 32580 32909 10288 20205 39821 40140 83100 333 2//// 59013 83828=
63500 11360 80000 10186 20178 60134 7602/ 8552/ 333 20190 82703 84620 85458=
63533 32580 82311 10185 20147 38548 4//// 888// 333 20161 55110 59004 84823 85625=
