SIPK OPKC 302100=
41504 22595 80000 10135 20118 37864 48499 76122 87710 333 56990 58030 60037 83720 84640 88460 Rh90%=
41507 22695 80000 10230 20215 39241 49743 8352/ 333 5699/ 58037 60007 83640 85460 92%=
41508 21495 80000 10192 20174 38659 48533 70262 8572/ 333 5699/ 58026 60017 82710 83635 85460 91%=
41510 21696 80000 10160 20152 37930 48518 76166 8352/ 333 56990 58028 60067 83635 85460 95%=
41515 22695 80000 10187 20161 38544 48509 8452/ 333 5699/ 58069 60007 84650 84458 86%=
41516 21396 82702 10180 20164 38562 48521 75052 8651/ 333 5699/ 58027 69907 82710 84640 88460 RH90%=
41517 21496 80000 10160 20109 37825 48525 70422 8662/ 333 5699/ 58006 60007 83710 83630 88460 72%=
41518 22696 81802 10194 20158 38/// 48/// 8352/ 333 5699/ 5//// 60007 83640 88461 82%=
41519 22596 70000 10220 20156 38771 48519 84720 333 56990 58030 60007 81730 83640 87462 RH67%=
41520 02696 60000 10140 20123 37669 48285 83670 333 56990 59012 60007 83640 86762 90%=
41523 21694 80000 10220 20213 39050 48487 70262 8472/ 333 5699/ 58002 60017 81720 83640 85460 96%=
41524 21695 80000 10220 20198 39322 40162 72166 8352/ 333 5699/ 58043 60017 83640 85458 RH 87%=
41525 21696 80904 10130 20113 37703 48403 70262 8352/ 333 5699/ 58021 60037 83640 85460 RH89%=
41528 21696 40000 10200 20200 39181 48487 70400 82520 333 56990 59009 60007 82640 82460 100%=
41530 216// 72306 10240 20210 39681 40085 83530 333 56990 58018 60007 83640 86360 83%=
41534 22695 80000 10230 20223 39685 40089 8452/ 333 5699/ 58023 60007 84640 85460 96%=
41535 22696 80000 10185 20177 38706 48481 8452/ 333 5699/ 58025 60007 84635 86460 RH95%=
41536 22596 80000 10195 20187 39013 48497 8352/ 333 5699/ 58017 60007 83630 88460 95%=
41536 22596 80000 10195 20187 39013 48497 8352/ 333 5699/ 58030 60007 83630 88460 95%=
41560 22696 80000 10190 20175 38288 48508 8452/ 333 5699/ 58026 60007 84630 85460 Rh91%=
41562 22696 70000 10265 20213 39622 40069 83520 333 56990 58039 60007 83640 84460 RH 73%=
41565 22394 83106 10144 20140 38636 48505 60002 8472/ 333 5699/ 58035 60007 84730 84460 100%=
41567 21996 00000 10235 20212 39653 40059 70400 333 58020 60007 87%=
41571 216// 43104 10220 20220 39518 40089 70500 84030 333 56090 58014 60007 RH100%=
41572 21496 42308 10210 20210 39458 40070 70411 84700 333 56900 58018 60007 81710 83640 100%=
41573 22996 00502 10150 20134 37989 48504 333 58020 60007 90%=
41574 22997 00000 10155 20147 38347 48523 333 58016 60007 95%=
41576 22997 10000 10245 20233 40089 81030 333 56090 58013 60007 81360 96%=
41577 21996 00000 10215 20208 39484 40086 70411 333 58015 60007 RH 96%=
41593 21696 50000 10255 20248 39857 40065 70422 82570 333 56990 58025 60007 82640 83460 96%=
41597 21996 40000 10260 20246 40088 70411 84030 333 56090 58023 60007 84362 92%=
41598 21996 00000 10240 20233 39793 40057 70400 333 58007 60007 96%=
41599 21996 00000 10260 20231 39794 40075 70400 333 58022 60007 84%=
41600 21696 60000 10250 20228 40062 70422 83570 333 56990 58017 60007 83645 83462 88%=
41624 21696 70502 10250 20228 40076 70420 83520 333 56990 58036 60007 83637 84460 88%=
41625 21696 50000 10250 20228 40063 70400 82520 333 56990 58027 60007 82637 83460 88%=
41630 21695 70000 10260 20253 40068 70422 83570 333 56990 58025 60007 83640 85460 96%=
41633 22697 70000 10245 20223 4//// 83520 333 56990 5//// 60007 83640 84460 87%=
41634 22697 60000 10230 20223 3//// 4//// 82640 333 56990 5//// 60007 82640 84460 96%=
41635 21996 20000 10250 20243 3//// 4//// 70400 82030 333 56090 5//// 60007 82362 96%=
41636 21696 40000 10275 20254 39892 40070 70420 82530 333 56990 58028 60007 82640 83365 88%=
41638 21696 50000 10260 20246 4//// 70422 82570 333 56990 5//// 60007 82640 83460 92%=
41639 21696 60502 10225 20210 4//// 83570 333 56990 5//// 60007 70400 83640 83460 RH91%=
41640 21996 20000 10270 20256 39821 40062 70400 82020 333 56090 58019 60007 82460 92%=
41641 21996 30000 10260 20238 39797 40063 70411 83030 333 56090 58023 60007 83360 88%=
41642 21996 00000 10265 20251 4//// 70400 333 5//// 60007 92%=
41643 21995 00000 10265 20251 39793 40060 70400 333 58015 60007 92%=
41644 21696 50000 10255 20248 4//// 60333 70402 82520 333 56990 5//// 60007 82640 83460 96%=
41646 21996 30000 10265 20244 39866 40072 70422 83030 333 56090 58033 60007 83360 88%=
41652 21996 40504 10275 20239 39893 40066 70400 84030 333 56090 58032 60007 84360 81%=
41660 226// 70514 10205 20167 38404 48491 84430 333 56990 58041 60007 84840 85358 79%=
41669 22996 00502 10265 20251 3//// 4//// 333 5//// 60007 92%=
41670 21996 00000 10280 20244 4//// 70400 333 5//// 60007 81%=
41674 21696 70506 10260 20253 3//// 4//// 70411 8347/ 333 56990 5//// 60007 83840 86460 96%=
41675 21696 70000 10270 20249 39924 40063 70422 83570 333 56990 58026 60007 83640 85460 88%=
41676 21996 40302 10270 20249 39930 40082 70400 84030 333 56090 58035 60007 84360 88%=
41677 21696 60000 10230 20223 39883 40046 70400 83530 333 56990 58042 60007 83640 83360 96%=
41678 21696 60000 10260 20234 40055 70500 83520 333 56990 58030 60007 83640 83460 88%=
41679 21996 00000 10275 20278 4//// 70400 333 5//// 60007 96%=
41680 21995 20000 10270 20256 40067 71002 82070 333 56090 58058 60007 82460 92%=
41696 22696 80000 10170 20138 37971 48474 84520 333 56990 58014 60007 84640 84460 RH81%=
41697 21696 80000 10265 20244 40045 72166 8452/ 333 5699/ 58033 60047 84640 84460 RH88%=
41700 21696 60000 10270 20256 40047 70422 83530 333 56990 58039 60007 83640 83360 92%=
41701 21996 70000 10275 20254 40065 70422 84540 333 56990 58033 60007 84640 84460 88%=
41712 22696 41302 10240 20002 39127 48465 84500 333 56900 58044 60007 84640 RH21%=
41715 21696 60000 10270 20241 40054 70522 83530 333 56990 58046 60007 83635 83360 RH84%=
41716 21996 50000 10270 20256 40073 70462 85020 333 56090 58052 60027 85460 92%=
41718 21695 50000 10260 20253 40053 71392 85900 333 56900 58042 60007 81935 84640 96%=
41724 21996 30000 10270 20256 40070 70500 83030 333 56090 58062 60007 83360 RH92%=
41725 22996 30502 10280 20266 40049 83030 333 56090 58051 60007 83360 RH92%=
41726 22696 60000 10275 20254 39960 40029 83530 333 56990 58048 60007 83640 83360 RH88%=
41738 22996 40905 10320 20141 40010 84040 333 56090 58008 60007 84460 RH34%=
41742 22996 60000 10290 20232 40012 86030 333 56090 58038 60007 86360 RH71%=
41743 21996 40000 10240 20225 70506 84030 333 56090 60007 84360 RH 91%=
41745 21695 80000 10260 20246 70500 84530 333 56990 60007 84635 84360 RH92%=
41746 22996 03604 10260 20238 40034 333 58043 60007 RH88%=
41748 22696 80504 10265 20236 40039 84530 333 56990 58043 60007 84636 84360 RH84%=
41749 21696 70504 10250 20228 40019 70400 84530 333 56990 58029 60007 84635 84360 RH88%=
41756 21995 31302 10270 20226 49975 70500 80001 333 56009 59007 60007 83070 RH77%=
41757 21995 60000 10280 20244 39995 40007 70400 86030 333 56090 58012 60007 86360 RH81%=
41764 22696 81310 10255 20241 39988 40037 86570 333 56990 58072 60017 86635 85460 RH92%=
41765 21596 82304 10255 20241 30005 40041 75000 8563/ 333 5659/ 58069 69927 85725 83635 84360 RH92%=
41766 22696 61304 10245 20223 40019 83530 333 56990 58065 60007 83635 85360 RH87%=
41767 22996 5//// 10260 20238 85530 333 56990 60007 82635 83360 RH88%=
41768 22596 10255 20233 30042 40049 83600 333 56900 58086 60007 83720 RH88%=
41780 21596 80712 10255 20233 39981 40008 70452 86630 333 56990 58038 69907 84720 86630 88458 RH88%=
41783 22696 81310 10240 20225 39922 49951 70500 84520 333 56990 58024 60007 84635 84460 RH92%=
41785 21696 70504 10255 20241 30026 40039 76662 83530 333 56190 58090 60027 83640 84360 RH92%=
41786 22696 60000 10255 20228 40031 83530 333 56990 58097 60007 83630 83362 RH88%=
41BKI 22696 60000 10240 20218 39671 40078 82530 333 56990 58017 60007 82640 84360 RH87%=
41SKP 21696 50000 10270 20249 4//// 70410 82570 333 56090 5//// 60007 82640 84460 88%=
43532 21696 30000 10210 20203 39291 40075 70100 83500 333 56900 58010 60007 83640 96%=
43533 22696 60000 10210 20195 39189 48479 82520 333 56990 58014 60007 82640 84460 91%=
43563 22997 00502 10222 20198 40089 333 58022 60007 87%=
43572 21496 42308 10210 20210 39458 40070 70411 84700 333 56900 58018 60007 81710 83640 100%=



Data Generated from File : D:\all data handling\Rmc_lhr\2024083021.FSU.txt
30/08/24 22:13:28
______________________________________________________________
15007 25/70 /3202 10224 20135 39731 40180 50004 7000/ 333 55300 0//// 20000 3//// 60007=
15020 24/70 /3202 10236 20109 39979 40167 50003 333 55300 20000 60007==
15023 25/70 /3203 10226 20138 39751 40157 50001 7000/ 333 55300 0//// 20000 3//// 60007=
15056 25/70 /3302 10257 20100 39829 40161 50004 7000/ 333 55300 0//// 20000 3//// 60007=
15069 25/70 /1901 10154 20117 39150 42831 50001 7000/ 333 55300 0//// 20000 3//// 60007=
15073 25/70 /3402 10234 20139 39725 40170 50001 7000/ 333 55300 0//// 20000 3//// 60007=
15090 24570 82701 10222 20173 30072 40160 50000 8557/ 333 55300 10090 20000 30000 60007 91002 90730 91102==
15107 25/69 /3401 10154 20127 39404 42829 50002 7000/ 333 55300 0//// 20000 3//// 60007=
15108 22270 60605 10126 20076 38161 48555 57003 84840 333 55300 20000 60007 91008 90730 91110==
15109 25/70 /2703 10214 20138 39755 40172 50005 7000/ 333 55300 0//// 20000 3//// 60007=
15111 25/70 /3203 10236 20114 39906 40156 50007 7000/ 333 55300 0//// 20000 3//// 60007=
15113 25/70 /2701 10214 20162 30001 40158 50001 7000/ 333 55300 0//// 20000 3//// 60007=
15127 25966 61401 10161 20130 39330 42824 50000 7000/ 86070 333 55300 0//// 20000 3//// 60007 91002 91104=
15148 25970 30602 10166 20106 38758 48538 58002 7000/ 80001 333 55300 0//// 20000 3//// 60007 91005 91105=
15150 24570 83401 10219 20159 39958 40163 50003 8457/ 333 55300 20000 60007 91002 90730 91102==
15154 25570 73301 10221 20149 30016 40153 50002 7000/ 84570 333 55300 0//// 20000 3//// 60007 91002 91103=
15168 25/62 /2101 10165 20148 39575 42818 50000 7000/ 333 55300 0//// 20000 3//// 60007=
15170 24567 70000 10159 20138 39423 42820 52005 83370 333 55300 20000 60007 91001 90730 91102==
15194 27/70 /2806 10207 20163 39882 40166 51009 7810/ 333 55300 0//// 20000 3//// 60007=
15197 25/70 /2701 10236 20141 39957 40157 50004 7000/ 333 55300 0//// 20000 3//// 60007=
15215 25/62 /0401 10168 20157 39597 42823 52006 7000/ 333 55300 0//// 20000 3//// 60007=
15217 25/70 /3402 10181 20157 39523 42819 50007 7000/ 333 55300 0//// 20000 3//// 60007=
15219 25/70 /2903 10217 20169 30036 40156 51008 7000/ 333 55300 0//// 20000 3//// 60007=
15238 25/70 /2800 10185 20157 39575 42821 50008 7000/ 333 55300 0//// 20000 3//// 60007=
15261 27/58 /1300 10165 20159 39386 42833 50005 7238/ 333 55300 0//// 20000 3//// 69947=
15262 22299 70507 10111 20096 38261 48539 58003 87500 333 55300 0//// 20000 3//// 60007 91013 91114=
15265 27/68 /3201 10222 20173 30084 40155 51011 7610/ 333 55300 0//// 20000 3//// 60007=
15280 21005 80513 10064 20064 37574 47149 50001 74142 885// 333 55300 20000 60027 91017 90730 91118==
15300 25597 83203 10179 20158 39566 42823 52008 7000/ 883// 333 55300 0//// 20000 3//// 60007 91004 91104=
15301 21570 80503 10138 20105 38672 48554 58002 72582 883// 333 55300 0//// 20000 3//// 69997 91008 91108=
15302 27/56 /1301 10138 20135 38966 48540 51003 7811/ 333 55300 0//// 20000 3//// 69967=
15307 25/70 /0203 10242 20146 39973 40151 51012 7000/ 333 55300 0//// 20000 3//// 60007=
15310 24/70 /3601 10214 20175 30060 40143 50003 333 55300 10210 20000 30000 60017==
15324 25/70 /0302 10201 20117 39389 42810 58005 7000/ 333 55300 0//// 20000 3//// 69917=
15325 25570 70102 10146 20090 38522 48533 54001 7000/ 84370 333 55300 0//// 20000 3//// 60007 91008 91109=
15328 25/70 /3602 10220 20150 39823 40159 52012 7000/ 333 55300 0//// 20000 3//// 60007=
15335 24569 50101 10219 20196 30130 40137 50000 85500 333 55300 20000 60007 91004 90730 91104==
15336 25/69 /3601 10220 20192 30129 40131 54001 7000/ 333 55300 0//// 20000 3//// 60007=
15349 27/70 /3301 10219 20127 39625 40154 52003 723// 333 55300 0//// 20000 3//// 60007=
15350 24/70 30203 10245 20143 30040 40154 52013 83080 333 55300 20000 60007 91007 90730 91110==
15360 24/70 60409 10252 20197 30109 40125 58003 86070 333 55300 20000 60007 91010 90730 91112==
15375 25970 70103 10239 20118 39810 40152 52002 7000/ 87070 333 55300 0//// 20000 3//// 60007 91005 91105=
15377 25/70 /0102 10241 20138 39941 40147 52005 7000/ 333 55300 0//// 20000 3//// 60007=
15387 25/70 /0304 10244 20200 30121 40124 58006 7000/ 333 55300 0//// 20002 3//// 69977=
15402 25/70 /0403 10241 20142 30074 40145 52010 7000/ 333 55300 0//// 20000 3//// 60007=
15405 25/70 /0403 10227 20165 30085 40145 50007 7000/ 333 55300 0//// 20000 3//// 60007=
15406 25/67 /3503 10209 20188 30087 40132 50001 7000/ 333 55300 0//// 20000 3//// 60007=
15408 25/69 /0406 10213 20192 39875 40131 58003 7000/ 333 55300 0//// 20000 3//// 60007=
15409 25/65 /3505 10219 20201 30080 40125 58004 7000/ 333 55300 0//// 20000 3//// 60007=
15419 25570 70402 10242 20133 39968 40154 54001 7000/ 84370 333 55300 0//// 20000 3//// 60007 91005 91105=
15420 24570 83602 10230 20135 30035 40142 52002 883// 333 55300 20000 60007 91003 90730 91103==
15421 25970 83602 10242 20130 30046 40152 52004 7000/ 8807/ 333 55300 10118 20000 30000 60007 91003 91103=
15422 25570 80101 10243 20128 30044 40141 52003 7000/ 8337/ 333 55300 0//// 20000 3//// 60007 91003 91104=
15425 25567 70202 10208 20181 30076 40138 54000 7000/ 83570 333 55300 0//// 20000 3//// 69947 91003 91105=
15434 22570 60501 10211 20144 39953 40156 50003 83370 333 55300 0//// 20000 3//// 60007 91002 91105=
15444 25/70 /3602 10220 20181 30064 40134 58003 7000/ 333 55300 0//// 20000 3//// 60007=
15455 25/70 /2802 10228 20162 30021 40147 50000 7000/ 333 55300 0//// 20000 3//// 60007=
15460 21/62 70201 10199 20187 30113 40137 50001 72582 87070 333 55300 20000 60027 91001 90730 91104==
15462 21569 83403 10218 20192 30044 40127 58005 71792 889// 333 55300 0//// 20000 3//// 60007 91005 91105=
15470 24570 82603 10234 20143 30026 40147 50002 8237/ 333 55300 20000 60007 91004 90730 91104==
15475 26/// /2201 10205 20196 30119 40138 50004 333 55300 0//// 20000 3//// 69967=
15479 27/66 /3002 10203 20181 39945 40131 58005 7818/ 333 55300 0//// 20000 3//// 69957=
15480 24566 81201 10239 20213 30101 40118 58006 8457/ 333 55300 10090 20000 30000 60007 91004 90730 91105==
15489 25570 82701 10237 20157 30057 40146 50000 7000/ 8437/ 333 55300 0//// 20000 3//// 60007 91002 91103=
15491 21570 70501 10212 20185 30116 40146 52004 78082 83370 333 55300 0//// 20000 3//// 69907 91003 91103=
15499 27/11 /2803 10201 20201 30116 40125 55001 7636/ 333 55300 0//// 20000 3//// 60347=
15549 41470 70202 10186 20170 39737 40135 54000 78082 87300 333 10214 20185 555 59000 61732=
15552 41460 73404 10204 20182 30066 40113 58010 76186 87800 333 10208 20189 555 58701 69999 92025 92427=
15640 41670 83205 10220 20173 39834 40130 58003 70382 8545/ 333 10222 20209 555 57500 69099=
15655 42568 50000 10221 20174 30088 40119 54000 85800 333 10239 20221 555 575// 92034 92437=
15730 42970 70000 10223 20136 39757 40133 52004 81038 333 10239 20223 555 558//=
16627 42560 30000 10240 20176 30113 40118 51004 81150 333 81825 83358 90730 91108==
16650 42960 13303 10250 20204 30110 40118 52001 80001 333 90730 91110==
16667 42560 13109 10262 20187 30103 40114 51008 81100 333 90730 91118==
16706 42960 00305 10250 20170 30093 40099 52002 333 90730 91112==
16723 42960 00003 10270 20148 30085 40098 51003 333 90730 91116==
16732 46/// /0107 10258 20193 30107 40118 52004 333 90730 91112==
16742 42960 03109 10250 20204 39951 40099 57003 333 90730 91115==
16749 42460 12416 10270 20210 30078 40091 54000 81100 333 90730 91120==
16754 42560 13105 10262 20221 30075 40122 51004 81100 333 90730 91110==
16760 47/// /0004 10236 20190 39730 40127 52003 7414/ 333 90730 91108==
17031 42560 32102 10222 20213 30101 40107 58005 83200 333 83830 90730 91105==
17034 42/70 40000 10231 20201 30069 40113 58007 84030 333 84360 90730 91103==
17038 42670 52106 10239 20187 30062 40107 57006 85200 333 85835 90730 91111==
17056 42970 02803 10229 20178 30112 40116 50001 333 90730 91107==
17060 42560 42906 10227 20193 30077 40123 50001 84100 333 84820 90730 91112==
17084 42670 30103 10207 20184 39236 40084 58001 83200 333 83835 90730 91109==
17092 42/60 22514 10221 20129 38823 48481 50009 82030 333 82360 90730 91122==
17096 42660 10815 10173 20093 38233 48482 51008 81100 333 81840 90730 91129==
17098 41660 40707 10133 20107 38204 48495 56013 70191 82230 333 82835 84357 90730 91124==
17100 41570 62702 10227 20143 39144 40067 52023 70292 84930 333 83830 85357 81925 90730 91114==
17115 42660 30803 10236 20182 30069 40117 50002 83100 333 83835 90730 91113==
17116 42970 02103 10236 20176 39999 40113 50000 333 90730 91106==
17124 42960 02408 10193 20140 39236 40100 51002 333 90730 91113==
17128 42970 00208 10208 20122 39049 40078 50002 333 90730 91113==
17150 42660 23504 10233 20162 39993 40109 52006 82100 333 82835 90730 91110==
17160 42970 00102 10201 20102 38981 48483 57003 333 90730 91109==
17170 42660 30904 10200 20102 38309 48468 50002 83100 333 83840 90730 91107==
17184 42/70 23502 10238 20143 39994 40098 50005 82040 333 82360 90730 91106==
17190 42670 23102 10200 20130 38967 48496 52006 82100 333 82835 90730 91109==
17190 42670 23102 10200 20130 38967 48496 52006 82100 333 82835 90730 91109==
17195 42970 00605 10171 20116 38934 48482 58001 333 90730 91107==
17200 42960 00603 10252 20088 39128 40033 52008 333 90730 91123==
17202 42970 02209 10245 20083 39065 40021 52007 333 90730 91115==
17203 42970 02301 10227 20061 38817 48500 50002 333 90730 91104==
17219 42965 03511 10260 20161 39966 40101 50003 333 90730 91120==
17234 42970 01901 10256 20179 30031 40095 50003 333 90730 91106==
17240 42570 20304 10240 20120 39005 40072 51002 82100 333 82830 90730 91113==
17244 41670 53207 10204 20121 38968 48495 50001 70192 85200 333 85840 90730 91123==
17250 42970 00405 10185 20113 38777 48487 58002 333 90730 91108==
17260 42960 02709 10252 20159 39252 40004 50005 333 90730 91116==
17280 42960 00804 10264 20120 39282 40002 53003 333 90730 91113==
17292 42970 03001 10234 20136 39370 40075 50000 333 90730 91106==
17300 42560 33204 10282 20235 30015 40081 50004 83100 333 83830 90730 91115==
17310 42970 00601 10293 20208 30057 40064 57008 333 90730 91104==
17350 42560 41305 10270 20224 39992 40065 56010 84200 333 84830==
17370 42670 32509 10289 20244 30076 40080 57004 83200 333 83835 90730 91117==
33088 42960 00000 10174 20121 30013 40197 58001==
33135 429// 00501 10170 20102 30067 40210 52001==
33177 42/60 30000 10182 20141 39969 40197 52002 83030==
33317 429// 01101 10186 20117 39871 40194 54000==
33393 42960 20000 10168 20160 39817 40194 54000 80001==
33415 42960 00000 10210 20146 39810 40187 52001==
33429 42960 50501 10183 20112 39783 40188 54000 80001==
33466 42975 00000 10190 20118 30006 40185 52001 333 30///==
33506 42/60 70303 10231 20051 39995 40180 58002 87030==
33562 42960 00202 10186 20139 39900 40192 51003==
33587 429// 00000 10222 20089 39928 40178 52003==
33658 42/77 53203 10222 20146 39893 40176 52002 85030==
33663 42960 20000 10214 20115 30078 40169 52005 80001==
33664 42997 00201 10217 20089 39870 40170 52003=
33678 42998 02802 10246 20068 39980 40176 52002=
33679 42597 60502 10248 20114 39991 40170 52006 85530=
33711 42/60 60302 10234 20089 39965 40162 58002 86030==
33745 42597 60202 10237 20082 39996 40175 52001 84930=
33748 42597 60301 10255 20124 39887 40153 52003 86300=
33754 42997 00000 10233 20110 30022 40160 51007=
33761 42970 00102 10212 20094 39953 40165 52003==
33791 42/84 50505 10264 20057 30035 40154 58007 85030==
33815 42998 00302 10237 20097 39955 40150 53006=
33837 42/79 33501 10229 20107 30093 40142 58002 83030==
33881 42598 60201 10227 20119 39967 40152 52001 86500=
33883 42597 73102 10217 20152 39990 40146 57001 87500=
33885 42997 80202 10214 20144 30030 40157 52004 8805/=
33892 42597 60402 10200 20117 39950 40151 52005 82350=
33902 42560 80101 10208 20156 30085 40141 58007 885//==
33924 42/60 30802 10215 20183 30116 40128 58002 83070==
33946 42/70 80805 10217 20191 39906 40114 58006 86031==
33983 41560 80000 10210 20204 30050 40107 58010 78082 8695/==
34300 42660 60702 10239 20032 30028 40195 58001 86500==
34336 42960 00202 10220 20018 30106 40204 52003==
34344 42970 00000 10153 20150 30119 40204 52005==
34356 42970 00705 10235 20095 30071 40209 52006 333 91010 90730 91110==
34357 42970 00903 10210 20030 30055 40202 52005==
34398 429// 00806 10223 20124 30203 40212 52011==
34415 42/60 20000 10215 20081 30086 40177 58002 82030==
34438 42/// /0505 10212 20026 30007 40188 54000==
34445 42970 03002 10154 20028 30090 40200 52002==
34461 42960 00402 10201 20016 30151 40203 52003==
34473 429// 00703 10230 20071 30172 40208 52008=
34476 42970 00505 10238 20080 30193 40200 51003==
34504 42/81 50804 10255 20057 39999 40162 58009 85030==
34535 42970 01203 10233 20024 30109 40177 52006==
34545 42970 00802 10212 20022 30078 40184 54000==
34555 42970 00504 10230 20120 30109 40194 54001==
34560 42960 00705 10214 20058 30016 40196 57001==
34578 42960 00000 10220 20054 30183 40190 52004==
34579 42970 00302 10227 20026 30152 40194 52003==
34644 42960 00603 10226 20042 30097 40169 52009==
34646 42970 30903 10239 20123 30098 40175 52008 80001==
34655 42960 00503 10195 20014 30127 40184 52008==
34662 42970 02901 10192 20036 30178 40189 50004==
34691 42970 00902 10242 20043 30203 40191 52004==
34720 42/70 30504 10261 20085 30106 40142 52006 82034 333 90730 91110==
34727 42960 00906 10273 20056 30098 40128 53001 333 91010 90730 91111==
34737 42997 00704 10257 20038 30110 40135 52008=
34743 42960 00702 10202 20006 30086 40171 52007==
34759 42960 20902 10187 20030 30046 40171 54000 80001==
34772 42960 00402 10193 20011 30182 40185 52001==
34785 42960 00501 10185 20053 30203 40182 51002==
34798 42960 00302 10187 20108 30207 40179 58002==
34824 42560 80804 10277 20090 30105 40110 57001 885//==
34825 42597 80906 10272 20181 30099 40119 52010 889//=
34838 42/60 80903 10266 20046 30035 40124 52008 8807/ 333 90730 91111==
34845 42970 21004 10226 20034 30042 40143 58003 80001==
34858 42960 01001 10218 20032 30056 40157 54000==
34861 42960 01104 10208 20005 39937 40167 57004==
34866 42960 01002 10199 20025 30174 40166 58006==
34880 42960 00801 10206 20097 30198 40174 54000==
34887 42970 00201 10179 20126 30189 40171 57004==
34949 42/70 60907 10205 20104 39621 40136 57003 86030 333 90730 91113==
34954 42570 30803 10228 20080 39978 40141 57003 83500==
34958 42570 80802 10210 20087 39959 40147 55003 885//==
34975 42970 00803 10207 20130 30158 40154 58007==
34984 42960 00203 10188 20160 30189 40161 58008==
35217 429// 00504 10170 20069 30191 40229 52010==
35302 429// 00906 10199 20114 30208 40228 52014==
35315 429// 00304 10188 20081 30163 40217 52011=
35344 415// 70304 10161 20121 39930 40202 53004 72582 87300=
35358 429// 00202 10170 20082 30016 40176 53007==
35368 429// 03502 10148 20086 39926 40180 58001=
35386 429// 00000 10120 20076 39670 40166 58009=
35394 42670 70000 10126 20087 39517 40159 58009 86530==
35404 429// 00604 10226 20118 30202 40210 52010=
35406 429// 00704 10223 20094 30208 40210 52014==
35416 429// 01204 10195 20092 30093 40206 52008==
35426 429// 03302 10168 20100 39923 40198 51003==
35437 429// 20301 10159 20098 39893 40189 54000 80003=
35449 429// 00502 10200 20125 30064 40165 58006=
35497 415// 80000 10114 20074 39396 40155 57010 78082 889//==
35498 415// 83202 10140 20082 39325 40151 57013 70282 889//=
35514 42998 00504 10227 20092 30201 40197 52011=
35522 429// 00304 10207 20102 39958 40192 52005=
35542 429// 00203 10192 20056 30038 40175 52003=
35563 42998 02801 10150 20080 39440 40164 58009=
35576 429// 00503 10163 20067 39737 40158 53004==
35582 425// 52203 10150 20103 39586 40149 57005 85900=
35594 425// 82801 10177 20092 39360 40138 57006 889//=
35605 42998 00203 10218 20100 30203 40183 52002=
35633 425// 30000 10195 20136 39967 40166 58006 83300=
35671 42970 00403 10190 20102 39752 40150 52002==
35699 429// 00000 10137 20093 39445 40157 57014==
35700 42970 00301 10220 20100 30200 40178 58002==
35715 42997 00201 10221 20093 30182 40168 58002=
35739 429// 00000 10196 20094 30026 40155 58004=
35746 429// 00203 10236 20097 30094 40156 58002==
35777 429// 00000 10166 20062 39882 40206 52003=
35796 42960 00601 10150 20139 39743 40151 57010==
35849 429// 00000 10209 20126 30073 40152 58006==
35895 42997 00000 10170 20139 39737 40151 57013=
35907 42998 00507 10232 20183 30183 40155 58008=
35925 429// 01801 10222 20051 30056 40160 58002==
35927 429// 00000 10232 20053 30153 58002=
35953 429// 00203 10196 20085 30029 40150 57003==
35969 429// 00000 10175 20086 39988 40141 57013==
35997 429// 00000 10150 20061 39742 40151 57013=
36259 42584 61101 10039 20009 38277 48544 57001 82901==
36335 415// 82201 10142 20112 39195 40153 57009 70262 8802/=
36358 426// 70000 10170 20086 39201 40143 57011 87500=
36394 426// 80000 10187 20100 39759 40150 53002 885//=
36397 426// 62302 10194 20036 39628 40151 53002 83570==
36403 427// 61101 10186 20096 39811 40144 53001 86500=
36418 429// 42403 10137 20086 39594 40172 58009 82033=
36421 426// 70000 10113 20103 39649 40184 57006 86501=
36428 427// 60000 10124 20080 39706 40180 57006 82541==
36439 429// 31108 10098 20047 38993 48531 57007 82031=
36498 429// 01302 10135 20052 39419 40163 57009=
36501 429// 00000 10163 20113 39444 40143 57011=
36535 42/// 33101 10104 20053 39585 40187 58004 83030==
36546 426// 22703 10120 20080 39670 40180 58008 82300=
36619 429// 00000 10135 20058=
36622 429// 00000 10131 20052 39416 40173 57008=
36639 429// 00000 10077 20046 39603 40187 57012==
36643 429// 00000 10139 20043 39548 40170 57011=
36665 429// 02005 10150 20080 39489 40168 57012=
36666 429// 01602 10166 20081 39709 40168 57010=
36729 42998 00000 10124 20095 39704 40159 57011=
36736 429// 02201 10121 20081 39666 40192 58011=
36744 429// 00602 10144 20057 39723 40146 57007=
36770 429// 00000 10106 20090 39479 40172 57015=
36786 42999 00000 10142 20080 39297 40161 57014=
36796 429// 00000 10060 20026 39041 48514 58012=
36803 42999 01601 10182 20087 39742 40159 57016=
36806 429// 01602 10182 20028 39740 40176 54000=
36819 429// 01601 10164 20064 39573 40146 57016=
36821 429// 00000 10164 20068 39689 40147 57016==
36839 42998 00000 10112 20061 39097 40174 57012=
36843 429// 02704 10152 20041 39054 40159 57015=
36846 429// 00803 10097 20052 38634 48524 57011=
36859 429// 00000 10158 20103 39434 40168 57013==
36870 429// 01101 10163 20099 39187 40136 57018==
36874 429// 01806 10141 20098 39417 40151 57015=
36877 429// 02501 10103 20075 39236 40172 57019=
36885 429// 01402 10153 20062 39089 40152 57015=
36889 429// 01802 10058 21093 37116 47154 57012=
36894 429// 00504 10187 20095 39453 40140 57015=
36905 429// 01201 10145 20059 38760 48526 57011=
36911 429// 00000 10160 20118 39219 40138 57014=
36927 42697 13602 10142 20081 38374 48526 54000 81100=
36934 42997 03502 10140 20040 38292 48405 56005=
36953 429// 00000 10103 20083 38250 48508 57010=
36963 429// 01601 10044 21030 37104 48/// 57007=
36974 429// 00901 10092 20002 38008 48547 58004=
36982 429// 00301 11009 21044 36616 47183 57006=
37018 42660 70702 10253 20197 30034 40104 52009 86904==
37031 42/60 80903 10250 20132 39938 40119 52009 8807/ 333 90730 91110==
37054 42/60 60501 10213 20131 39775 40137 50002 80030==
37061 42960 00803 10204 20117 39988 40148 58002==
37085 42940 20503 10191 20144 30172 40146 58005 80001==
37171 41640 80703 10228 20214 30093 40110 52009 79598 8695/ 333 86940==
37228 42560 50000 10205 20170 39328 40110 57003 85500==
37235 42560 60000 10194 20175 39818 40117 57004 8454/==
37472 42960 01501 10236 20201 30154 40133 52001==
38149 42970 03401 10159 20055 30085 40159 58003==
38262 429// 03301 10168 20109 30078 40156 57003==
38264 42970 03402 10190 20064 30057 40147 57005==
38345 42998 01001 10122 20040 38796 48506 57012=
38353 429// 01401 10176 20070 39288 40139 57017=
38388 42998 00501 10240 20093 30084 40150 52004=
38392 42997 00203 10204 20081 30041 40138 58006=
38396 42960 00303 10192 20064 30020 40139 58005==
38403 429// 00204 10247 20088 30026 40139 52003==
38413 429// 00703 10255 20017 39858 40129 58004==
38457 42960 00301 10190 20105 39550 40105 57005==
38462 429// 00000 10126 20058 38756 48505 58003==
38462 429// 00000 10126 20058 38756 48505 58003==
38507 42996 00702 10252 20025 30023 40119 58004=
38545 42998 00201 10190 20077 39957 40124 58002=
38565 129// 00000 10153 20058 39539 40109 56005 60002==
38579 129// 00000 10183 20129 39708 40140 57008 60002==
38583 12960 02001 10190 20132 39802 40106 57005 60002==
38599 42997 02702 10211 20109 39622 40106 56004=
38611 42960 03503 10210 20096 39574 40102 57006==
38613 429// 03501 10174 20092 40126 57008=
38616 429// 00901 10146 20098 39171 40171 58008=
38618 429// 01301 10193 20141 39450 40106 57008==
38647 42997 00904 10246 20030 30060 40099 52001=
38656 42998 00000 10234 20017 30024 40129 58004=
38683 42960 03603 10206 20071 39842 40103 58004==
38687 42997 00204 10235 20080 39893 40114 58004=
38696 129// 01402 10207 20120 39296 40102 58008 60002==
38713 429// 01802 10158 20051 39020 48510 56004=
38750 42997 01302 10223 20187 30142 40115 58005=
38763 42997 01002 10238 20071 30017 40116 54000=
38774 42995 02301 10217 20099 39946 40130 53004=
38799 42997 03402 10217 20046 39891 40109 57005=
38806 42997 03202 10186 20127 39837 40085 58003=
38812 42960 00000 10182 20090 39647 40077 57012==
38836 429// 00000 10200 20090 39180 40063 51001=
38880 42997 02001 10238 20042 39874 40113 58010=
38886 42997 02802 10198 20082 39908 40125 58007=
38895 42996 00000 10205 20094 39843 40118 58005=
38911 42997 01804 10216 20076 39817 40093 58003=
38915 42997 00000 10224 20102 39781 40086 58010=
38927 12960 01102 10202 20095 39736 40093 51003 60002==
38933 429// 00000 10186 20135 39626 40116 52016=
38944 429// 03603 10221 20082 39536 40039 52004=
38954 429// 10000 10194 20036 37981 48480 52011 81200=
38974 42998 02901 10227 20068 39796 40111 58004=
38987 42996 00000 10183 20067 39414 40124 58001=
40100 43970 11805 10280 20197 30101 40116 50000 333 58///=
40180 02560 32602 10282 20210 30063 40110 57002 83400 333 70000==
40199 02/// /3505 10312 20141 30082 40106 52012 333 70000==
40255 46/// /2705 10230 29082 3//// 4//// 5////=
40270 41957 02907 10220 20159 39250 40105 57002 70500=
40272 41950 02710 10232 20147 39312 40104 52004 70500=
40296 46/// /0000 10302 29060 4//// 5////=
40310 46/// /2705 10212 29052 4//// 5////=
40340 42960 03610 10304 20144 30052 40113 52014=
40356 42960 02812 10250 20110 39147 48496 333 59002 555 04410 50066=
40357 42960 03408 10296 21010 39445 40038 333 59002=
40360 42960 03116 10246 20150 39529 40086 333 58003=
40361 42960 03107 10293 20050 39335 40087 333 59006=
40362 42960 00000 10286 21020 39559 40037 333 58003=
40373 42960 02804 10325 20050 39633 40018 333 59004=
40375 42960 03510 10296 20050 39244 40063 333 59008=
40394 42960 00302 10310 20070 38998 48512 333 59003 555 04410 50041=
40394 42960 00302 10310 20070 38998 48512 333 59003 555 04410 50041=
40400 42960 02804 10314 20230 30044 40071 333 59008=
40405 42960 03508 10330 20030 39338 40033 333 59004=
40417 42960 02805 10317 20100 39978 49992 333 59006=
40420 42960 02905 10324 20070 39804 40000 92048 333 59003=
40430 42660 43104 10255 20190 39400 40122 84500 333 58023 84640=
40437 42960 03308 10344 21010 39365 40011 333 59010=
40439 42660 30816 10348 20250 30050 40068 83500 333 59018 83640=
40582 21956 03314 10371 20111 40002 50002 70500 333 00292 10457 20305 5//// 55093 00731 10282 22276 43231 53996=
40703 42660 20000 10228 20133 38862 40027 53008 82500 333 70000 82640 555 10170 29055 30405=
40706 42565 10707 10236 20122 38612 40024 58001 81400 333 70000 555 10167 29049 30609=
40712 42960 02802 10190 20136 38627 40019 52004 333 70000 555 10157 29071 30304 40509=
40713 42962 01007 10242 20122 38605 49995 50002 333 70000 555 10169 29047 30810=
40718 42960 02601 10251 20197 30139 40112 58005 333 70000 555 10216 29072 30606=
40723 42970 03002 10172 20002 38941 40107 50000 333 70000 555 10094 29032 33503=
40726 42960 00000 10223 20107 38604 40012 53002 333 70000 555 10155 29048 30606=
40727 42960 00000 10209 20071 38441 40009 50001 333 70000 555 10133 29041 30808=
40732 42960 02501 10244 20204 30123 40100 57006 333 70000 555 10218 29079 33505=
40736 42960 00000 10240 20217 30135 40111 56003 333 70000 555 10225 29087 32805=
40737 42960 01901 10213 20186 30091 40108 57003 333 70000 555 10196 29085 33506=
40738 42960 00000 10213 20167 30121 40123 54000 333 70000 555 10185 29075 32605=
40739 42965 00102 10193 20022 38675 40077 58002 333 70000 555 10109 29032 30610=
40741 42960 03102 10229 20056 39793 40105 58011 333 70000 555 10141 29033 33610=
40743 42965 00807 10218 20009 39041 40090 50002 333 70000 555 10118 29025 30913=
40745 42962 02203 10194 20072 39026 40109 58009 333 70000 555 10129 29045 30708=
40747 42960 03405 10270 21019 38580 49990 51004 333 70000 555 10130 29015 33405=
40754 42960 01302 10275 21024 38799 40047 51002 333 70000 555 10132 29014 31306=
40762 42962 00000 10153 21008 38542 40078 58003 333 70000 555 10080 29033 33512=
40766 42960 03103 10251 20073 38630 49981 54000 333 70000 555 10151 29032 32807=
40768 42960 00904 10192 21019 38238 40011 51001 333 70000 555 10094 29024 30413=
40769 41956 03001 10221 20000 38282 40012 58002 70600 333 70000 555 10112 29023 30712=
40780 41959 00601 10230 20091 38622 49998 57009 70500 333 70000 555 10150 29041 32211 42410=
40782 42965 01202 10210 20028 38785 49987 52002 333 70000 555 10119 29030 32905=
40785 42960 01201 10281 21093 39030 40040 52003 333 70000 555 10124 29008 31509=
40791 42968 00000 10253 21105 39271 40036 58003 333 70000 555 10111 29009 33311 43610=
40792 42962 00000 10190 21044 38687 40052 50000 333 70000 555 10089 29020 30411 40408=
40798 42960 03104 10185 21034 37954=
40800 42970 01703 10257 21038 38438 40019 51002 333 70000 555 10119 29014 31412=
40809 42960 00705 10187 21054 38471 40033 50000 333 70000 555 10084 29019 30508 40611=
40811 42960 03005 10345 20104 39950 49974 58004 333 70000 555 10203 29023 33107=
40812 42960 01101 10329 20071 39626 49968 52001 333 70000 555 10184 29020 32605=
40818 42960 03003 10206 21046 37973 49996 50003 333 70000 555 10092 29018 33613=
40821 42962 02803 10253 21063 38750 40032 54000 333 70000 555 10114 29012 33013 4////=
40829 42960 03513 10278 20025 39507 40038 51002 333 70000 555 10150 29020 33518 43532=
40831 42960 03006 10320 20117 39991 49999 52003 333 70000 555 10200 29029 33311=
40833 42960 03303 10325 20119 39959 49988 50002 333 70000 555 10203 29029 32405=
40835 42960 00000 10275 20063 39218 49982 58003 333 70000 555 10159 29026 32208=
40841 42960 01302 10188 21062 38223 40010 58002 333 70000 555 10082 29018 33014=
40848 42660 30000 10252 20051 38464 49966 51001 82430 333 70000 82640 555 10142 29027 32805=
40851 42960 00000 10243 21065 38230 49974 58003 333 70000 555 10106 29012 33208=
40854 42960 02802 10266 21075 38889 40000 58004 333 70000 555 10119 29010 30105=
40856 42960 00102 10212 20000 38611 40042 50000 333 70000 555 10110 29024 30505 40910=
40859 42660 33002 10260 20056 38630 49964 51005 81430 333 70000 81640 83360 555 10148 29027 32807=
40875 41940 03503 10318 20279 39983 49994 58005 71000 333 70000 555 10289 29080 32306=
40879 42960 00303 10312 21011 39373 49999 51005 333 70000 555 10154 29012 30110 43214=
40882 41550 40604 10348 20287 39946 49978 54000 70592 84300 333 79999 82830 82935 555 10302 29071 30806=
40883 41930 01304 10334 20308 39958 49980 51006 71000 333 70000 555 10314 29086 32004=
40893 41950 02202 10312 20286 39981 49986 58002 71000 333 70000 555 10293 29086 31507=
40898 41550 20000 10295 20263 39983 49992 56008 71000 82600 333 70000 82720 555 10272 29083 31605 4////=
41024 42660 21804 10340 20230 30052 40077 82500 333 58016 82640=
41036 42560 30000 10238 20150 38563 48515 83800 333 59007 83830 555 04410 50075=
41055 42560 33215 10233 20120 38364 48506 83400 333 59003 83630 555 04410 50064=
41061 42960 01404 10341 20020 39347 49999 92047 333 58005=
41084 42560 43007 10307 20070 38821 48494 84200 333 59001 84830 555 04410 50013=
41112 42960 03104 10220 20070 37946 48493 333 59002 555 04410 50022=
41114 42960 03507 10219 20070 37979 48492 333 59002 555 04410 50021=
41128 42960 03604 10310 20000 38759 48480 333 59003 555 04410 50004=
41136 42660 40305 10358 20070 39235 40000 84400 333 58004 84640=
41140 41959 01003 10314 20260 30038 40042 70500 333 59028=
41150 42964 02906 10351 20240 49988 333 59002=
41170 42960 03207 10352 20225 39975 49988 333 58001=
41176 44/66 /3103 10291 20191 39985 49991 333 58001=
41184 41956 22305 10320 20292 49979 70600 80001 333 59007 82070=
41194 42960 30205 10348 20291 39976 49981 83030 333 58001 83368=
41196 41957 23504 10327 20297 39951 49990 70500 82030 333 58005 82368=
41216 42960 23203 10341 20292 39975 49979 80001 333 59003 82075=
41217 42960 42906 10338 20291 39946 49974 84030 333 59003 84368=
41244 36/// /3207 10328 20257 39577 49969 333 0E038 55300 25022 58002=
41255 36/// /1905 10318 20207 39494 49977 333 0E034 58007=
41256 31756 40406 10309 20287 39973 49990 70500 82701 333 58010 55000 55407 55408 55507 55508 82715 85070=
41257 36/// /2601 10336 20084 39524 49994 333 0E035 55300 20000 58008 =
41258 36/// /1111 10309 20296 39983 49986 333 0E/// 55300 20000 58014=
41263 36/// /1705 10323 20200 39438 49971 333 0E033 55300 20000 58010 =
41267 36/// /0302 10301 20247 39981 49993 333 0E030 58018=
41275 36/// /1212 10305 20220 39838 410000 333 0E031 55300 20000 58014=
41304 36/// /2208 10341 20156 39687 49978 333 0E033 55300 20000 59003=
41316 31359 89902 10258 20248 30012 40041 70522 886// 333 58004 55000 55407 55408 55507 55508 83707 85712 88620=
41396 42962 42005 10318 20172 39314 49999 84030 333 59002 84360=
41397 52813 10240 20210 40070 54000 7//00 84717 22253 0//// 20402 328// 40402 80220=
41398 20610 10195 20145 40170 5//// 70222 82/// 22235 00186 20102=
41480 41556 41805 10321 20238 39993 40002 70544 81531 333 59018 81620 84358=
41497 51830 10170 20137 40310 52010 7//22 84198 22254 0//// 20603 307// 41004 80150=
41498 61520 10300 20274 40244 54000 7//// 86265 22200 04293 2//// 80280=
41508 21495 80000 10192 20174 38659 48533 70262 8572/ 333 5699/ 58026 60017 82710 83635 85460=
41515 22695 80000 10187 20161 38544 48509 8452/ 333 5699/ 58069 60007 84650 84458=
41523 21694 80000 10220 20213 39050 48487 70262 8472/ 333 5699/ 58002 60017 81720 83640 85460=
41535 22696 80000 10185 20177 38706 48481 8452/ 333 5699/ 58025 60007 84635 86460=
41536 22596 80000 10195 20187 39013 48497 8352/ 333 5699/ 58017 60007 83630 88460=
41560 22696 80000 10190 20175 38288 48508 8452/ 333 5699/ 58026 60007 84630 85460=
41571 216// 43104 10220 20220 39518 40089 70500 84030 333 56090 58014 60007=
41598 21996 00000 10240 20233 39793 40057 70400 333 58007 60007=
41600 21696 60000 10250 20228 40062 70422 83570 333 56990 58017 60007 83645 83462=
41624 21696 70502 10250 20228 40076 70420 83520 333 56990 58036 60007 83637 84460=
41630 21695 70000 10260 20253 40068 70422 83570 333 56990 58025 60007 83640 85460=
41640 21996 20000 10270 20256 39821 40062 70400 82020 333 56090 58019 60007 82460=
41660 226// 70514 10205 20167 38404 48491 84430 333 56990 58041 60007 84840 85358=
41678 21696 60000 10260 20234 40055 70500 83520 333 56990 58030 60007 83640 83460=
41696 22696 80000 10170 20138 37971 48474 84520 333 56990 58014 60007 84640 84460=
41697 21696 80000 10265 20244 40045 72166 8452/ 333 5699/ 58033 60047 84640 84460=
41700 21696 60000 10270 20256 40047 70422 83530 333 56990 58039 60007 83640 83360=
41712 22696 41302 10240 20002 39127 48465 84500 333 56900 58044 60007 84640=
41715 21696 60000 10270 20241 40054 70522 83530 333 56990 58046 60007 83635 83360=
41718 21695 50000 10260 20253 40053 71392 85900 333 56900 58042 60007 81935 84640=
41725 22996 30502 10280 20266 40049 83030 333 56090 58051 60007 83360=
41749 21696 70504 10250 20228 40019 70400 84530 333 56990 58029 60007 84635 84360=
41756 21995 31302 10270 20226 49975 70500 80001 333 56009 59007 60007 83070=
41764 22696 81310 10255 20241 39988 40037 86570 333 56990 58072 60017 86635 85460=
41768 22596 10255 20233 30042 40049 83600 333 56900 58086 60007 83720=
41780 21596 80712 10255 20233 39981 40008 70452 86630 333 56990 58038 69907 84720 86630 88458=
41785 21696 70504 10255 20241 30026 40039 76662 83530 333 56190 58090 60027 83640 84360=
42001 30211 99259 70897 46/// /0403 10278 20271 30126 40129 92040 22200 00310 333 91204 555 11030 22032 8//03 92037=
42027 21895 50000 10162 20157 38435 48520 70521 83032 333 58031 6009/=
42056 22996 00503 10238 20223 39638 333 58006 6992/=
42071 31996 03203 10268 20266 40061 71000 333 58015=
42097 30211 99257 70837 46/// ///// 1//// 92126 22200 00302 10502 20502 70010=
42101 32996 00000 10280 20272 40064 333 58006=
42111 31994 20000 10266 20252 39372 40052 71000 82030 333 58007 82360=
42123 22596 50000 10262 20256 40058 82530 333 58030 6011/ 82630 85360=
42131 32996 00000 10272 20252 40059 333 58014=
42165 32996 40902 10290 20250 40045 82510 333 58027 82635 84460=
42182 31695 42502 10280 20260 40052 71011 82530 333 58007 82635 83360=
42189 31995 00000 10286 20275 40044 70500 333 58000=
42328 32596 21402 10274 20239 40031 82500 333 58047 82630=
42339 31695 32302 10280 20238 40053 70500 82530 333 58033 83635=
42348 21595 49902 10250 20247 40065 71062 82530 333 58019 6017/ 82630 83360=
42361 21996 20000 10262 20251 40049 70500 82030 333 58010 6993/ 82360=
42369 31595 31401 10284 20262 40043 71022 83030 333 58006 83360=
42379 31995 00000 10274 20260 40038 71010 333 58005=
42410 21495 60000 10290 20276 40043 71022 83530 333 59010 6001/ 83618 86360=
42415 31496 80000 10286 20252 40044 71792 8632/ 333 59007 85618 81925 88459=
42452 21595 60000 10280 20263 40045 71022 84510 333 58010 6001/=
42492 31595 50000 10304 20277 40041 71022 82530 333 58000 82620 83360=
42559 22596 80000 10232 20229 40060 8552/ 333 58017 6012/ 85620 88458=
42571 22596 70000 10270 20259 40039 84530 333 58007 6006/ 84625 86360=
42623 31495 40000 10244 20238 39210 40058 71311 83331 333 58003 83618 81925 84360=
42634 22496 31403 10262 20245 40047 83600 333 58103 6007/ 83715=
42647 31596 60000 10274 20260 40065 71022 86700 333 56500 58045 83715 83620=
42667 21596 72904 10244 20235 39483 40062 70522 83630 333 58014 6990/ 83620 85360=
42675 21596 72502 10252 20240 40042 70521 85570 333 58010 6999/ 85620 87360=
42701 21495 50000 10246 20243 39332 40048 71022 82530 333 58007 6004/ 82618 85360=
42724 31496 50000 10286 20269 40049 71022 82530 333 58010 82618 84360=
42737 32496 61805 10254 20239 40055 82630 333 58060 82712 86358=
42754 21496 22905 10236 20222 39430 40057 70522 81530 333 58017 6011/ 81618=
42779 22596 50000 10244 20235 39356 40041 83530 333 59001 6006/ 83620 84360=
42798 21496 50000 10272 20246 40039 71022 83530 333 58004 6990/ 83618 85360=
42809 21595 40000 10286 20261 40039 70511 82530 333 58003 6990/ 82620 84360=
42840 32596 30000 10274 20257 40063 83500 333 58034 83620=
42867 21495 83202 10254 20239 40034 71022 8472/ 333 59012 6058/ 81710 83618 88458=
42874 32996 00000 10274 20251 40019 333 59017=
42886 21495 80000 10260 20254 40037 70522 8652/ 333 59004 6018/ 86618 88458=
42895 21596 60000 10286 20267 40031 76062 84530 333 59006 6007/ 83620 86360=
42971 21495 70502 10274 20268 40020 72162 85630 333 56190 59012 6996/ 82712 83616 87360=
43003 31595 50000 10282 20259 40064 70522 84830 333 58023 82620 83825=
43014 21496 82702 10244 20224 39417 40055 70554 86630 333 58018 6990/ 83712 84620 85360=
43041 21596 80000 10248 20237 39404 40009 72162 8552/ 333 59026 6002/ 85620 88458=
43063 22596 60000 10220 20214 39450 40073 86700 333 56600 58018 6006/ 83722 84626=
43086 22596 70000 10266 20248 39845 40020 84570 333 59008 6002/=
43110 21495 80000 10256 20244 40076 76062 8672/ 333 58018 6009/ 86712 88456=
43117 32596 52302 10258 20238 40056 83630 333 58002=
43128 21496 89902 10242 20222 39442 40041 76065 8472/ 333 56699 58001 6001/ 82710 83615 88458=
43185 21596 82703 10240 20234 30010 40013 76066 8352/ 333 59013 6053/ 83620 88458=
43189 22596 80000 10260 20242 39991 40000 8387/ 333 59025 6026/=
43192 21496 72302 10266 20260 40076 70262 83770 333 58008 6012/=
43233 32496 82312 10224 20203 39270 40085 8567/ 333 56699 58012=
43237 22596 89902 10246 20225 39648 40037 8552/ 333 58012 6006/ 85620 88458=
43245 21596 82705 10260 20242 30012 40038 76065 8487/ 333 58008 6001/=
43279 21495 80000 10242 20230 30032 40050 70396 8492/ 333 57912 58008 6019/ 83618 81925 88458=
43284 21093 70000 10246 20231 39966 40082 71062 84771 333 58011 6003/ 82701 83612 85458=
43295 22496 52304 10210 20182 39066 48474 82531 333 58009 6007/ 83612 83358=
43314 22496 82503 10280 20263 40084 84911 333 57910 58002 6012/=
43321 31496 72308 10244 20220 39625 40070 71022 83531 333 58007 83612 85358=
43329 21596 80000 10250 20241 30039 40053 75162 8457/ 333 58008 6003/=
43333 21495 82304 10258 20246 40079 76062 8542/ 333 58017 6028/ 82617 84819 88456=
43344 31496 62711 10286 20234 39961 40060 70522 83531 333 58003 83616 85360=
43369 21596 50000 10252 20249 40088 72161 85500 333 58004 6023/ 85620=
43371 21395 70000 10250 20244 30017 40090 76062 85770 333 56790 58004 6021/ 84709 84617=
43413 22470 42206 10279 20243 30070 40075 56020 84100 333 553// 20006 58005 60008 91011==
43418 22970 52301 10269 20234 30033 40074 57011 333 58003 60008 555 60008==
43421 22470 12402 10254 20000 39974 40080 57021 81000 333 553// 20000 58007 60008 91005==
43424 22470 22304 10276 20253 30078 40080 57024 82000 333 58004 60008 555 69918==
43436 22/70 60000 10272 20239 30069 40072 57017 333 58004 60008 555 60008==
43441 21468 72302 10247 20237 39952 40085 57020 78082 86220 333 58002 69988 555 60268==
43444 22470 70000 10222 20216 39556 40087 57021 87000 333 58000 60008 555 60088==
43450 21/59 72303 10257 20248 30085 40097 57017 72582 333 553// 20000 59006 60028 85/60 555 60058==
43466 22470 62402 10277 20232 30082 40090 5/022 86000 333 553// 20000 58001 60008 91004==
43467 21465 40000 10278 20249 30084 40090 57022 70381 84000 333 58002 69908 555 60138==
43473 21256 72805 10150 20150 38112 48478 57014 75055 87000 333 553// 20001 58002 60008 91010 555 60048==
43486 21465 80201 10240 20240 39994 40095 5/019 78082 87000 333 553// 20000 58003 60008 91002==
43495 21456 72306 10264 20244 30077 40090 57/// 79582 87/// 333 58004 60078 84/17==
43497 21470 82702 10255 20000 30068 40085 5/021 78082 85000 333 553// 20012 58002 60008 91005==
44212 429// 01702 10076 20044 39118 40223 52006==
44213 429// 00000 10066 20051 38805 40232 52004==
44214 42970 03402 10091 20000 38310 40223 58001==
44215 429// 02602 10071 20030 38439 40242 52002==
44217 32998 00000 10035 21012 37903 40297 54000 333 91200=
44218 429// 00000 10093 20033 38630 40228 54001==
44219 32999 01901 10096 20045 38634 40213 52006 333 91203=
44265 429// 02902 10103 20039 38853 40213 52004==
44266 316// 60408 10105 21013 37815 40204 52004 70230 85570 333 91115 91210=
44454 42457 31103 10231 20226 38643 48485 83800 333 58003=
50557 14/80 /1101 10088 20079 39812 40098 52015 60001 333 10229 20088 3/008 58055 70000 90761 91105==
51076 14/80 /0501 10114 20077 39346 40189 57006 60001 333 10221 20099 3/010 58040 70000 90761 91109==
51087 14/75 /0000 10117 20091 39213 40191 57005 60001 333 10218 20117 3/009 58039 70003 90761 91112==
51156 14/80 /3603 10085 20063 38726 40194 57010 60001 333 10205 20085 3/008 58038 70000 90761 91109==
51243 14/80 /3302 10197 20087 39659 40172 57006 60001 333 10283 20181 3/018 58029 70000 90761 91109==
51334 14/80 /1301 10164 20098 39785 40165 57010 60001 333 10287 20143 3/014 58010 70000 90761 91105==
51379 14/75 /1802 10120 20096 39292 40203 57006 60001 333 10202 20120 3/011 58026 70083 90761 91103==
51463 14/80 /2502 10153 20088 39054 40189 57007 60001 333 10207 20143 3/011 58015 70006 90761 91109==
51573 14/67 /3201 10246 20126 30066 40112 52005 60001 333 10320 20246 3/024 58120 70000 90761 91104==
51644 14/72 /1301 10189 20133 38923 40096 57002 60001 333 10291 20171 3/021 58071 70000 90761 91106==
51656 14/80 /1802 10206 20128 39115 40110 52001 69911 333 10249 20202 3/021 58089 70002 90761 91106==
51709 14/80 /3002 10178 20099 38610 40082 52003 60001 333 10294 20177 3/015 58019 70000 90761 91106==
51711 14/80 /2702 10128 20081 38047 40072 57002 60001 333 10246 20125 3/010 58044 70000 90761 91105==
51716 14/60 /0000 10184 20171 38884 40100 52001 60001 333 10269 20171 3/017 58033 70000 90761 91104==
51765 14/62 /1302 10223 20084 39172 40098 52003 60001 333 10314 20211 3/022 58102 70000 90761 91109==
51811 14/80 /1402 10210 20144 38761 40078 52001 60001 333 10288 20177 3/018 58019 70000 90761 91107==
51818 14/64 /1101 10213 20122 38624 40079 57004 60001 333 10289 20153 3/020 58020 70014 90761 91104==
51828 14/68 /2404 10204 20141 38624 40092 54000 69921 760// 333 10259 20191 3/018 58027 70002 90761 91107==
51886 14/57 /1504 10153 20092 37158 40002 52003 60001 760// 333 10263 20153 3/015 58031 70001 90761 91113==
52203 14/80 /1202 10218 20072 39284 40104 52005 60001 333 10322 20216 3/021 58118 70000 90761 91113==
52602 14/77 /0308 10174 20080 37289 49968 57002 60001 333 10288 20158 3/016 58028 70000 90761 91115==
52681 14/56 /2905 10220 20163 38603 40029 52017 60001 705// 333 10353 20220 3/023 58059 70000 90761 91111==
52818 14/63 /2703 10168 20066 37263 49958 57002 60001 333 10311 20168 3/016 58030 70000 90761 91109==
52908 14/80 /0202 10061 20031 35864 49972 54000 60001 333 10192 20049 3/003 58010 70000 90761 91107==
53463 14/80 /3202 10216 20138 38827 40059 57001 60001 721// 333 10316 20170 3/020 59009 70000 90761 91106==
54857 14/56 /3102 10265 20230 30013 40101 52010 60001 705// 333 10328 20242 3/024 58016 70000 90761 91105==
55228 14/80 /2202 10115 20025 36100 49948 54000 60001 333 10208 20076 3/011 58012 70000 90761 91108==
55299 14/80 /1700 10055 21012 35935 49970 57005 60001 333 10209 20035 3/001 59006 70000 90761 91107==
55578 14/80 /1101 10101 20043 36434 49984 57003 60001 333 10226 20091 3/010 59002 70000 90761 91109==
55591 14/80 /0902 10138 20047 36573 49945 57001 60001 333 10250 20121 3/011 59012 70000 90761 91105==
55664 14/80 /2901 10086 20003 36088 49997 52001 60001 333 10199 20074 3/007 58009 70000 90761 91110==
55773 14/80 /1401 10057 20050 36091 40040 57004 60001 333 10149 20033 3/003 58003 70001 90761 91110==
56004 14/80 /0000 10057 20003 35915 49961 57002 60001 333 10208 20054 3/101 58006 70000 90761 91109==
56018 14/80 /0801 10123 20038 36263 49926 57008 60001 333 10255 20046 3/010 58002 70000 90761 91110==
56116 14/80 /0101 10131 20040 36407 49925 57003 60001 333 10269 20066 3/012 59007 70000 90761 91107==
56299 88708=
56312 14/80 /2501 10153 20103 37118 49972 57006 60001 333 10302 20108 3/015 59024 70000 90761 91108==
57494 14/29 /0000 10263 20256 30058 40086 52008 60001 710// 333 10350 20260 3/026 58016 70000 90761 91102==
58847 14/57 /2401 10281 20255 39994 40090 57001 60001 705// 333 10357 20266 3/027 58015 70000 90761 91108==
62306 42960 03206 10280 20226 40134 54000==
62309 42960 00102 10278 20222 40122 57002==
62332 42960 03208 10288 20232 40123 52002==
62337 42960 02702 10272 20214 40121 57002==
62366 45960 03607 10288 20191 40120 52004==
62387 42960 03405 10302 20169 40112 52003==
62393 42960 03507 10314 20136 40140 52002==
62405 42960 03603 10353 20115 40090 52009==
62414 42960 01706 10336 20213 40095 52004==
62419 42960 02004 10317 20221 40086 52001==
62420 42960 00000 10304 20128 40115 52001==
62432 42960 00208 10344 20133 40114 52005==
62435 42960 03304 10337 20122 40092 52003==
62458 42960 03204 10312 20125 40095 52001==
62459 42960 03016 10318 20187 40079 57001==
62465 42960 03115 10356 20096 40077 54000==
