SIPK OPKC 301500=
Contact UsHome
Dated: 8/30/2024 Time : 1500
----------------------------------------------
41506 22695 80000 10210 20180 38505 48504 8452/ 333 5699/ 58060 60007 84640 85460 83%=
41504 22595 80000 10165 20141 37852 48479 87710 333 56990 58037 60027 83720 84640 88460 86%=
41507 22695 80000 10250 20221 39227 49725 8352/ 333 5699/ 58040 60007 83640 85460 84%=
41508 21495 80000 10201 20185 38657 48532 76166 8572/ 333 5699/ 58045 60037 82715 83635 85460 91%=
41509 21496 80000 10230 20193 38731 48482 76162 8572/ 333 5699/ 58062 69907 82715 83635 88458 79%=
41515 22696 80000 10210 20171 38535 48499 8452/ 333 5699/ 58070 60007 84650 84458 78%=
41516 21396 80000 10190 20174 38551 48510 75052 8651/ 333 5699/ 58010 69907 82710 84640 88460  91%=
41517 21496 80000 10180 20132 37817 48511 70422 8662/ 333 5699/ 58001 60007 83710 83630 88460 73%=
41518 22696 81802 10211 20163 38/// 48/// 8352/ 333 5699/ 5//// 60007 83640 88461 74%=
41519 21596 70000 10230 20168 38756 48506 75052 84720 333 56990 58003 69927 81730 83640 87462 68%=
41520 22595 70000 10160 20136 37652 48257 84670 333 56990 58000 60007 81720 83640 86762 86=
41523 21695 80000 10230 20215 39057 48496 70262 8472/ 333 5699/ 58033 69927 81720 83640 85460 92%=
41524 21696 80000 10230 20208 39308 40143 72062 8352/ 333 5699/ 58041 60017 83640 85458 RH 87%=
41525 21696 81304 10130 20113 37696 48406 76166 8352/ 333 5699/ 58030 60037 83640 85460 RH89%=
41528 21696 70000 10225 20218 39177 48490 70400 83520 333 56990 58001 60007 83640 85460 96%=
41529 22696 72302 10250 20220 39726 40097 83520 333 56990 58045 60007 83640 84460 84%=
41530 216// 72304 10240 20210 39693 40097 70552 83430 333 56990 58047 69907 83840 86360 83%=
41534 21695 80000 10235 20228 39692 40096 70262 8452/ 333 5699/ 58037 60017 84640 85460 96%=
41535 22696 80000 10190 20182 38695 48471 8452/ 333 5699/ 58024 60007 84635 86460 RH95%=
41535 22696 80000 10190 20182 38695 48471 8452/ 333 5699/ 58024 60007 84635 86460 RH95%=
41536 21496 80000 10205 20198 39014 48488 76066 8572/ 333 5699/ 58037 60017 82720 83630 88460 95%=
41560 22696 60000 10200 20185 38281 48500 83520 333 56990 58028 60007 83630 83460 Rh91%=
41562 22696 60504 10275 20208 39622 40069 82520 333 56990 58047 60007 82640 84460 RH 67%=
41565 22394 83102 10172 20170 38640 48511 72122 8472/ 333 5699/ 58040 60017 84730 84460 100%=
41567 21696 80000 10230 20215 39658 40065 70402 83530 333 56990 58042 60057 83640 85460 91%=
41571 216// 73108 10245 20216 39521 40086 70522 83830 333 56990 58013 60007 RH84%=
41573 22696 40504 10150 20134 37987 48502 82530 333 56990 58024 60007 82640 82360 90%=
41574 22697 50000 10175 20151 38340 48514 83520 333 56990 58019 60007 83640 83460 86%=
41576 22997 20000 10260 20253 40084 82030 333 56090 58013 60007 82360 96%=
41577 21696 30000 10240 20233 39501 40099 70422 83030 333 56990 58029 60007 83360 RH 96%=
41593 21696 60000 10280 20266 39852 40058 70492 83570 333 56990 58027 60007 83640 84460 92%=
41597 21996 30000 10275 20261 40075 70400 83030 333 56090 58014 60007 83362 92%=
41598 21996 00000 10265 20258 39789 40051 70400 333 58007 60007 96%=
41599 21696 50000 10280 20221 39779 40058 70422 82470 333 56990 58012 60007 82460 83640 70%=
41600 21696 60000 10290 20255 40056 70422 83570 333 56990 58005 60007 83645 83462 81%=
41620 32696 63605 10240 20162 38541 48447 84510 333 56990 58035 60007 84640 82460 62%=
41624 21696 60502 10275 20231 40065 70420 83520 333 56990 58039 60007 83637 83460 77%=
41625 21696 50000 10275 20239 40058 70400 82520 333 56990 58034 60007 82637 83460 81%=
41630 21696 70000 10270 20256 40070 70496 83570 333 56990 58039 69907 83640 85460 92%=
41633 22997 20000 10270 20234 4//// 82030 333 56090 5//// 60007 82360 81%=
41634 22697 60000 10245 20238 3//// 4//// 82640 333 56990 5//// 60007 82640 84460 96%=
41635 21996 40000 10280 20252 3//// 4//// 70400 84030 333 56090 5//// 60007 84362 85%=
41636 21996 40000 10290 20262 39886 40064 70429 84030 333 56090 58037 60007 84362 85%=
41638 21696 60000 10265 20244 4//// 72096 83570 333 56990 5//// 60037 83640 85460 88%=
41639 21696 30000 10260 20215 4//// 70422 83520 333 56900 5//// 60007 83640 76%=
41640 21696 50000 10285 20250 39815 40054 70422 82530 333 56990 58020 60007 82640 83360 81%=
41641 21996 30000 10280 20244 39798 40062 70411 83030 333 56990 58024 60007 83360 81%=
41642 22997 20000 10290 20262 4//// 82030 333 56090 5//// 60007 82360 85%=
41643 21996 00000 10305 20264 39786 40050 70410 333 58012 60007 79%=
41644 22697 60000 10270 20256 4//// 83520 333 56990 5//// 60007 83640 83460 92%=
41646 21696 60000 10285 20250 39866 40070 70422 84570 333 56990 58034 60007 84640 86460 81%=
41652 21996 50504 10310 20254 39884 40054 70400 85030 333 56090 58030 60007 85360 74%=
41660 226// 71330 10230 20154 38397 48483 85930 333 56990 58040 60007 81930 84840 85358 62%=
41661 22696 71302 10235 20176 38359 48481 88800 333 56900 58041 60007 83840 85635 69%=
41669 22996 20502 10285 20257 3//// 4//// 82030 333 56090 5//// 60007 83362 85%=
41670 21996 00000 10295 20245 4//// 70400 333 5//// 60007 75%=
41674 21696 70506 10280 20273 3//// 4//// 70492 8347/ 333 5699/ 5//// 60007 83840 86460 96%=
41675 21696 50000 10295 20260 39915 40052 70422 82570 333 56990 58040 60007 82640 83460 82%=
41676 21996 33102 10295 20260 39921 40072 70400 83030 333 56090 58043 60007 83360 82%=
41677 21696 80000 10250 20243 39874 40036 70400 84570 333 56990 58036 60017 84640 86460 96%=
41678 21696 80000 10280 20266 40054 72052 84520 333 56990 58036 60047 84640 84460 92%=
41679 21996 20000 10285 20264 4//// 70411 82030 333 56090 5//// 60007 82360 89%=
41680 21696 70000 10280 20259 40057 72995 83520 333 56990 58054 60017 83640 86460 88%=
41685 22997 00502 10250 20190 38862 48462 333 58024 60007 69%=
41696 22696 70502 10180 20157 37964 48465 83520 333 56990 58005 60007 83640 84460 86%=
41697 22696 70000 10270 20249 40053 84520 333 56990 58052 60007 84640 83460 88%=
41700 21696 30000 10285 20257 40040 70422 83500 333 56900 58036 60007 83640 85%=
41701 21596 50000 10285 20264 40053 71792 84920 333 56990 58042 60007 81930 83640 83460 89%=
41710 21995 03104 10340 21021 49970 70600 333 58027 60007 10%=
41712 21995 71308 10310 20008 39107 48460 70600 85510 333 56990 58051 60007 85640 83460 14%=
41715 21696 60000 10290 20262 40030 71300 83530 333 56990 58034 60007 83635 83360 85%=
41716 21996 50508 10285 20257 40054 70422 85020 333 56090 58045 60007 85460 85%=
41718 21695 50000 10260 20246 40043 71392 81930 333 56990 58045 60007 81935 84362 92%=
41724 21595 80000 10270 20263 40063 71765 81520 333 56990 58060 60197 81925 83640 85460 96%=
41725 21596 70504 10280 20266 40047 71396 85940 333 56990 58057 60227 81925 84640 83460 92%=
41726 22696 80000 10270 20256 39957 40026 72160 83520 333 56990 58050 60177 83640 85460 92%=
41738 21996 40910 10390 21003 49978 70600 84040 333 56090 58007 60007 84460 RH09%=
41739 21696 63604 10310 20113 38946 48434 70520 83530 333 56990 58012 60007 83635 83360 30%=
41742 22996 60000 10310 20231 40003 86030 333 56090 58038 60007 86360 63%=
41743 21696 60000 10270 20249 70106 84530 333 56990 60007 82635 84360 88%=
41744 01696 80000 10220 20108 38713 48445 76062 83520 333 56990 58022 60027 83630 85460 49%=
41745 21695 80000 10260 20246 72106 84530 333 56990 60097 84635 84360 92%=
41746 22696 70000 10290 20255 40024 83530 333 56990 58031 60007 83640 84360 81%=
41747 22696 80000 10280 20259 40029 71395 85930 333 56990 58047 60157 81930 85640 83360 88%=
41748 22696 80504 10295 20267 40030 84530 333 56990 58041 60087 84635 84360 85%=
41749 21696 60504 10255 20241 40011 72060 84530 333 56990 58028 60067 84635 84360 92%=
41756 21996 51804 10280 20244 49976 70500 80001 333 56009 59001 60007 85070 81%=
41757 21996 50000 10290 20248 39981 49993 85030 333 56090 58002 60007 85360 78%=
41759 21696 72302 10310 20269 49979 70511 82510 333 56990 58006 60007 82640 85460 79%=
41764 22696 70912 10270 20226 39971 40020 85570 333 56990 58056 60007 85635 84460 77%=
41765 25596 73610 10260 20246 39972 40007 85630 333 56590 58035 60007 84725 82635 82360 99%=
41766 22696 51304 10275 20239 49989 82530 333 56990 58038 60007 82635 83360 81%=
41767 22996 2//// 10275 20239 82030 333 56090 60007 82360 81%=
41768 22996 11302 10285 20257 30030 40037 81030 333 56009 58081 60007 81360 85%=
41780 22596 70720 10265 20229 39958 49984 86630 333 56990 58008 60007 83720 85630 86360 80%=
41783 22696 81314 10255 20233 39965 49994 70500 84520 333 56990 58036 60007 84635 84460 88%=
41785 22696 60908 10270 20241 30006 40019 84630 333 56990 58072 60007 84730 82360 84%=
41786 22696 61304 10270 20234 40013 83630 333 56990 58078 60007 83630 83362 81%=
41BKI 22696 80000 10250 20220 39686 40092 83530 333 56990 58058 60007 83640 85360 RH84%=
41SKP 21996 30000 10285 20257 4//// 70410 83030 333 56090 5//// 60007 83360 85%=
43532 21696 80000 10215 20208 39282 40064 8552/ 333 5699/ 58011 60007 85640 88460 96%=
43533 22696 70000 10220 20205 39188648482 84520 333 56990 58022 69947 84640 86460 91%=
43563 22997 00000 10250 20221 40068 333 58012 60007 84%=

© www.PMD.gov.pk




Data Generated from File : D:\all data handling\Rmc_lhr\2024083015.FSU.txt
30/08/24 16:15:31
______________________________________________________________
15007 25/70 /3204 10279 20132 39726 40166 57005 7000/ 333 55306 0//// 21077 3//// 60007=
15020 25570 70502 10321 20094 39970 40153 57007 7000/ 83208 333 55305 0//// 20895 3//// 60007 91004 91106=
15023 25570 73604 10291 20116 39744 40141 57007 7000/ 82370 333 55306 0//// 21095 3//// 60007 91008 91108=
15056 25570 60404 10287 20104 39823 40151 57007 7000/ 83870 333 55300 0//// 20611 3//// 60007 91007 91108=
15069 25598 50206 10236 20118 39144 42824 57003 7000/ 83230 333 55309 0//// 21209 3//// 60007 91009 91109=
15073 25/70 /3603 10284 20108 39720 40157 57009 7000/ 333 55300 0//// 20627 3//// 60007=
15090 25570 60504 10326 20097 30061 40146 56010 7000/ 82571 333 55308 00857 21359 30795 60007 91008 91110=
15107 25670 60504 10257 20099 39397 42827 57004 7000/ 83372 333 55305 0//// 21229 3//// 60007 91009 91109 95000=
15108 22297 70603 10136 20085 38162 48555 54001 85840 333 55300 0//// 20558 3//// 60007 91006 91107 95100=
15109 25598 73501 10283 20113 39748 40155 57006 7000/ 83878 333 55303 0//// 20927 3//// 60007 91003 91106=
15111 25/70 /3605 10304 20107 39896 40141 57010 7000/ 333 55308 0//// 21439 3//// 60007=
15113 25570 73506 10301 20105 39988 40140 57014 7000/ 83270 333 55300 0//// 20713 3//// 60007 91009 91109=
15127 25570 70304 10245 20098 39326 42824 56003 7000/ 85370 333 55300 0//// 20660 3//// 60007 91007 91109 95000=
15148 21470 70403 10190 20089 38758 48540 57005 70282 85302 333 55301 0//// 20632 3//// 69917 91008 91108=
15150 25570 63503 10293 20135 39950 40149 57013 7000/ 84570 333 55303 0//// 20897 3//// 60007 91006 91107=
15154 25570 80203 10310 20103 30000 40133 56014 7000/ 8457/ 333 55304 0//// 21033 3//// 60007 91006 91108=
15168 25/64 /0503 10230 20124 39573 42822 55003 7000/ 333 55304 0//// 20982 3//// 60007=
15170 22598 72301 10217 20154 39416 42817 58002 84370 333 55300 0//// 20419 3//// 60007 91001 91106=
15194 25970 43102 10285 20161 39874 40149 57011 7000/ 84070 333 55308 0//// 21558 3//// 60007 91005 91105=
15197 27/70 /3604 10276 20134 39943 40140 57010 7818/ 333 55300 0//// 20475 3//// 60007=
15215 21598 73402 10203 20161 39587 42818 55004 72998 87900 333 55300 0//// 20173 3//// 60027 91003 91106=
15217 25/70 /3604 10233 20149 39517 42817 58004 7000/ 333 55302 0//// 20828 3//// 60007=
15219 25/70 /3204 10278 20164 30020 40138 57015 7000/ 333 55302 0//// 20638 3//// 60007=
15238 25/70 /0203 10244 20119 39567 42818 57004 7000/ 333 55303 0//// 20841 3//// 60007=
15261 25/64 /3504 10221 20144 39381 42830 57004 7000/ 333 55300 0//// 20494 3//// 60007=
15262 22398 70207 10119 20096 38261 48538 54001 82370 333 55300 0//// 20508 3//// 60007 91011 91111=
15265 25570 73205 10272 20174 30065 40135 57011 7000/ 84570 333 55300 0//// 20668 3//// 60007 91008 91110=
15280 21/90 90511 10065 20065 37569 47145 54001 74544 333 55300 0//// 20154 3//// 60007 91016 91119=
15300 25598 63402 10246 20155 39554 42819 57008 7000/ 86300 333 55304 0//// 20871 3//// 60007 91003 91103=
15301 25570 70102 10165 20129 38668 48553 57005 7000/ 87300 333 55301 0//// 20706 3//// 60007 91005 91107 95010=
15302 25670 63301 10191 20139 38959 48542 57004 7000/ 86300 333 55301 0//// 20660 3//// 60007 91002 91104 95000=
15307 27/70 /3604 10275 20142 39958 40133 57008 723// 333 55300 0//// 20525 3//// 60007=
15310 25570 83502 10289 20134 30050 40130 57009 7000/ 82877 333 55306 00616 21248 31120 60007 91006 91106=
15324 25/70 /0302 10240 20128 39389 42813 57005 7000/ 333 55304 0//// 21020 3//// 60007=
15325 25570 60102 10149 20102 38519 48530 54001 7000/ 83370 333 55300 0//// 20542 3//// 60007 91007 91111 95000=
15328 25570 70103 10268 20100 39812 40142 54000 7000/ 83370 333 55300 0//// 20234 3//// 60007 91007 91108=
15335 25970 40403 10285 20168 30119 40126 57009 7000/ 83042 333 55310 0//// 21609 3//// 60007 91005 91105=
15336 25/70 /0602 10268 20181 30121 40123 56006 7000/ 333 55308 0//// 21317 3//// 60007=
15349 25/70 /0202 10274 20107 39621 40140 56003 7000/ 333 55305 0//// 21104 3//// 60007=
15350 25570 80105 10279 20120 30028 40141 57004 7000/ 885// 333 55300 0//// 20371 3//// 60007 91009 91111=
15360 25969 20409 10250 20209 30105 40122 57003 7000/ 80001 333 55310 0//// 21250 3//// 60007 91012 91112 92438=
15375 25570 70304 10279 20116 39801 40138 57007 7000/ 83370 333 55306 0//// 21236 3//// 60007 91008 91109=
15377 25597 70703 10285 20094 39933 40136 57002 7000/ 87300 333 55300 0//// 20328 3//// 60007 91006 91107=
15387 25570 30203 10251 20192 30122 40125 55001 7000/ 83200 333 55304 0//// 20867 3//// 60007 91005 91108=
15402 25570 70406 10293 20130 30067 40137 55004 7000/ 87900 333 55309 0//// 21505 3//// 60007 91012 91112=
15405 25970 70205 10268 20144 30080 40139 57002 7000/ 87070 333 55300 0//// 20276 3//// 60007 91006 91110=
15406 27/70 /3502 10243 20202 30082 40128 58004 723// 333 55300 0//// 20527 3//// 69997=
15408 25/70 /3403 10250 20164 39875 40127 54001 7000/ 333 55305 0//// 21016 3//// 60007=
15409 25/70 /0205 10258 20180 30077 40122 55005 7000/ 333 55302 0//// 20800 3//// 60007=
15419 25570 70802 10281 20130 39962 40145 57004 7000/ 85370 333 55301 0//// 20697 3//// 60007 91005 91106=
15420 25570 60402 10283 20136 30031 40135 57004 7000/ 82260 333 55300 0//// 20691 3//// 60007 91006 91106=
15421 25670 70404 10297 20126 30041 40144 57005 7000/ 82370 333 55305 00458 21015 30832 60007 91008 91109=
15422 25570 70401 10286 20147 30039 40134 57004 7000/ 83350 333 55300 0//// 20599 3//// 60007 91005 91105=
15425 22570 80102 10235 20165 30073 40134 57004 8457/ 333 55300 0//// 20353 3//// 60007 91004 91109=
15434 21569 80401 10208 20191 39949 40152 55005 78098 8537/ 333 55300 0//// 20281 3//// 60027 91002 91107=
15444 25/70 /0103 10241 20178 30062 40131 54001 7000/ 333 55300 0//// 20326 3//// 60007=
15455 25/70 /0303 10287 20138 30016 40139 57005 7000/ 333 55300 0//// 20737 3//// 60007=
15460 25570 83501 10247 20172 30110 40134 57004 7000/ 8657/ 333 55301 0//// 20650 3//// 60007 91003 91105=
15462 25570 73505 10244 20187 30047 40129 53003 7000/ 87500 333 55301 0//// 20701 3//// 60007 91006 91108=
15470 25570 70103 10286 20134 30020 40138 57005 7000/ 82370 333 55300 0//// 20739 3//// 60007 91006 91106=
15475 22597 70602 10257 20183 30118 40137 55003 84370 333 55306 0//// 21088 3//// 60007 91006 91106=
15479 25/70 /3303 10226 20192 39947 40131 54001 7000/ 333 55300 0//// 20516 3//// 60007=
15480 25570 80501 10250 20184 30106 40122 55001 7000/ 889// 333 55300 00209 20482 30436 69947 91005 91106 92438=
15489 25570 70403 10290 20129 30049 40137 56007 7000/ 84370 333 55300 0//// 20573 3//// 60007 91005 91108=
15491 25570 70701 10276 20162 30106 40134 56007 7000/ 84370 333 55300 0//// 20599 3//// 60007 91003 91105=
15499 27/66 /3202 10227 20209 30110 40118 55005 7616/ 333 55300 0//// 20159 3//// 60037=
15549 42570 60203 10231 20161 39732 40124 54000 83230 333 10252 20176 555 565//=
15552 42470 73403 10250 20196 30068 40114 58001 86850 333 10273 20213 572// 92025 92428=
15640 42674 73407 10238 20174 39824 40118 58005 86350 333 10263 20217 91116 555 568//=
15655 42570 60906 10259 20167 30079 40110 53001 85230 333 10293 20231 555 557// 92034 92438=
15730 41670 83603 10251 20137 39750 40122 53001 72582 86937 333 10284 20192 54900 66226=
16627 42570 62608 10264 20197 30105 40110 55000 84850 333 82820 83630 85358 91112 40000 47610 44230 50000 50220=
16650 42460 30306 10300 20143 30102 40110 56007 81101 333 81818 83066 91114 40000 47612 44260 50000 50204=
16667 42560 22706 10320 20166 30093 40103 56007 82201 333 91114 40000 47607 44265 50000 50222=
16706 42960 10206 10292 20180 30087 40094 55008 80001 333 91112 40000 47606 44280 50000 50220=
16723 42960 09903 10304 20180 30080 40094 57007 333 91111 555 40000 47599 44270 50000 50224=
16732 46/// /0109 10278 20212 30102 40113 57004 333 91113=
16742 42960 03013 10272 20199 39953 40099 57005 333 91118 555 40000 47504 44270 50000 50224=
16749 42460 12521 10300 20211 30074 40087 55000 81200 333 91127 40000 47593 44260 50000 50240=
16754 41460 43207 10284 20235 30074 40120 51002 70190 83830 333 82818 83625 91113 70000 77/// 7V///=
16760 42460 33606 10268 20198 40120 52004 83800 333 82818 83625 91117=
17022 42670 53503 10253 20208 39952 40109 53003 82250 333 82834 85360 91107 92428=
17024 42670 23601 10280 20267 30021 40095 58002 82200 333 82835 91105 92428=
17026 42570 53108 10259 20218 30073 40110 52008 83250 333 83830 85358 91113 92428=
17031 42570 33605 10268 20219 30095 40101 53002 83100 333 83832 91112=
17034 42970 53501 10267 20195 30064 40108 58002 85030 333 85360 91105 92428=
17038 42470 73504 10257 20208 30058 40103 50001 87200 333 83716 87830 91114 92428=
17042 41670 61102 10220 20200 30074 40112 51009 72598 83250 333 83835 86360 91115 92428=
17050 42670 60103 10293 20150 30061 40120 55001 83270 333 83835 86358 91113=
17056 41670 71606 10266 20212 30097 40101 57005 70282 84230 333 84835 87360 91115 92438=
17060 42660 33513 10260 20188 30072 40118 57007 81230 333 81833 83358 91117=
17070 42665 52803 10261 20149 39259 40082 52005 85200 333 85835 91110=
17074 41570 60000 10203 20196 39217 40113 51007 72999 84250 333 84830 86360 91109=
17084 42670 53411 10270 20140 39222 40073 53001 85200 333 85835 91115=
17085 42670 50506 10304 20129 39606 40064 55004 83230 333 83840 85360 91110=
17092 42770 43508 10307 20108 38784 48441 55003 82230 333 82850 84360 91116=
17096 42560 63406 10253 20069 38194 48440 57007 86900 333 81925 85835 91125=
17098 42560 61323 10225 20084 38176 48468 55006 84950 333 81925 83835 85357 91034 91134=
17100 42670 40000 10294 20154 39100 40026 57009 82230 333 82840 84358 91109=
17112 42570 23207 10300 20178 30097 40099 57006 82200 333 82830 91110 92418=
17115 42660 33505 10288 20163 30058 40106 56009 83100 333 83835 91110=
17116 42670 33407 10276 20159 39988 40103 56004 83200 333 83835 91114=
17124 42660 33308 10269 20131 39219 40089 55003 83100 333 83840 91116=
17128 42670 22709 10286 20082 39034 40063 56004 82100 333 82840 91118=
17135 42670 42102 10293 20130 39235 40055 57006 84200 333 84835 91108=
17140 42665 41801 10237 20112 38680 48478 57007 84200 333 84838 91107=
17150 42660 33610 10302 20141 39977 40094 55002 83100 333 83835 91119=
17160 42670 41903 10280 20105 38973 48475 57007 84200 333 84840 91110=
17170 42660 52307 10248 20161 38294 48453 53002 82150 333 82840 85360 91115=
17175 42665 23006 10295 20177 30086 40090 55007 82100 333 82840 91113 92447=
17184 41670 52301 10232 20212 39985 40091 50001 72582 84240 333 84840 85360 91111=
17190 42670 63504 10269 20096 38950 48478 56006 83230 333 83835 86358 91109=
17190 42670 63504 10269 20096 38950 48478 56006 83230 333 83835 86358 91109=
17195 42670 30404 10280 20093 38926 48476 57008 83100 333 83840 91114=
17200 42960 03213 10326 20085 39106 40012 56003 333 91120=
17202 42670 22610 10340 20043 39044 49998 55004 82100 333 82835 91118=
17203 42670 11802 10308 20011 38801 48482 55001 81100 333 81840 91110=
17210 42970 02306 10342 20088 39044 49987 54000=
17219 42665 23417 10309 20137 39960 40096 55001 82200 333 82835 91126=
17234 42670 22204 10323 20165 30020 40084 55001 82200 333 82840 91114=
17237 42670 23405 10331 20109 39600 40069 57010 82100 333 82835 91110=
17240 42570 33109 10305 20098 38986 40056 57006 83200 333 83830 91019 91119=
17244 42670 40405 10277 20103 38954 48480 57008 84200 333 84840 91116=
17248 42670 20000 10290 20087 38933 48472 57010 82100 333 82840 91108=
17250 42970 00504 10275 20092 38770 48480 57006 333 91113=
17260 42960 02715 10319 20153 39238 49992 57002 333 91122=
17270 42970 00903 10343 20146 39413 40009 57004 333 91112=
17275 42970 02002 10300 20084 38913 48466 57004 333 91113=
17280 42960 01808 10354 20096 39270 49996 56003 333 91118=
17290 42970 02805 10319 20135 30066 40096 50000 333 91115 92428=
17292 42570 22903 10306 20124 39357 40064 56003 82100 333 82830 91112=
17300 42560 61605 10306 20227 30006 40073 55001 86900 333 81920 85830 91120=
17310 42970 02502 10328 20244 30061 40068 51001 333 91106 92428=
17330 42670 11002 10323 20220 30041 40058 55007 81100 333 81840 91110=
17350 42660 32114 10310 20210 39982 40055 54000 83100 333 83835=
17370 42670 22509 10302 20246 30068 40072 57002 82200 333 82835 91119 92438=
17375 42670 10103 10324 20193 30052 40054 55001 81200 333 81835 91110 92428=
33088 42697 10403 10304 20099 30009 40185 57006 81100 555 1/036=
33135 41996 20702 10291 20069 30061 40198 57003 70540 82030 555 1/033=
33177 42598 20502 10302 20131 39963 40182 57006 82100 555 1/037=
33317 42599 30303 10301 20111 39863 40173 57005 82105 555 1/038=
33393 42660 50000 10279 20156 39813 40176 57004 82330=
33415 42698 60402 10298 20134 39803 40169 57004 83250 555 1/034=
33429 42997 60402 10299 20119 39777 40166 57004 80001 555 1/034=
33466 42998 20504 10319 20067 39997 40169 58010 80001 555 10037=
33506 42997 30803 10309 20009 39988 40169 57004 82031 555 1/035=
33562 42960 30402 10315 20131 39887 40166 56005 82031 555 1/031=
33587 42998 20702 10311 20076 39913 40154 57003 82080 555 1/034=
33658 42982 63002 10295 20145 39886 40162 57008 86030 555 1/036=
33663 42998 50503 10328 20081 30065 40153 57007 82031 555 1/040=
33664 42598 70503 10307 20059 39860 40151 57004 83230=
33678 42598 62804 10310 20069 39968 40158 52002 86200=
33679 42597 70402 10321 20085 39981 40156 54000 83531=
33711 42960 40606 10313 20062 39957 40149 57001 82031 555 1/038=
33745 42597 60503 10305 20076 39977 40158 57014 86900=
33748 42597 60802 10314 20105 39880 40140 57004 82331=
33754 42598 71105 10317 20081 30013 40147 54000 82330 333 91112=
33761 42570 70604 10306 20089 39942 40147 52001 85532 555 1/032=
33791 42982 50507 10315 20045 30033 40150 53005 80001 555 1/041=
33815 42598 70905 10274 20102 39950 40143 53010 86530=
33837 41571 81003 10262 20181 30088 40136 54000 71792 8596/ 1/028=
33881 42598 70604 10252 20137 39959 40143 53004 87300=
33883 42598 83603 10249 20146 39986 40139 52008 883//=
33885 42598 60505 10281 20104 30012 40139 57009 83202=
33892 42598 80402 10265 20138 39943 40140 52005 84350=
33902 42597 70503 10282 20092 30080 40135 53002 86340 555 1/029=
33924 22598 60503 10249 20190 30114 40126 52008 84903 333 60192 91114=
33946 21674 80707 10250 20192 39906 40112 52009 70292 81332 333 60002 91012 91113=
33983 22597 80703 10241 20181 30058 40115 58001 8535/ 333 69902 91110=
34300 42997 21003 10305 20019 30019 40182 56002 82030 555 1/032=
34336 12998 50702 10309 20012 30091 40186 57004 60002 80004 333 10333=
34344 62998 31002 10315 20027 30100 40181 57005 60002 80001 333 10342=
34356 62997 00702 10307 20000 30055 40190 57003 60002 333 10328=
34357 62998 00903 10298 20011 30039 40181 57003 60002 333 10328 91110=
34398 32998 50601 10312 20084 30176 40185 57005 85081 333 10358=
34415 42670 81401 10295 20075 30083 40172 53002 8451/ 555 1/031=
34438 62/// /0905 10305 20028 39994 40169 57005 60002 333 10328 91110=
34445 62998 20905 10307 20011 30076 40181 54001 60002 80001 333 10328 91110=
34461 62997 00802 10314 20001 30134 40185 57004 60002 333 10333=
34473 32997 11002 10318 20031 30154 40189 57005 80003 333 10333=
34476 62998 10802 10316 20004 30182 40189 57005 60002 80001 333 10335=
34504 42980 50906 10281 20051 39999 40160 53001 85030=
34535 62998 60905 10306 20011 30096 40161 57004 60002 84031 333 10324 91010 91112=
34545 62998 40704 10309 20013 30066 40168 56003 60002 80001 333 10330 91112=
34555 62998 00705 10273 20128 30098 40182 57003 60002 333 10300=
34560 42997 01303 10294 20047 30008 40183 57004 333 10319 91110=
34578 62997 00902 10306 20044 30171 40177 57007 60002 333 10333=
34579 62998 20402 10310 20022 30141 40181 57006 60002 80002 333 10334=
34601 SIUR21 301500 33415 42698 60402 10298 20134 39803 40169 57004 83250 555 1/034=
34644 62597 50604 10306 20015 30078 40148 57004 60002 83802 333 10330 91112=
34646 62998 60603 10267 20169 30080 40155 57003 60002 81031 333 10293=
34655 62997 20607 10316 21001 30106 40161 57002 60002 82030 333 10336 91010 91113=
34662 62998 00804 10311 20009 30165 40175 55003 60002 333 10331=
34691 32998 20902 10325 20034 30190 40179 57007 80002 333 10350=
34712 SIUZ20 301500 38141 32998 00902 10300 20041 30012 40157 57008 333 10327 53007=
34720 62598 70603 10298 20078 30097 40133 57004 60002 86944 333 10302 91110=
34727 62597 60702 10283 20105 30097 40127 57006 60002 86300 333 10317 91111=
34743 62997 60805 10314 21003 30066 40147 57001 60002 80005 333 10339 91010 91114=
34759 61597 30806 10301 20028 30029 40149 53001 60002 70131 81501 333 10331 91011 91113=
34772 62998 20904 10316 20018 30169 40172 57001 60002 80005 333 10335 91112=
34785 62998 21503 10304 20051 30194 40174 56002 60002 80001 333 10334 91110=
34798 32999 01203 10283 20108 30204 40177 57004 333 10337=
34824 62597 80601 10272 20162 30114 40119 57006 60002 8553/ 333 10289=
34838 12997 81002 10321 20080 30019 40106 57009 60002 8807/ 333 10325 91110=
34845 62998 51104 10317 20036 30027 40124 53004 60002 80004 333 10339 91113=
34858 12997 61103 10306 20013 30036 40134 53004 60002 80005 333 10339 91113=
34861 12998 31308 10290 21015 39924 40147 52003 60002 80001 333 10326 91012 91114=
34866 61998 31106 10300 20002 30165 40157 53005 60002 70230 80001 333 10331 91010 91115=
34880 62997 60901 10285 20084 30194 40170 57002 60002 82031 333 10322 91111=
34887 62998 10703 10275 20052 30187 40169 54000 60002 80001 333 10313 91111=
34949 62998 60909 10284 20081 39608 40108 52004 60002 86030 333 10304 91013 91114=
34954 62997 80703 10299 20069 39966 40125 53014 60002 80009 333 10336 91113=
34958 12598 50806 10290 20069 39944 40127 53011 60002 83501 333 10329 91012 91115=
34975 12998 41205 10278 20058 30153 40149 52004 60002 80031 333 10326 91114=
34984 62998 20504 10267 20085 30190 40162 54000 60002 80001 333 10312 91113=
35217 32997 30204 10282 20083 30159 40196 53002 83040 333 10325=
35302 32998 00404 10291 20120 30176 40195 57001 333 10321=
35315 32998 20203 10296 20118 30131 40182 57001 82030 333 10335=
35344 32998 33103 10219 20114 39910 40176 56002 83060 333 10280=
35358 32997 20201 10250 20112 30009 40164 57005 82040 333 10275=
35368 329// 50103 10220 20092 39924 40170 58001 85040 333 10278=
35386 325// 70402 10180 20080 39678 40163 53012 87500 333 10240=
35394 32598 70103 10186 20082 39526 40154 53006 87900 333 10253=
35404 32998 00701 10318 20085 30179 40186 57009 333 10330=
35406 32697 30000 10304 20090 30183 40185 57005 83200 333 10340=
35416 32698 61402 10293 20131 30067 40176 54000 84130 333 10351=
35426 32999 23202 10268 20122 39909 40174 56001 80001 333 10315=
35437 32998 60305 10267 20109 39883 40168 56002 82043 333 10308=
35449 32998 02803 10260 20138 30066 40160 57002 333 10285=
35497 325// 73201 10192 20110 39410 40148 57002 87900 333 10250=
35498 326// 63502 10200 20090 39339 40149 57001 86500 333 10250=
35514 32998 30501 10320 20045 30181 40177 57007 80001 333 10343=
35522 32698 40204 10302 20151 39939 40165 57007 82101 333 10324=
35542 32999 23602 10258 20007 30032 40166 57001 80002 333 10324=
35563 32998 83302 10206 20083 39443 40153 53006 82031 333 10265=
35576 32698 63402 10238 20122 39736 40145 53006 86200 333 10288=
35582 32598 82304 10218 20094 39594 40145 57003 889// 333 10272=
35594 325// 21601 10200 20085 39376 40148 53002 82900 333 10266=
35605 32998 23403 10304 20107 30193 40173 57008 80001 333 10360=
35633 32598 20102 10290 20118 39966 40158 57006 82300 333 10328=
35671 32598 63302 10268 20140 39747 40134 53001 86900 333 10320=
35699 329// 00000 10191 20097 39465 40165 53009 333 10271=
35700 32998 52703 10304 20065 30196 40174 57006 80001 333 10344=
35715 32599 30000 10328 20086 30180 40167 57009 83500 333 10351=
35739 32999 00000 10308 20114 30030 40155 56007 333 10335=
35746 32998 03603 10306 20102 30096 40157 54000 333 10336=
35777 329// 00000 10216 20076 39879 40198 52008 333 10274=
35796 32997 02002 10222 20165 39761 40159 57001 333 10236=
35849 32998 00000 10270 20137 30078 40156 57005 333 10336=
35895 32597 20903 10219 20123 39758 40166 54000 82100 333 10265=
35907 32998 00410 10267 20165 30181 40153 57013 333 10304=
35925 32998 20901 10306 20058 30058 40159 57007 80004 333 10345=
35927 32998 00702 10317 20046 30154 57007 333 10349=
35953 32998 00000 10284 20086 30036 40153 57007 333 10339=
35969 329// 00000 10265 20047 30000 40158 57001 333 10327=
35997 329// 00501 10227 20076 39766 40165 54000 333 10286=
36335 326// 60000 10165 20080 39212 40164 52002 86400 333 10250=
36358 326// 70000 10202 20077 39218 40152 53009 87500 333 10241=
36394 326// 80404 10214 20064 39760 40147 53006 885// 333 10284=
36397 326// 52302 10226 20064 39631 40146 53004 83570 333 10278=
36403 326// 61105 10200 20094 39821 40153 53005 86900 333 10260=
36418 326// 62905 10182 20071 39603 40173 53010 85903 333 10261=
36421 326// 70000 10133 20116 39658 40189 53006 87500 333 10220=
36428 327// 20703 10180 20072 39716 40181 53006 82501 333 10248 95090=
36439 327// 51604 10097 20062 39008 48549 52009 83531 333 10194=
36498 326// 10000 10193 20084 39431 40160 53008 81500 333 10260=
36501 326// 32703 10215 20154 39459 40145 53012 83500 333 10264=
36535 325// 61304 10200 20106 39589 40171 53008 83330 333 10271=
36546 326// 32701 10150 20095 39678 40183 53006 82301 333 10270=
36619 329// 02701 10194 20047 333 10315=
36622 329// 21301 10172 20039 39427 40175 53006 82040 333 10257=
36639 329// 00000 10159 20060 39616 40183 53014 333 10265=
36643 329// 01802 10193 20053 39563 40174 53010 333 10270=
36665 329// 01902 10175 20072 39507 40182 52003 333 10235=
36666 329// 00000 10177 20092 39725 40183 53003 333 10238=
36729 32998 01103 10213 20071 39725 40168 53005 333 10285=
36736 325// 21001 10160 20085 39675 40194 53013 82400 333 10277=
36744 329// 00402 10223 20078 39742 40154 57008 333 10292=
36770 32999 00000 10202 20130 39495 40164 53002 333 10265=
36786 32699 20000 10176 20116 39320 40175 53005 82900 333 10250=
36796 329// 00000 10132 20064 39059 48544 53008 333 10233=
36803 32999 01803 10216 20059 39768 40181 53004 333 10260=
36806 329// 00501 10228 20037 39749 40178 53008 333 10284=
36819 329// 00203 10224 20062 39599 40162 53005 333 10280=
36821 329// 00000 10212 20099 39716 40167 53004 333 10285=
36839 32998 00000 10184 20074 39118 40169 53008 333 10253=
36843 329// 02502 10149 20095 39082 40189 52006 333 10248=
36846 329// 00000 10135 20078 38654 48545 53009 333 10221=
36859 329// 00000 10180 20128 39451 40180 53011 333 10280=
36870 329// 00401 10203 20118 39214 40151 53006 333 10265=
36874 329// 03606 10228 20080 39438 40151 53008 333 10300=
36877 329// 01701 10182 20109 39259 40170 53004 333 10288=
36885 329// 01404 10180 20074 39115 40171 53004 333 10260=
36889 329// 01801 10055 20018 37138 47177 52004 333 10073=
36894 329// 00000 10215 20073 39479 40162 53006 333 10289=
36905 329// 01101 10161 20070 38782 48546 52007 333 10230=
36911 129// 00000 10208 20127 39238 40143 53004 6//// 333 10296 530//=
36927 12697 23202 10166 20067 38375 48536 52001 6//// 81100 333 10218 530//=
36934 12997 00701 10157 20093 38300 48415 51004 6//// 333 1//// 530//=
36953 329// 10802 10134 20100 38263 48508 52022 80001 333 10210=
36963 129// 01601 10078 21033 37115 48/// 52010 6//// 333 10143 530//=
36974 129// 00000 10148 20009 38012 48536 53016 6//// 333 10235 530//=
36982 129// 00602 10032 21051 36625 47196 52017 6//// 333 10108 530//=
37018 11698 60403 10279 20179 30012 40081 57020 69902 70382 85935 333 10297=
37031 62597 81301 10299 20160 39924 40102 57004 60002 889// 333 10313=
37054 62698 80504 10292 20106 39753 40104 54001 60002 885// 333 10310=
37061 61997 60806 10281 20126 39972 40128 53009 60002 70932 80009 333 10327 91012 91114=
37085 62998 60809 10262 20143 30164 40139 53002 60002 80002 333 10306 91012 91117=
37171 12998 72604 10294 20182 30057 40074 58021 69992 87030 333 10303=
37228 62597 81601 10248 20170 39322 40091 52002 60002 885// 333 10267=
37235 62998 21004 10261 20162 39807 40099 52003 60002 8004/ 333 10311=
37472 62997 01405 10255 20212 30145 40124 52004 60002 333 10281 91010 91111=
38149 32998 01801 10287 20090 30086 40157 57008 333 10332 53007=
38262 32996 00201 10260 20103 30083 40160 57008 333 10324=
38264 32998 03203 10270 20053 30061 40148 57005 333 10320=
38345 12998 00000 10171 20053 38811 48521 53004 6//// 333 10271 530//=
38353 129// 00000 10220 20068 39307 40147 57001 6//// 333 10287 530//=
38388 12998 00502 10318 20097 30075 40140 57008 6//// 333 10340 530//=
38392 12997 03202 10285 20093 30045 40140 57010 6//// 333 10325 530//=
38396 32997 03503 10241 20128 30025 40142 57003 333 10324=
38403 32997 00504 10321 20107 30017 40127 57018 333 10348 53006=
38413 32998 00405 10313 20027 39847 40112 53002 333 10333 53008=
38457 32997 02302 10268 20078 39561 40103 57002 333 10328 53006=
38462 329// 02303 10187 20051 38751 48504 53005 333 10293=
38462 329// 02303 10187 20051 38751 48504 53005 333 10293=
38507 12998 03303 10301 20015 30019 40113 57009 6//// 333 10338 530//=
38545 12998 00102 10258 20123 39955 40117 57006 6//// 333 10336 530//=
38565 32998 00000 10259 20090 39546 40118 56002 333 10308=
38579 32997 00000 10258 20154 39721 40107 57003 333 10300 53006=
38583 32997 02902 10257 20147 39814 40112 57002 333 10327 53005=
38599 32997 02304 10250 20123 39631 40109 53002 333   10317=
38611 32997 02903 10261 20103 39580 40099 57005 333 10315 53004=
38613 129// 00101 10222 20142 40117 52005 6//// 333 10300 530//=
38616 129// 01801 10178 20138 39171 40133 53008 6//// 333 10285 530//=
38618 329// 00000 10222 20182 39457 40099 58001 333 10308 53005=
38647 12998 00704 10316 20025 30057 40096 57006 6//// 333 10352 530//=
38656 12998 00704 10328 20115 30012 40119 57008 6//// 333 10343 530//=
38683 32997 03605 10269 20080 39843 40099 57003 333 10335 53007=
38687 12997 03603 10291 20076 39886 40103 57012 6//// 333 10325 530//=
38696 32999 00903 10238 20109 39303 40100 54000 333 10303 53008=
38713 329// 00000 10204 20074 39024 48520 54000 333   10288=
38750 12997 03101 10300 20187 30145 40119 57011 6//// 333 10343 530//=
38763 12998 01006 10320 20077 30008 40104 57009 6//// 333 10344 530//=
38774 12998 01202 10306 20093 39952 40131 53006 6//// 333 10339 530//=
38799 32997 00204 10314 20036 39898 40110 57001 333 10340=
38806 32997 02901 10284 20156 39836 40074 57003 333 10342=
38812 32997 03101 10274 20099 39668 40086 53002 333 10329 53007=
38836 329// 00000 10274 20106 39164 40022 53010 333   10326=
38880 12997 01305 10295 20035 39882 40117 56002 60002 333 10333 530//=
38886 12997 00401 10295 20095 39913 40123 57007 6//// 333 10339 530//=
38895 32996 00000 10284 20132 39846 40113 57002 333 10332=
38911 32998 00000 10296 20092 39820 40091 57004 333 10338=
38915 32997 00000 10288 20124 39789 40088 54000 333 10346=
38927 32960 02303 10270 20077 39730 40078 53003 333 10336=
38933 329// 02303 10276 20164 39606 40079 57013 333   10322=
38944 329// 00000 10255 20107 39523 40018 53003 333   10322=
38954 328// 33002 10271 20064 37920 48450 52020 83901 333   10292=
38974 12998 03201 10299 20029 39799 40107 53004 6//// 333 10333 530//=
38987 SITS20 301500 17022 42670 53503 10253 20208 39952 40109 53003 82250 333 82834 85360 91107 92428=
40100 43960 02311 10301 20219 30098 40113 56004 333 58///=
40180 42660 52806 10298 20214 30055 40102 57004 85100 333 70000=
40199 429// /3405 10386 20095 30055 40078 57004 333 70000=
40270 41956 03014 10277 20131 39242 40098 57002 70500=
40272 41950 02617 10280 20161 39303 40099 54000 70700=
40340 42960 03214 10390 20088 30022 40083 57006=
40356 42960 02710 10340 20010 39131 48478 333 59003 04410 50050=
40357 42960 03112 10377 20000 39434 40026 333 58000=
40360 42960 02916 10344 20090 39506 40064 333 59003=
40361 42960 03018 10353 20000 39328 40065 333 58000=
40362 42960 03218 10378 20060 39548 40028 333 59006=
40373 42960 03412 10403 20030 39621 40009 333 59008=
40375 42660 23410 10380 20060 39217 40031 82200 333 58005 82840=
40394 42960 03612 10364 20110 38982 48496 333 58001 04410 50026=
40394 42960 03612 10364 20110 38982 48496 333 58001 04410 50026=
40400 42960 03116 10332 20260 30036 40063 333 58006=
40405 42960 03413 10400 20050 39322 40000 333 59005=
40416 61449 044134 047130 046124 040120 037119 037123 8//14=
40417 42960 03612 10393 20080 39973 49987 333 59003=
40420 41956 00314 10410 20060 39793 49984 70700 333 59002=
40430 42660 42512 10395 20100 39340 40027 84500 333 59004 84640=
40437 42960 03515 10402 20010 39352 40003 333 58000=
40439 42660 52620 10358 20260 30023 40041 83530 333 59006 83640=
40582 41922 23418 10419 20090 49988 53003 70700 80001 333 55300 00000 10177 20142 30051 41480 51736 60194 55407 40091 82070 90401 91023 91129 91223 91319=
40703 42660 20405 10310 20146 38834 40000 57014 82500 333 10340 20190 70000 82640 10205 29037 66666 00368 10362 20292 30290 50282 90262=
40706 42562 20505 10292 20121 38601 40019 55001 82400 333 10326 20201 70000 82630 10186 29035 66666 00393 10369 20319 30307 50303 90289=
40712 42962 00000 10278 20141 38617 40007 57012 333 10306 20190 70000 10191 29043 66666 00334 10298 20264 30254 50243 90230=
40713 42660 12902 10316 20126 38597 49990 56006 81400 333 10338 20208 10196 29031 66666 00343 10307 20290 30287 50284 90260=
40718 42960 00802 10282 20194 30136 40109 56003 222// 0//// 20300 333 10313 20243 70012 10225 29059 66666 00330 10318 20318 30295 50284 90264=
40723 42970 03503 10238 21024 38932 40109 55002 333 10296 20146 70000 10117 29017 66666 00320 10314 20274 30260 50264 90250=
40726 42960 03603 10304 20126 38596 40001 57011 333 10320 20202 70000 10192 29034 66666 00344 10340 20308 30280 50274 90256=
40727 42665 10000 10314 20101 38428 49995 56006 81100 333 10339 20190 70000 81840 10184 29027 66666 00377 10347 20285 30265 50256 90232=
40732 42560 20901 10278 20195 30120 40097 57010 82500 333 10304 20252 70000 82627 10224 29061 66666 00318 10314 20300 30294 50276 90260=
40736 42960 10000 10285 20199 30134 40110 55001 81030 333 10323 20236 70000 10229 29060 66666 00341 10334 20314 30304 50299 90286=
40737 42960 03301 10274 20194 30087 40104 52004 333 10334 20242 70000 10222 29062 66666 00304 10293 20281 30267 50257 9////=
40738 42960 02504 10295 20173 30113 40115 53003 333 10358 20212 70000 10217 29048 66666 00344 10352 20320 30300 50290 90276=
40739 42965 03604 10256 20055 38666 40075 55000 333 10302 20180 70000 10146 29028 66666 00322 10322 20304 30296 50292 90286=
40741 42960 00303 10297 20058 39798 40113 53002 333 10332 20190 70000 10169 29022 66666 00368 10367 20345 30333 50332 90326=
40743 42965 01004 10285 21026 39023 40074 55001 333 10320 20198 70000 10137 29013 66666 00368 10368 20341 30329 50332 90322=
40745 42965 00904 10236 20068 39027 40118 53007 333 10284 20191 70000 10145 29034 66666 00320 10324 20294 30282 50278 90280=
40747 42660 19901 10344 21003 38564 49977 57005 81500 333 10369 20228 70000 10162 29011 66666 00430 10395 20341 30314 50305 90293=
40754 42960 11404 10302 20007 38787 40038 55001 81030 333 10315 20246 70000 81360 10150 29015=
40762 42965 03603 10223 21012 38538 40082 53005 333 10283 20164 70000 10111 29021 66666 00308 10332 20310 30286 50288 90290=
40766 41959 02903 10348 21092 38609 49983 56004 70600 333 10380 70000 10148 29006 66666 00440 10388 20334 30304 50294 90282=
40768 42960 00707 10286 21006 38217 40009 53001 333 10339 20148 70000 10137 29015 66666 00379 10366 20316 30301 50300 90288=
40769 41957 00705 10269 20006 38266 40014 52003 70600 333 10323 20200 70000 10134 29018 66666 00380 10372 20340 30322 50314 90298=
40780 41958 02706 10310 20114 38621 40009 53001 70500 333 10359 20217 70000 10189 29030 66666 00416 10384 20340 30334 50328 90310=
40782 42965 02803 10341 21019 38772 49985 56002 333 10395 20173 70000 10159 29010 66666 00370 10368 20320 30316 50316 90294=
40785 42960 01003 10347 21028 39008 40021 55003 333 10374 20234 70000 10162 29009 66666 00438 10430 20400 30380 50390 90390=
40791 42975 03305 10333 21147 39263 40029 54000 333 10366 20258 70000 10141 29004 66666 00406 10404 20386 30374 50374 90368=
40792 42962 00406 10266 21038 38675 40049 53003 333 10316 20180 70000 10124 29013 66666 00374 10378 20356 30330 50346 90320=
40798 42660 10905 10274 21053 37935 40010 57005 81100 333 10336 81835 10119 29011 66666 00369 10369 20318 30286 50276 90262=
40800 42960 01505 10319 20000 38414 40003 55001 333 10357 20222 70000 10153 29013 66666 00364 10374 20344 30324 50318 90302=
40809 42960 00508 10265 21063 38448 40020 52005 333 10342 20177 70000 10117 29011 66666 00374 10364 20320 30310 50306 90304=
40811 42960 02903 10419 20135 39941 49965 55001 333 10451 20302 70000 10240 29019 66666 00440 10428 20396 30394 50392 90386=
40812 42960 02402 10405 20073 39619 49964 57001 333 10405 20405 70000 10211 29013 66666 00500 10482 20450 30426 50412 90388=
40818 42960 03606 10284 21037 37951 49996 52012 333 10332 20161 70000 10127 29012 66666 00354 10342 20317 30306 50320 90308=
40821 42962 03105 10319 21026 38731 40016 55001 333 10352 20238 70000 10149 29011 66666 00410 10407 20377 30368 50369 90359=
40829 41958 03409 10323 20022 39490 40026 53006 70700 333 10365 20240 70000 10167 29015 66666 00370 10370 20342 30338 50324 90304=
40831 42960 03008 10408 20134 39971 49979 54000 333 10450 20280 70000 10236 29020 66666 00436 10434 20392 30392 50392 90368=
40833 42960 03004 10420 20115 39941 49971 56003 333 10457 20272 70000 10233 29017 66666 00426 10412 20394 30390 50390 90370=
40835 42960 02703 10378 20058 39208 49981 53001 333 10420 20237 70000 10195 29014 66666 00438 10426 20400 30366 50364 90352=
40841 42960 10405 10287 21042 38210 49999 53006 81030 333 10334 20162 70000 81360 10129 29011 66666 00366 10374 20320 30304 50306 90296=
40845 42960 02603 10357 20266 39968 49973 55005 333 10386 20350 70000 10291 29060 66666 00412 10414 20388 30396 50376 90368=
40848 42660 42403 10348 20048 38446 49959 53002 84300 333 10392 20216 70000 81935 83640 10176 29015 66666 00388 10366 20332 30310 50306 90292=
40851 42960 03604 10304 20012 38219 49977 53004 333 10358 20226 70000 10148 29015 66666 00398 10412 20360 30330 50332 90326=
40854 42960 00103 10327 21059 38877 49993 52005 333 10327 20327 70000 10147 29008 66666 00402 10424 20400 30390 50382 90374=
40856 42960 00504 10268 21003 38595 40038 51013 333 10305 20187 70000 10133 29017 66666 00348 10368 20340 30324 50324 90320=
40859 42660 42203 10358 20032 38610 49954 56001 84300 333 10400 20230 70000 82935 84640 10176 29013 66666 00376 10358 20328 30308 50302 90298=
40875 41540 41702 10347 20288 39960 49970 52006 70510 81533 333 10402 20325 70000 81630 83360 10303 29072 66666 00402 10398 20390 30382 50378 90370=
40879 41958 03405 10384 21033 39340 49966 53009 70500 333 10420 20315 70000 10177 29007 66666 00452 10454 20422 30408 50408 90402=
40882 41930 33504 10346 20296 39941 49974 53009 70500 80001 333 10380 20314 70000 83070 10308 29075 66666 00430 10424 20398 30394 50380 90366=
40883 41930 02003 10350 20299 39938 49959 56002 70500 333 10375 20317 70000 10311 29075 66666 00416 10414 20396 30390 50388 90377=
40893 41950 02204 10316 20284 39960 49966 55001 71000 333 10329 20306 70000 10292 29083 66666 00391 10389 20374 30370 50369 90373=
40898 41956 01702 10301 20274 39962 49971 53024 71000 222// 00302 20901 333 10329 20285 70000 10281 29085 66666 00366 10422 20400 30380 50374 90364=
41024 42660 23016 10352 20220 30029 40054 82500 333 58004 82640=
41036 41550 53118 10290 20190 38538 48489 70700 85300 333 59057 81925 84830 04410 50058=
41055 42560 62718 10271 20070 38344 48486 86300 333 58010 81925 85630 04410 50053=
41061 42560 30120 10417 20000 39327 49980 83100 333 58007 83830=
41084 42560 32708 10347 20010 38794 48464 83200 333 58007 83830 04410 59991=
41112 42560 53006 10249 20040 37935 48488 85300 333 58002 84620 81925 04410 50036=
41114 41558 43308 10264 20020 37967 48487 70600 84300 333 58000 83622 81925 04410 50036=
41128 42560 30408 10362 21020 38742 48462 83400 333 58002 83630 04410 59987=
41136 42660 20112 10407 20000 39217 49970 82400 333 58008 82640=
41140 41556 73015 10335 20260 30035 40042 71792 85910 333 59012 84630 81935 85459=
41150 42964 03214 10355 20250 49988 333 59001=
41176 44/70 /3413 10397 20134 39972 49978 333 58000=
41184 41957 23304 10360 20246 49971 70600 80001 333 59003 82070=
41194 42960 33007 10359 20287 39962 49967 82031 333 59003 82368=
41196 41959 23107 10349 20295 39933 49971 70500 82031 333 59004 82365=
41216 42960 33108 10355 20293 39970 49974 80001 333 59002 83075=
41217 42960 23009 10351 20297 39942 49969 82030 333 59001 82368=
41240 39287 46692 333 0E032 55300 27131 59001=
41242 36/// /0008 10330 20293 39969 49993 333 0E033 55300 25022 58014 =
41255 36/// /3404 10430 20024 39463 49931 333 0E032 59002 =
41263 36/// /1204 10416 20053 39408 49926 333 0E030 55300 20412 59003 =
41267 36/// /0204 10307 20268 39979 49991 333 0E031 58009 =
41268 36/// /0510 10316 20235 39935 49981 333 0E032 55300 25022 58007=
41275 36/// /1509 10432 20094 39809 49965 333 0E028 55300 20362 58002 =
41315 26/02 /1605 10227 20226 39223 47125 333 0E024 55300 27865 58004 70004 =
41316 31359 81904 10262 20250 30001 40030 70522 886// 333 58006 55217 55407 55408 55507 55508 83708 85713 88625=
41396 42662 50306 42056 22996 00504 10256 20226 39635=
41397 41530 10245 20223 40163 53018 70311 81798 22254 00262 2//// 80229=
41398 63118 10280 20267 40131 52020 70222 8//// 22254 06310 20604 80270=
41480 SIAY20 301500 CCA 37871 32598 61302 10326 20190 39135 40008 57014 82230 10346=
41497 10604 10310 20284 40180 54000 70299 81101 22200 06280 20000 80290=
41498 21515 10294 20251 40086 51011 70181 82400 22213 00307=
41506 22695 80000 10210 20180 38505 48504 8452/ 333 5699/ 58060 60007 84640 85460=
41535 22696 80000 10190 20182 38695 48471 8452/ 333 5699/ 58024 60007 84635 86460=
41536 21496 80000 10205 20198 39014 48488 76066 8572/ 333 5699/ 58037 60017 82720 83630 88460=
41571 216// 73108 10245 20216 39521 40086 70522 83830 333 56990 58013 60007=
41598 21996 00000 10265 20258 39789 40051 70400 333 58007 60007=
41600 21696 60000 10290 20255 40056 70422 83570 333 56990 58005 60007 83645 83462=
41620 32696 63605 10240 20162 38541 48447 84510 333 56990 58035 60007 84640 82460=
41624 21696 60502 10275 20231 40065 70420 83520 333 56990 58039 60007 83637 83460=
41630 21696 70000 10270 20256 40070 70496 83570 333 56990 58039 69907 83640 85460=
41640 21696 50000 10285 20250 39815 40054 70422 82530 333 56990 58020 60007 82640 83360=
41660 226// 71330 10230 20154 38397 48483 85930 333 56990 58040 60007 81930 84840 85358=
41678 21696 80000 10280 20266 40054 72052 84520 333 56990 58036 60047 84640 84460=
41696 22696 70502 10180 20157 37964 48465 83520 333 56990 58005 60007 83640 84460=
41697 22696 70000 10270 20249 40053 84520 333 56990 58052 60007 84640 83460=
41700 21696 30000 10285 20257 40040 70422 83500 333 56900 58036 60007 83640=
41710 21995 03104 10340 21021 49970 70600 333 58027 60007=
41712 21995 71308 10310 20008 39107 48460 70600 85510 333 56990 58051 60007 85640 83460=
41715 21696 60000 10290 20262 40030 71300 83530 333 56990 58034 60007 83635 83360=
41718 21695 50000 10260 20246 40043 71392 81930 333 56990 58045 60007 81935 84362=
41725 21596 70504 10280 20266 40047 71396 85940 333 56990 58057 60227 81925 84640 83460=
41739 21696 63604 10310 20113 38946 48434 70520 83530 333 56990 58012 60007 83635 83360=
41744 01696 80000 10220 20108 38713 48445 76062 83520 333 56990 58022 60027 83630 85460=
41749 21696 60504 10255 20241 40011 72060 84530 333 56990 58028 60067 84635 84360=
41756 21996 51804 10280 20244 49976 70500 80001 333 56009 59001 60007 85070=
41759 21696 72302 10310 20269 49979 70511 82510 333 56990 58006 60007 82640 85460=
41764 22696 70912 10270 20226 39971 40020 85570 333 56990 58056 60007 85635 84460=
41768 22996 11302 10285 20257 30030 40037 81030 333 56009 58081 60007 81360=
41780 22596 70720 10265 20229 39958 49984 86630 333 56990 58008 60007 83720 85630 86360=
41785 22696 60908 10270 20241 30006 40019 84630 333 56990 58072 60007 84730 82360=
41883 32430 80000 10305 20280 30027 40047 8452/ 333 56399 58002 70000 84618 88458=
41891 31430 63303 10305 20270 30009 40047 70521 84310 333 56990 59002 70000 83616 81930 86458=
41898 21628 10170 20140 40280 54000 70222 82002 22253 06240 21002 80180=
41907 32440 50000 10300 20290 30029 40044 84510 333 56390 58000 70000 84615 85458=
41923 32950 20000 10312 20240 30044 40054 82030 333 56090 58005 70074 82360=
41936 31440 41903 10290 20260 30036 40043 70522 82830 333 56990 58001 79999 82615 84362=
41943 32440 51801 10298 20260 30051 40058 84530 333 56490 58008 70010 84616=
41950 32450 30000 10295 20260 30054 40056 83500 333 56900 58008 70000 83617=
41978 21456 71806 10296 20270 30054 40060 72122 84320 333 56990 59001 56990 70090 83618 81930 86460=
41992 31425 41504 10282 20250 30061 40063 70511 82530 333 56990 58008 70000 82616 84362=
42001 30151 99259 70897 46/// /1306 10302 20275 30137 40140 91440 22200 00309 333 91207 555 11060 22063 8//06 91435=
42027 21695 41101 10178 20166 38430 48515 70122 83530 333 58027 6009/=
42056 22996 00504 10256 20226 39635=
42071 31996 29901 10296 20289 40059 71011 82030 333 58021 82359=
42097 30151 99257 70837 46/// ///// 1//// 91456 22200 00299 10502 20502 70010=
42101 32996 00000 10304 20290 40059 333 58015=
42111 31594 40000 10286 20259 39364 40035 71021 82830 333 58017 82620 83830 84360=
42123 22596 50000 10266 20257 40049 83520 333 58030 6011/ 83630 85458=
42131 32696 40000 10288 20248 40055 84400 333 58019=
42165 32996 20503 10320 20249 40039 82030 333 58038 82360=
42182 31696 42502 10288 20258 40056 71021 82530 333 58018 82635 83360=
42189 31995 00000 10304 20274 40044 70500 333 58006=
42309 31595 30000 10306 20303 40041 71000 81530 333 58007=
42328 32596 70502 10290 20241 40028 84530 333 58052 84630 86360=
42339 31695 30000 10296 20249 40051 70500 81530 333 58044 81635 83358=
42348 21595 69902 10292 20249 40061 79592 84930 333 58028 6003/ 83630 81935 85359=
42361 21596 40000 10280 20266 40058 70551 82530 333 58022 6993/ 82620 84360=
42369 31595 60000 10295 20267 40046 71021 84530 333 58001 82620 83360=
42379 31995 00000 10312 20279 40040 71010 333 59006=
42410 21495 70000 10314 20287 40046 79596 84930 333 59001 6998/ 84618 81925 87359=
42415 32596 70000 10320 20285 40050 84420 333 59003 84620 85459=
42452 21595 50902 10296 20260 40050 71062 83510 333 58016 6001/=
42492 31595 60000 10314 20273 40039 71022 83530 333 59009 83620 83360=
42559 21495 80000 10246 20231 40064 79596 8692/ 333 58028 6004/ 82715 84620 82930 88458=
42571 22596 70000 10278 20261 40046 84530 333 58006 6006/ 84625 86360=
42623 31495 30000 10266 20244 39208 40050 71320 82330 333 58004 82618 81925 83360=
42634 21495 81603 10268 20248 40032 70052 866/0 333 58120 6007/ 84715=
42647 31596 21805 10292 20261 40052 70521 82500 333 56500 58037 82620=
42667 21596 72003 10260 20249 39489 40066 76062 84930 333 58018 6990/ 83620 81930 85360=
42675 21596 60000 10254 20236 40055 71362 83470 333 58017 6998/ 83620 85360=
42701 21495 70000 10252 20249 39333 40046 71096 84530 333 58012 6004/ 84618 85360=
42724 32496 50000 10310 20283 40050 82530 333 58005 82618 84360=
42737 32596 61808 10272 20243 40043 83530 333 58050 83620 86358=
42754 21496 60203 10262 20231 39436 40058 76062 81630 333 58017 6011/ 81710 83620 86360=
42779 21596 40000 10258 20247 39368 40050 70292 82530 333 58007 6006/ 82620 83360=
42798 21496 51103 10290 20253 40041 71022 83530 333 59006 6990/ 83618 84360=
42809 21595 40901 10296 20268 40046 70511 83530 333 58000 6990/ 83620 84360=
42840 32996 30000 10284 20259 40058 83030 333 58023 83360=
42867 21496 83402 10258 20246 40049 71022 8472/ 333 59001 6058/ 81710 83618 88458=
42874 32996 00000 10288 20257 40038 333 59002=
42886 21495 80000 10264 20258 40038 70596 8652/ 333 59004 6018/ 86618 88458=
42895 32596 50502 10296 20268 40038 83530 333 59007 83620=
42971 21496 70504 10292 20261 40029 71792 85320 333 57912 59013 6994/ 85616 81930 87459=
43003 31595 42305 10290 20250 40067 70521 83830 333 58017 82620 83825=
43014 31596 62504 10280 20235 39418 40050 70542 83530 333 58015 83620 85360=
43041 21596 80000 10266 20245 39426 40029 72162 8452/ 333 59009 6993/ 84620 88458=
43063 22596 62701 10240 20220 39453 40073 85730 333 56690 58013 6006/ 83722 83626=
43086 21596 80000 10280 20263 39863 40038 76062 8481/ 333 59003 6002/=
43110 21496 70201 10268 20248 40083 72162 86770 333 58011 6001/ 86712 86456=
43117 32596 43202 10292 20242 40046 83630 333 59006=
43128 21496 89902 10264 20227 39455 40051 75052 8472/ 333 56699 59007 6993/ 82710 83615 88458=
43150 21496 82904 10258 20252 39955 40016 70265 8357/ 333 59018 6033/ 83618 88458=
43185 21596 82904 10262 20259 30029 40032 75065 8387/ 333 58003 6020/ 82620 86458=
43189 21596 80000 10264 20246 30020 40029 72166 8387/ 333 59007 6026/=
43192 21496 70000 10264 20258 40082 76162 83770 333 58008 6010/=
43201 22496 22304 10238 20212 39338 40057 82500 333 58003 6008/ 82615=
43213 21596 82304 10268 20229 39737 40051 71796 8397/ 333 57933 58003 6996/=
43233 32496 72308 10242 20216 39278 40089 85630 333 56690 58007=
43237 21596 82503 10258 20255 39652 40041 76062 8652/ 333 58007 6005/ 86620 88458=
43245 21596 72502 10276 20235 30030 40056 70262 84470 333 58012 6997/=
43279 21495 83208 10234 20231 30063 40081 79552 8492/ 333 57972 57952 58027 6013/ 85618 81925 88458 90994 91094 91925 99927=
43284 21296 70000 10264 20244 39979 40094 76062 84971 333 57962 58011 6997/ 81706 83612 81925 85458=
43295 21496 52303 10212 20184 39080 48489 70262 82531 333 58005 6007/ 82612 83358=
43314 22496 40000 10286 20266 40098 83501 333 58005 6012/=
43321 31496 72310 10256 20223 39639 40083 71022 83531 333 59001 83612 85358=
43329 32596 30000 10294 20277 30047 40060 81531 333 59017=
43333 21495 82304 10248 20236 40098 76062 8542/ 333 58019 6027/ 82617 84819 88456=
43344 31496 62710 10318 20214 39973 40071 70522 83531 333 59007 83616 85360=
43353 21496 79902 10256 20252 40102 79595 81920 333 56790 57941 58001 6022/ 81706 83612 81925 87458=
43369 21596 40000 10260 20260 40107 70262 84500 333 58004 6022/ 84620=
43371 21496 60000 10252 20246 30035 40108 70362 84770 333 56790 58013 6009/ 83713 84617 86457=
44212 329// 40000 10151 20053 39108 40181 52023 84030 333 91204=
44213 329// 21003 10117 20091 38798 40197 52025 82040 333 91204=
44214 32698 63606 10140 21010 38303 40180 52026 82570 333 91208=
44215 326// 41903 10127 20034 38431 40193 52026 81580 333 91207=
44217 32998 21802 10093 21007 37894 40230 52009 82040 333 91204=
44218 329// 03502 10161 20027 38619 40174 52031 333 91206=
44219 32999 00904 10159 20037 38613 40150 52028 333 91202=
44265 329// 02704 10164 20043 38843 40171 52016 333 91111 91206=
44266 319// 30311 10114 20046 37806 40184 52017 70732 82040 333 91116 91212=
44454 42558 22806 10252 20226 38646 48487 82100 333 59010 SINR20 301500 41268 36/// /0510 10316 20235 39935 49981 333 0E032 55300 25022 58007 =
48064 32440 51801 10290 20259 39971 40027 83830 333 56990 59010=
48094 21450 80000 10250 20245 30075 40085 70266 85970 333 56990 58027=
50557 04980 /0301 10126 20108 39790 40075 52012 60002 700// 333 10229 20126 3/012 5000/ 54415 55300 58014 60001 70000 90720 91109=
51076 04980 /2702 10144 20075 39352 40201 52014 60002 700// 333 10221 20100 3/016 5001/ 54415 58068 60001 70001 90720 91109=
51087 04974 /3503 10157 20080 39219 40201 52014 60002 700// 333 10218 20123 3/013 5001/ 58068 60001 70092 90720 91112=
51156 04980 /0402 10131 20097 38738 40211 52018 60002 700// 333 10205 20087 3/012 5003/ 58062 60001 70000 90720 91109=
51243 04980 /3002 10245 20053 39664 40178 52014 60002 700// 333 10283 20181 3/024 5005/ 54405 58040 60001 70000 90720 91109=
51463 04980 /0203 10169 20098 39066 40205 52013 60002 700// 333 10207 20136 3/014 5002/ 54405 58028 60001 70110 90720 91109=
51573 04980 /0201 10277 20125 30061 40107 52028 60002 700// 333 10369 20276 3/028 5003/ 54419 58138 60001 70000 90720 91105=
51644 04966 /0501 10222 20162 38918 40092 52027 60002 700// 333 10291 20171 3/025 5002/ 54415 58055 60001 70000 90720 91106=
51656 04980 /0901 10223 20117 39108 40097 52020 69902 700// 333 10286 20219 3/022 5002/ 54416 58091 60001 70001 90720 91106=
51709 04980 /3600 10213 20119 38604 40085 52024 60002 700// 333 10294 20171 3/018 5002/ 54405 59002 60001 70002 90720 91109=
51716 04956 /0000 10204 20178 38876 40101 52024 60002 710// 333 10269 20171 3/019 5001/ 54405 58019 60001 70000 90720 91104=
51765 04956 /0804 10259 20080 39166 40084 52026 60002 706// 333 10314 20211 3/025 5004/ 54415 58106 60001 70000 90720 91109=
51811 04966 /2102 10244 20110 38759 40088 52020 60002 700// 333 10288 20173 3/020 5003/ 54405 58011 60001 70026 90720 91105=
51828 04958 /2601 10231 20162 38624 40098 52019 60002 760// 333 10259 20191 3/022 5001/ 54405 58023 60001 70000 90720 91107=
51886 04956 /0902 10197 20071 37151 40007 52025 60002 760// 333 10263 20160 3/022 5002/ 58032 60001 70001 90720 91113=
52203 04970 /1602 10257 20091 39274 40094 52031 60002 700// 333 10337 20233 3/025 5003/ 54415 58114 60001 70000 90720 91113=
52602 04978 /0305 10187 20078 37292 49982 52023 60002 700// 333 10288 20187 3/019 54416 58052 60001 70000 90720 91115=
52681 04966 /0201 10273 20183 38570 49992 52022 60002 700// 333 10353 20237 3/027 5002/ 59002 60001 70000 90720 91112=
52818 04980 /3002 10235 20088 37244 49928 52023 60002 700// 333 10311 20193 3/024 5003/ 54405 58033 60001 70000 90720 91108=
53463 04980 /3202 10205 20117 38837 40080 52008 60002 700// 333 10316 20169 3/021 5003/ 58006 60001 70000 90720 91106=
54857 04963 /3601 10285 20225 30005 40093 52009 60002 700// 333 10328 20242 3/026 5002/ 54405 55300 58005 60001 70000 90720 91107=
55228 04980 /2502 10161 20006 36084 49937 52017 60002 700// 333 10208 20076 3/015 5003/ 54405 58002 60001 70000 90720 91107=
55299 04976 /1501 10120 21005 35937 49976 52015 60002 700// 333 10209 20035 3/009 5003/ 54405 58008 60001 70000 90720 91107=
55578 04980 /2401 10138 20041 36432 49996 52013 60002 700// 333 10226 20091 3/015 5002/ 54415 58010 60001 70000 90720 91109=
55591 04980 /0902 10183 20026 36574 49955 52016 60002 700// 333 10250 20121 3/015 5003/ 54405 58006 60001 70000 90720 91106=
55664 04980 /1603 10130 20014 36082 40005 52020 60002 700// 333 10199 20074 3/013 5003/ 58009 60001 70000 90720 91113=
55773 04980 /1402 10089 20060 36099 40075 52019 60002 700// 333 10149 20033 3/008 5002/ 54405 58004 60001 70003 90720 91111=
56004 04980 /0602 10116 20036 35917 49970 52016 60002 700// 333 10208 20054 3/008 54415 58012 60001 70000 90720 91109=
56116 04980 /1602 10195 20024 36411 49953 52029 60002 700// 333 10269 20066 3/018 5004/ 54406 58011 60001 70000 90720 91107=
56299 57900 87707 81940=
56312 04980 /2401 10210 20102 37117 49998 52031 60002 700// 333 10302 20108 3/018 5001/ 54406 59017 60001 70000 90720 91108=
57494 04959 /0000 10271 20257 30049 40077 52008 60002 700// 333 10350 20260 3/027 5001/ 54405 59001 60001 70000 90720 91105=
58847 04960 /1501 10295 20255 39997 40093 52010 60002 700// 333 10357 20266 3/029 5002/ 54405 58011 60001 70000 90720 91108=
62306 32960 53310 10296 20222 40132 57009 80008=
62309 32960 33308 10310 20205 40120 57005 83500=
62325 32960 03406 10312 20223 40124 57002=
62332 32960 03214 10306 20222 40117 57006=
62337 32960 03310 10304 20218 40108 57005=
62357 SIEO20 301500 CCA 37395 32799 72704 10266 20220 39952 40082 53002 83530 333 10348=
62366 35960 03608 10341 20165 40103 57005=
62387 32960 00109 10374 20157 40101 57007=
62393 32960 03412 10372 20148 40130 57006=
62405 32960 03003 10416 20113 40068 57018=
62414 31950 01615 10379 20202 40082 57016 70700=
62419 32960 22003 10361 20187 40073 57014 82010=
62420 32960 53205 10377 20136 40100 57006 85050=
62423 SIEG26 301500 62309 32960 33308 10310 20205 40120 57005 83500=
62432 32960 03607 10407 20109 40095 57011=
62435 32960 00306 10411 20112 40073 57012=
62440 32960 03412 10336 20206 40113 57005=
62455 32960 03508 10365 20133 40102 57005=
62458 32960 03210 10349 20131 40089 57008=
62459 32960 03014 10341 20197 40067 57005=
62465 32960 03208 10348 20187 40069 57010=
