SIPK OPKC 310300=
41504 22595 80000 10135 20118 37864 48499 8771/ 333 20105 5699/ 58035 60047 70130 82720 84640 88460 Rh90%= 
41505 22596 80000 10130 20122 38/// 48/// 8667/ 333 20110 58/// 60007 70403 83720 84640 88760 95%=
41516 21396 80000 10190 20174 38561 48520 72052 8651/ 333 20175 5699/ 58020 69907 70016 82710 84640 88460 RH91%=
41517 21696 70000 10160 20109 37829 48529 83530 333 20132 56990 58010 60007 79999 83640 86360 72%= 
41518 22596 80000 10194 20174 38/// 48/// 8672/ 333 20181 5699/ 5//// 60007 70000 83720 83640 88461 91%=
41519 22596 80000 10215 20176 38771 48519 86720 333 20200 56990 58022 60007 70002 83720 83640 88462 RH79%=
41520 22596 60000 10150 20134 37664 48274 84670 333 20130 56990 58013 60007 70000 81720 83640 84762 90=
41530 21996 42306 10290 20216 39679 40074 70511 81031 333 20235 56990 58003 60007 70030 81360 83360 65%=
41536 21496 80000 10205 20198 39014 48499 76066 8572/ 333 5699/ 58037 60017 82720 83630 88460 95%=
41620 32996 03602 10230 20150 38559 48465 333 20200 58022 60007 70010 61%=
41660 21596 71314 10195 20173 38416 48504 76099 85330 333 20190 56990 58033 60057 70090 81830 84840 85358 r.h 87%=
41661 21695 80000 10190 20183 38368 48492 76051 83520 333 20180 56990 58026 60057 70090 83635 85460 95%=
41685 22697 70000 10230 20185 38850 48447 83220 333 20200 56990 59008 60007 70000 83840 84460 RH.76%=
41696 22697 70000 10180 20165 37977 48478 84520 333 20150 56990 58016 60057 70320 84640 83460 RH91%= 
41697 21697 80000 10265 20251 39929 40080 72166 8452/ 333 20245 5699/ 58043 60037 70110 84640 84460 RH92%=
41710 21996 30000 10295 20046 39246 49977 70600 83010 333 20245 56090 59014 60007 70000 83460 RH21%=
41712 21696 71302 10255 20033 39133 48474 75052 85520 333 20210 56990 58033 69907 79999 85640 87460 RH24%= 
41715 21696 70000 10280 20266 30013 40076 72165 83530 333 20260 56990 58044 60017 70010 83635 84360 RH92%= 
41716 21696 20000 10275 20254 39976 40077 70411 82500 333 20260 56900 58028 60007 70020 82630 88%=
41718 21695 70000 10265 20251 39960 40061 70452 84520 333 20254 56990 58035 69927 70196 84640 83460 92%=
41724 21696 60000 10280 20259 30012 40088 70562 83520 333 20260 56990 58050 60047 70230 83640 83460 RH88%=
41725 22996 20000 10285 20250 39982 40058 82030 333 20260 56090 58038 60007 70220 82360 RH81%=
41726 22996 20000 10280 20252 39967 40036 82030 333 20265 56090 58038 60007 70170 82360 RH85%=
41738 22696 70505 10305 20217 39858 40030 87600 333 20295 56900 58024 60007 70000 87630 RhH59%= 
41739 22696 72706 10260 20201 38961 48440 84530 333 20240 56990 58005 60007 70010 84635 83360 RH70%=
41742 22697 73102 10275 20239 39942 40044 82510 333 20195 56990 58049 60007 70010 82640 85460 RH 81%=
41743 21996 20000 10260 20238 70500 80001 333 56009 20225 60007 70240 82170 RH 88%= 
41744 22696 60000 10210 20071 38757 48488 82510 333 20195 56990 58040 60047 70303 82640 84460 RH 41%=
41745 21695 60000 10265 20244 70500 82530 333 20240 56990 60007 70090 82635 84360 RH88%=
41746 22996 40000 10280 20252 39996 40048 84030 333 20250 56090 58026 60007 70020 84360 RH85%=
41747 21696 43606 10280 20252 39992 40049 70400 84500 333 20250 56900 60007 70190 84640 RH85%=
41748 22996 33604 10270 20241 30003 40065 83030 333 20250 56090 58050 60007 70180 83360 RH84%=
41749 21696 60504 10265 20221 39983 40016 83530 333 20245 56990 58018 60007 70065 83635 83360 RH77%=
41756 21996 51802 10290 20255 39927 49999 70504 85030 333 20230 56090 59013 60007 70000 85358 RH81%= 
41757 21995 70000 10280 20259 30015 40027 70400 87030 333 20265 56090 58019 60007 70000 86360 RH88%=
41760 21596 80710 10280 20237 30007 40020 70500 83630 333 20230 56990 58018 60007 70040 83720 88458 RH 77%=
41764 22696 40606 10270 20241 30007 40056 83510 333 20245 56990 58074 60007 70030 83635 82360 RH84%=
41765 22596 62104 10265 20251 30025 40061 83600 333 20245 56500 58074 60007 70062 83725 84635 RH92%=
41766 22696 50504 10270 20241 30014 40043 82530 333 20230 56990 58073 60007 70030 82635 83360 RH84%=
41768 22996 00000 10275 20260 30056 40063 333 20245 58071 60007 70046 RH92%=
41780 21595 70710 10240 20225 30010 40037 76165 86620 333 20235 56990 59051 60117 70124 84720 86630 88458 RH91%=
41783 22696 80504 10260 20246 30011 40040 84520 333 20238 56990 58089 60007 70020 84635 84460 RH 92%=
41785 22997 30502 10265 20251 30035 40048 83030 333 20260 56090 58088 60007 70020 83360 RH 92%= 
41786 22996 00904 10260 20238 30012 40047 333 20235 58071 60007 70000 RH85%=
41BAG 22697 80502 10140 20123 84510 333 20115 56990 60007 70020 84640 88460 90%= 






41562 22997 00000 10265 20213 39632 40080 333 20245 58025 60007 70000 RH 73%=
41529 22996 20000 10280 20221 39715 40081 82030 333 20240 56090 58005 60007 79999 82360 RH70%=
41535 22697 20000 10185 20177 38699 48474 82200 333 20143 56900 58010 60007 70230 82840 RH95%=
41515 22697 80000 10190 20166 38554 48518 8452/ 333 20166 5699/ 58051 60007 70014 84650 84458 86%=
41506 22697 80000 10190 20159 38516 48515 2452/ 333 20178 5699/ 58017 60007 70007 84640 85460 82%=
41506 22697 80000 10190 20159 38516 48515 2452/ 333 20178 5699/ 58017 60007 70007 84640 85460 82%=
41507 22697 50000 10245 20209 39219 49717 82510 333 20210 56990 58001 60007 70004 82640 83460 80%=
41508 01496 80000 10192 20174 38660 48534 70262 8672/ 333 20180 5699/ 58016 69907 70070 82710 84635 85460 91%=
41509 22696 80000 10210 20195 38743 48493 8672/ 333 20200 5699/ 58016 60007 70007 82720 84635 88458 RH 91%=
41510 21697 80000 10150 20142 37939 48531 76166 8352/ 333 20140 56990 58026 60077 70230 83635 85460 95%=
41523 22696 50000 10230 20215 39052 48491 82540 333 20200 56990 59016 60007 70126 82640 83360 92%=
41524 22697 52302 10230 20200 39316 40153 82520 333 20198 56990 58019 60007 70080 82640 83458 RH 83%=
41525 22997 20000 10150 20107 37698 48392 82030 333 20110 56090 58013 60007 700170 82362 76%=
41528 22997 00000 10205 20198 39188 48495 333 20198 58000 60007 70220 95%=
41530 21996 42306 10290 20216 39679 40074 70511 81031 333 20235 56990 58003 60007 70030 81360 83360 65%=
41534 22697 20000 10245 20230 39677 40079 82500 333 20225 56900 58006 60007 70048 82640 92%=
41536 22997 00000 10210 20195 39014 48499 333 20185 58005 60007 70120 91%=
41536 21496 80000 10205 20198 39014 48499 76066 8572/ 333 5699/ 58037 60017 82720 83630 88460 95%=
41565 22696 33104 10156 20138 38637 48507 82530 333 20130 56990 58032 60007 70180 82640 81360 90%=
41567 21996 00000 10230 20215 39649 40056 70401 333 20215 58012 60007 70100 91%=
41571 21696 20000 10260 20239 39517 40080 70500 82030 333 20215 56090 59005 60007 70260 RH88%=
41572 21696 22710 10250 20229 39455 40059 70411 82500 333 20205 56900 59003 60007 70054 82640 88%=
41573 22997 00000 10220 20142 37989 48491 333 20140 58015 60007 70140 61%=
41574 22997 00000 10160 20144 38353 48529 333 20130 58020 60007 70111 90%=
41576 21996 12704 10255 20233 40082 70400 81030 333 20220 56090 58002 60007 70135 81360 88% =
41577 21696 30000 10245 20224 39480 40076 70421 82530 333 20205 56990 59008 60007 70378 82640 81360 RH 88%=
41593 21996 30000 10270 20249 39856 40062 70421 83030 333 20237 56090 58007 60007 79999 83360 88%=
41597 21996 30000 10265 20236 39798 40084 70400 83030 333 20218 56090 59001 60007 70250 83362 84%=
41598 22997 03104 10245 20230 39794 40058 333 20218 59004 60007 70140 92%=
41599 21996 03104 10260 20231 39789 40069 70400 333 20238 58005 60007 70106 94%=
41600 21996 00000 10265 20236 39771 40058 70412 333 20243 58000 60007 70005 87%=
41620 32996 03602 10230 20150 38559 48465 333 20200 58022 60007 70010 61%=
41624 22997 03102 10260 20231 39877 40071 333 20235 58016 60007 70000 84%=
41625 22997 00000 10265 20244 39881 40076 333 20235 58018 60007 70000 88%=
41630 21995 33604 10280 20252 40069 71021 83030 333 20249 56090 58009 60007 70070 85%=
41633 22997 20000 10270 20226 4//// 82030 333 20230 56090 5//// 60007 70000 82360 77%=
41634 22697 30000 10235 20221 3//// 4//// 83600 333 20200 56900 5//// 60007 70200 83640 92%=
41635 21996 00000 10275 20247 3//// 4//// 70400 333 20231 5//// 60007 70000 85%=
41636 21996 20000 10270 20256 39906 40086 70400 82030 333 20250 56090 58028 60007 79999 82362 92%=
41638 21996 00000 10270 20249 4//// 70421 333 20253 5//// 60007 70038 88%=
41639 21996 03104 10250 20205 3//// 4//// 70400 333 20215 5//// 60007 79999 76%=
41640 21996 00502 10280 20237 39823 40063 70400 333 20260 58007 60007 70000 77%=
41641 21996 03506 10280 20237 39803 40067 70400 333 20250 58009 60007 70000 77%
41642 21996 00000 10260 20231 3//// 4//// 70400 333 20232 5//// 60007 70206 84%=
41643 21996 00000 10280 20252 39795 40061 70400 333 20250 58006 60007 70000 85%=
41644 22997 00000 10260 20246 4//// 333 20225 5//// 60007 70234 92%=
41646 21996 30000 10275 20261 39872 40076 70422 83030 333 20255 56090 58012 60007 70000 83360 92%=
41652 21996 20502 10280 20244 39905 40078 70400 82030 333 20258 56090 58023 60007 79999 82360 81%=
41669 22997 00000 10270 20241 3//// 4//// 333 20250 5//// 60007 70000 84%=
41670 21996 00000 10280 20244 3//// 4//// 70400 333 20265 5//// 60007 70000 81%=
41674 21996 20000 10265 20251 3//// 4//// 70400 8207/ 333 20257 5609/ 5//// 60007 70120 82460 92% cor=
41674 21996 20000 10265 20251 3//// 4//// 70400 8207/ 333 20257 5609/ 5//// 60007 70270 82460 92%=
41675 21996 20000 10265 20244 39930 40069 70410 82030 333 20249 56090 58019 60007 70138 82360 88%=
41676 21996 00302 10275 20254 39937 40089 70400 333 20255 58022 60007 70000 88%=
41677 21696 80000 10260 20246 39889 40050 70400 84570 333 20225 56990 58027 70170 60007 84640 85460 92%=
41678 21996 00000 10280 20244 40059 70500 333 20255 58025 60007 70040 81%=
41679 21996 00000 10285 20264 4//// 70400 333 20258 5//// 60007 70000 89%=
41680 21995 00000 10275 20268 39876 40066 71000 333 20252 58039 60007 70040 96%=
41700 21696 60000 10280 20266 39932 40054 70422 83530 333 20262 56990 58029 60007 70036 83640 84360 92%=
41701 21695 50506 10285 20264 39933 40071 70422 82520 333 20267 56990 58026 60007 70062 82640 83460 89%=
41BKI 22996 30000 10270 20226 39669 40072 83030 333 20230 56090 58005 60007 70023 83360 RH77%=
41SKP 21996 23602 10270 20256 4//// 70400 82030 333 20252 56090 5//// 60007 70006 82360 92%=
43532 22697 20000 10201 20195 39289 40073 82500 333 20201 56900 58001 60007 70095 82640 91%=
43533 22997 00000 10210 20187 39187 48479 333 20190 59001 60007 70090 87%=
43563 22997 00000 10228 20200 39401 40073 333 20210 58000 60007 70270 83%=


Data Generated from File : D:\all data handling\Rmc_lhr\2024083103.FSU.txt
31/08/24 04:15:14
______________________________________________________________
15007 25/70 /3103 10193 20123 39730 40184 54001 7000/ 333 55300 0//// 20000 3//// 60007=
15020 24/70 /3002 10191 20109 39980 40172 52003 333 55300 20000 60007==
15023 25/70 /3104 10188 20129 39750 40162 52003 7000/ 333 55300 0//// 20000 3//// 60007=
15056 25/70 /3404 10215 20092 39827 40164 55000 7000/ 333 55300 0//// 20000 3//// 60007=
15069 27/59 /1400 10103 20101 39147 42831 54001 7101/ 333 55300 0//// 20000 3//// 60007=
15073 25/70 /3403 10213 20109 39725 40173 53003 7000/ 333 55300 0//// 20000 3//// 60007=
15090 24/70 22901 10178 20153 30075 40165 53002 81041 333 55300 10210 20000 30000 60007 91002 90730 91102==
15107 25/62 /1201 10101 20094 39402 42824 54000 7000/ 333 55300 0//// 20000 3//// 60007=
15108 22270 40804 10117 20046 38152 48547 57004 83840 333 55300 20000 60007 91006 90730 91107==
15109 25/70 /3103 10186 20131 39750 40171 54001 7000/ 333 55300 0//// 20000 3//// 60007=
15111 25/70 /0102 10176 20128 39904 40160 54001 7000/ 333 55300 0//// 20000 3//// 60007=
15113 25/70 /2602 10153 20139 30000 40160 55002 7000/ 333 55300 0//// 20000 3//// 60007=
15127 25/61 /1301 10126 20119 39328 42822 54001 7000/ 333 55300 0//// 20000 3//// 60007=
15148 25/70 /1001 10122 20085 38754 48530 57002 7000/ 333 55300 0//// 20000 3//// 60007=
15150 24970 00301 10165 20149 39957 40165 54001 333 55300 20000 60007 91001 90730 91103==
15154 25/69 /3300 10158 20143 30016 40155 55000 7000/ 333 55300 0//// 20000 3//// 60007=
15168 25/61 /3602 10145 20137 39571 42812 54001 7000/ 333 55300 0//// 20000 3//// 60007=
15170 21/20 43101 10119 20114 39416 42811 54000 71011 84070 333 55300 20000 60007 91002 90730 91102==
15194 25/70 /2806 10181 20143 39878 40164 55001 7000/ 333 55300 0//// 20000 3//// 60007=
15197 25/67 /0401 10172 20147 39953 40159 53003 7000/ 333 55300 0//// 20000 3//// 60007=
15215 27/41 /1001 10143 20139 39588 42812 57002 7101/ 333 55300 0//// 20000 3//// 60007=
15217 25/62 /0401 10137 20132 39521 42813 53002 7000/ 333 55300 0//// 20000 3//// 60007=
15219 25/70 /2905 10191 20153 30032 40153 53003 7000/ 333 55300 0//// 20000 3//// 60007=
15238 27/58 /1000 10143 20139 39572 42814 53002 7101/ 333 55300 0//// 20000 3//// 60007=
15261 27/07 /1700 10141 20141 39384 42830 55001 7333/ 333 55300 0//// 20000 3//// 60007=
15262 22299 50307 10109 20070 38256 48534 55002 85500 333 55300 0//// 20000 3//// 60007 91011 91112=
15265 25/70 /3504 10195 20157 30073 40146 55001 7000/ 333 55300 0//// 20000 3//// 60007=
15280 21284 80511 10061 20041 37567 47141 53002 70242 885// 333 55300 20000 60007 91017 90730 91117==
15300 25997 02202 10151 20139 39558 42813 55001 7000/ 333 55300 0//// 20000 3//// 60007 91003 91104=
15301 25570 50402 10135 20098 38665 48548 55001 7000/ 82360 333 55300 0//// 20000 3//// 60007 91005 91106=
15302 27/41 /1201 10122 20121 38958 48530 55000 7101/ 333 55300 0//// 20000 3//// 60007=
15307 25/70 /0103 10233 20124 39958 40136 55001 7000/ 333 55300 0//// 20000 3//// 60007=
15310 24/70 /3503 10205 20139 30052 40135 55007 333 55300 10170 20000 30000 60007==
15324 25/70 /0403 10202 20109 39386 42808 55000 7000/ 333 55300 0//// 20000 3//// 60007=
15325 25570 73602 10140 20074 38514 48525 55001 7000/ 84370 333 55300 0//// 20000 3//// 60007=
15328 25/70 /3502 10197 20138 39809 40147 55003 7000/ 333 55300 0//// 20000 3//// 69917=
15335 24570 33201 10195 20166 30121 40128 55002 82530 333 55300 20000 60007 91003 90730 91103==
15336 25/68 /3502 10192 20170 30118 40120 57003 7000/ 333 55300 0//// 20000 3//// 60007=
15349 25/70 /3502 10219 20118 39615 40144 55004 7000/ 333 55300 0//// 20000 3//// 60007=
15350 24/70 /0402 10212 20140 30024 40139 55002 333 55300 20000 60007==
15360 24/70 60409 10252 20191 30100 40116 55004 8607/ 333 55300 20000 60007 91011 90730 91111==
15375 25970 82601 10188 20133 39800 40148 55005 7000/ 8807/ 333 55300 0//// 20000 3//// 60007 91001 91102=
15377 25/70 /0201 10216 20134 39930 40137 55004 7000/ 333 55300 0//// 20000 3//// 60007=
15387 25/70 /0504 10241 20196 30115 40119 55002 7000/ 333 55300 0//// 20000 3//// 60007=
15402 25/70 /3401 10192 20165 30062 40134 56005 7000/ 333 55300 0//// 20000 3//// 60007=
15405 25/70 /0106 10213 20155 30073 40134 56006 7000/ 333 55300 0//// 20000 3//// 60007=
15406 25/70 /0202 10193 20174 30077 40123 57003 7000/ 333 55300 0//// 20000 3//// 69917=
15408 25/70 /0404 10204 20156 39868 40124 54001 7000/ 333 55300 0//// 20000 3//// 60007=
15409 25/70 /3505 10204 20173 30077 40122 53004 7000/ 333 55300 0//// 20000 3//// 60007=
15419 25/70 /3201 10195 20145 39960 40148 55003 7000/ 333 55300 0//// 20000 3//// 60007=
15420 24570 83201 10189 20161 30031 40139 55003 883// 333 55300 20000 60007 91002 90730 91102==
15421 21570 83301 10204 20163 30041 40148 55004 70282 883// 333 55300 10106 20000 30000 69957 91001 91102=
15422 21570 70301 10193 20178 30039 40138 55003 70282 83370 333 55300 0//// 20000 3//// 69987 91001 91102=
15425 25570 80202 10204 20161 30067 40129 55002 7000/ 8457/ 333 55300 0//// 20000 3//// 60007 91004 91105=
15434 22570 60102 10201 20158 39946 40148 57002 83370 333 55300 0//// 20000 3//// 60007 91003 91103=
15444 27/69 /0301 10197 20186 30060 40130 53005 7818/ 333 55300 0//// 20000 3//// 60017=
15455 25/70 /3201 10203 20146 30015 40141 55002 7000/ 333 55300 0//// 20000 3//// 60007=
15460 27/50 /1301 10197 20187 30109 40132 50005 7626/ 333 55300 20000 60017==
15462 21570 81502 10193 20176 30047 40130 50012 71799 889// 333 55300 0//// 20000 3//// 60007 91004 91107=
15470 24570 73602 10212 20150 30019 40140 55003 82370 333 55300 20000 60007 91003 90730 91103==
15475 26/// /3601 10197 20184 30115 40135 55001 333 55300 0//// 20000 3//// 69957=
15479 27/65 /0702 10183 20176 39940 40127 50003 7626/ 333 55300 0//// 20000 3//// 60047=
15480 21506 81101 10186 20183 30119 40136 53027 79798 889// 333 55300 10110 20000 30000 60357 91003 90730 91105==
15489 25970 63602 10218 20141 30048 40138 55002 7000/ 86070 333 55300 0//// 20000 3//// 60007 91003 91105=
15491 21567 72101 10198 20180 30107 40136 55002 70282 83370 333 55300 0//// 20000 3//// 69907 91001 91102=
15499 27/65 /3003 10185 20185 30103 40111 58005 7626/ 333 55300 0//// 20000 3//// 60867=
15549 41570 73201 10177 20170 39732 40131 53001 72582 87200 333 10214 20176 555 59607 61632=
15552 42565 63405 10208 20182 30046 40092 57006 85530 333 10216 20189 555 585// 92026 92427=
15640 42670 73412 10214 20179 39816 40112 57009 85450 333 10226 20209 555 580//=
15655 42568 53404 10225 20161 30074 40105 57009 85800 333 10239 20221 555 567// 92023 92427=
15730 42670 83603 10212 20135 39747 40124 54000 84338 333 10239 20201 555 562//=
16627 42560 30000 10224 20169 30111 40116 51001 81151 333 90730 91104==
16650 42960 30000 10238 20195 30106 40114 51003 80001 333 90730 91110==
16667 42560 13006 10246 20183 30095 40106 56003 81100 333 90730 91110==
16706 42960 00304 10242 20164 30086 40093 55014 333 90730 91108==
16723 42960 00203 10250 20170 30078 40091 57004 333 90730 91113==
16732 46/// /3615 10257 20205 30095 40105 57004 333 90730 91121==
16742 42960 03307 10250 20204 39938 40086 57008 333 90730 91115==
16749 42460 12306 10262 20214 30065 40078 56002 81100 333 90730 91116==
16754 42560 11704 10230 20206 30062 40107 57006 81100 333 90730 91110==
16757 42560 22912 10254 20221 39973 40100 57003 82100 333 90730 91118==
16760 42960 00000 10224 20198 40115 56005 333 90730 91108==
17031 41556 21204 10197 20191 30094 40100 55001 71000 82100 333 82830 90730 91106==
17034 42/70 40000 10222 20190 30066 40110 57002 84030 333 84360 90730 91103==
17038 42670 52204 10236 20186 30056 40101 57003 85200 333 85835 90730 91113==
17056 42970 02804 10209 20163 30104 40108 55003 333 90730 91108==
17060 42570 42703 10220 20189 30069 40115 53001 84100 333 84822 90730 91108==
17084 42970 00301 10167 20160 39236 40091 56001 333 90730 91105==
17092 42960 02704 10146 20118 38825 48480 53002 333 90730 91105==
17096 42960 00607 10122 20092 38234 48485 53002 333 90730 91114==
17098 42660 42003 10115 20107 38207 48500 54000 82130 333 82835 84357 90730 91124==
17100 42670 30000 10191 20154 39154 40086 52010 81130 333 81840 83358 90730 91106==
17115 42660 50000 10206 20176 30064 40112 55002 83130 333 83835 84360 90730 91104==
17116 42965 00000 10198 20179 39994 40109 55002 333 90730 91104==
17124 42960 00000 10133 20123 39230 40101 57004 333 90730 91108==
17128 42/60 42901 10171 20117 39046 40077 56002 84030 333 84360 90730 91104==
17150 42960 02301 10183 20148 39987 40104 56004 333 90730 91105==
17160 42/70 23507 10172 20106 38981 48484 52001 82030 333 82360 90730 91110==
17170 42660 20710 10194 20089 38312 48471 53003 82100 333 82840 90730 91113==
17184 42/70 23001 10203 20149 39992 40098 55001 82040 333 82360 90730 91102==
17190 42670 23601 10154 20123 38961 48489 57001 82100 333 82835 90730 91103==
17190 42670 23601 10154 20123 38961 48489 57001 82100 333 82835 90730 91103==
17195 42970 00408 10156 20102 38936 48485 55001 333 90730 91116==
17200 42960 02102 10200 20092 39130 40042 53002 333 90730 91107==
17202 42970 02404 10187 20082 39074 40038 52006 333 90730 91107==
17203 42970 00000 10191 20109 38827 48506 53005 333 90730 91104==
17219 42965 03603 10217 20161 39961 40097 56002 333 90730 91109==
17234 42970 01101 10230 20173 30024 40088 56004 333 90730 91102==
17240 42970 03102 10189 20115 39000 40069 55000 333 90730 91105==
17244 42670 43604 10164 20129 38963 48489 53001 82130 333 82840 83360 90730 91109==
17250 42970 00000 10151 20106 38777 48487 53001 333 90730 91106==
17260 42960 02607 10218 20152 39247 40003 53001 333 90730 91116==
17280 42960 02805 10220 20095 39288 40013 52005 333 90730 91107==
17292 42970 03202 10201 20134 39357 40065 57007 333 90730 91107==
17300 42960 03103 10253 20156 30002 40069 55001 333 90730 91107==
17310 42970 00702 10284 20218 30048 40055 55000 333 90730 91103==
17350 42560 30503 10242 20198 39992 40065 54000 83100 333 83830==
17370 41670 50501 10265 20239 30069 40073 55000 72522 83230 333 83835 85360 90730 91110==
33088 42960 00000 10126 20112 30013 40200 53001==
33135 41/40 20601 10128 20097 30067 40212 53003 70540 82030 333 55107==
33177 42960 00000 10132 20113 39967 40199 53001==
33317 42960 00000 10143 20118 39869 40197 53002 333 55108==
33393 41/59 30000 10146 20141 39816 40196 58001 71000 83030==
33415 42960 00000 10167 20137 39809 40192 53002==
33429 42960 20302 10159 20105 39782 40190 53002 80001==
33466 42665 60000 10138 20097 30008 40191 53005 82539 333 30///==
33506 42560 70502 10216 20050 30000 40186 52004 87500 333 55111==
33562 42960 03401 10143 20123 39899 40195 53002==
33587 42570 80000 10189 20094 39927 40180 53005 8555/==
33658 42971 33104 10166 20143 39895 40184 52003 80001==
33663 42960 52701 10153 20104 30084 40177 52004 80001==
33664 42997 00102 10176 20082 39870 40174 53002 333 55067 555 20170 7000/=
33678 42898 22802 10152 20064 39982 40187 57001 82030 555 20152 7000/=
33679 42597 23301 10186 20106 39996 40179 53006 82500 555 20185 7997/=
33711 42660 80504 10229 20087 39967 40165 53005 8357/ 333 83640==
33745 42997 00202 10176 20065 39995 40180 57001 333 55106 555 20176 7996/=
33748 42997 00902 10212 20100 39889 40159 53003 555 20210 7996/=
33754 42997 20000 10157 20102 30022 40164 54000 82030 333 55052 555 20155 7000/=
33761 42/70 60202 10174 20083 39950 40164 54000 86070==
33791 42/82 80404 10243 20076 30033 40153 55001 8805/==
33815 42598 43603 10202 20065 39950 40148 57002 82441 333 55044 555 20203 7990/=
33837 42680 83401 10221 20075 30082 40131 56003 8255/ 333 55055==
33881 42698 23602 10187 20078 39963 40151 53002 82500 555 20187 7990/=
33883 42997 33403 10185 20095 39990 40142 52004 80001 555 20185 7000/=
33885 42597 53502 10176 20132 30027 40154 54000 85500 333 55042 555 20176 7000/=
33892 42997 50203 10180 20063 39941 40143 54000 85050 333 55025 555 20177 7000/=
33902 42560 80303 10239 20096 30072 40128 56001 883// 333 55039==
33924 22560 70902 10205 20165 30105 40117 54000 85970 333 20201 60002==
33946 22/80 80803 10198 20181 39902 40111 53004 86031 333 20194 55059 60002==
33983 22560 80801 10216 20201 30041 40098 53007 8635/ 333 20208 55013 60082==
34300 42/60 50802 10200 20037 30035 40204 53008 82031==
34336 22970 20502 10187 20072 30118 40218 52009 80004 333 20181 30/// 60002==
34344 22970 00000 10128 20127 30130 40216 52009 333 20125 30/// 60002==
34356 22960 00806 10208 20076 30080 40220 52006 333 20206 30/// 55119 60002 90730 91110==
34357 22970 00602 10179 20092 30067 40215 52009 333 20179 30/// 60002==
34398 22970 00907 10160 20092 30224 40234 52012 333 55125 60002==
34415 42/70 70000 10160 20076 30096 40189 52007 83031==
34438 22/// /0505 10192 20042 30015 40197 53007 333 20192 60002==
34445 22970 02701 10150 20045 30100 40210 52008 333 20120 30/// 60002==
34461 22960 00502 10186 20076 30163 40216 52008 333 20185 30/// 60002==
34473 32597 20706 10187 20081 30187 40224 52011 81503 333 55132 555 20184 30017 7000/=
34476 22970 00606 10201 20073 30210 40217 52010 333 20195 30/// 55129 60002==
34504 42/75 80605 10237 20062 30000 40164 53006 88050==
34535 22970 51501 10181 20034 30121 40190 52011 80001 333 20171 30/// 60002==
34545 22970 60703 10184 20030 30086 40193 53006 80001 333 20171 30/// 60002==
34555 22970 20505 10207 20103 30118 40205 53008 80001 333 20194 30/// 60002==
34560 42960 00707 10196 20107 30026 40207 52005 333 20180==
34578 22960 00902 10194 20064 30191 40198 53007 333 20189 30/// 60002==
34579 22970 00303 10197 20092 30162 40204 52008 333 20192 30/// 55124 60002==
34625 12998 60604 10209 20031 30119 40169 53011 60002 86030 333 20209 30018 555 53011 7000/ 91212=
34644 22560 60503 10204 20047 30106 40178 52009 85832 333 20204 30/// 60002==
34646 22/70 80402 10205 20141 30104 40181 52009 82011 333 20199 30/// 55113 60002==
34655 22/60 51501 10137 20066 30130 40189 53010 85030 333 20129 30/// 60002==
34662 22970 23402 10172 20050 30184 40195 52008 80001 333 20162 60002==
34691 22970 00904 10200 20076 30214 40202 52009 333 55123 60002==
34720 22670 70403 10224 20090 30123 40160 53012 82540 333 20224 30/// 55052 60002 90730 91110==
34727 42560 80906 10224 20080 30106==
34743 22960 60602 10178 20029 30093 40178 52008 80005 333 20176 30/// 60002==
34759 22560 70703 10168 20042 30050 40175 53009 83501 333 20158 30/// 55126 60002==
34772 22970 00402 10176 20060 30184 40187 53008 333 20161 30/// 60002==
34785 22970 20703 10200 20039 30205 40183 53004 80001 333 20175 30/// 60002==
34798 22960 00405 10199 20118 30208 40180 53003 333 60002==
34824 22560 80803 10236 20098 30119 40123 52012 8353/ 333 20236 30/// 55039 60002==
34838 22660 80503 10206 20063 30044 40135 52007 86545 333 20206 30/// 60002==
34845 22/70 80902 10181 20051 30054 40157 52007 80049 333 20175 30/// 60002==
34858 22960 60701 10184 20080 30058 40160 52007 80002 333 20181 30/// 60002==
34861 22970 60704 10186 20042 39940 40171 52009 80004 333 20179 30/// 55122 60002==
34866 22/70 30605 10197 20061 30176 40167 53008 80031 333 20179 30/// 60002==
34880 22960 20503 10227 20070 30199 40174 52006 80001 333 20199 30/// 55122 60002==
34887 22970 10302 10168 20098 30189 40171 52008 80001 333 20166 30/// 60002==
34949 22/70 60805 10171 20093 39623 40144 52004 83031 333 20171 30/// 55073 60002 90730 91110==
34954 22570 81301 10151 20065 39986 40153 52005 82501 333 20151 30/// 55085 60002==
34958 22570 30000 10134 20085 39960 40153 52004 82501 333 20133 30/// 60002==
34975 22/70 40903 10184 20141 30158 40154 52008 80031 333 20182 30/// 60002==
34984 22960 30203 10188 20164 30189 40160 53007 80001 333 20176 30/// 60002==
35217 12960 00202 10140 20062 30206 40245 52008 60002==
35302 12970 00806 10159 20109 30227 40247 52011 60002==
35315 32998 00403 10147 20088 30171 40226 52004 555 20146 30013 7000/=
35344 /2699 20305 10119 20087 39953 40230 52014 82100 333 55122 555 20104 31011 69942 7994/=
35358 12960 00502 10177 20086 30037 40197 52014 60002==
35368 32599 23505 10143 20074 39940 40495 52011 82500 333 55119 555 20134 30013 7000/=
35386 32998 00101 10138 20100 39674 40166 53006 555 20102 30011 7000/=
35394 41570 63302 10133 20119 39515 40154 53004 72522 85930 333 55107==
35404 32998 00606 10183 20103 30222 40230 52011 555 20166 30016 7000/=
35406 12960 00303 10172 20090 30224 40226 52008 60002 333 55134==
35416 12970 01602 10156 20085 30104 40219 52010 60002 333 55119==
35426 12/84 20203 10153 20091 39938 40215 53013 60002 82030==
35437 32998 30402 10152 20105 39912 40210 52015 82033 333 55108 555 20143 30013 7000/=
35449 32999 00604 10191 20100 30070 40174 52004 555 20192 30017 7000/=
35497 42570 23201 10142 20101 39397 40147 53006 82900==
35498 /2698 83201 10140 20103 39320 40146 52002 885// 555 20120 31011 69942 7994/=
35514 32998 00704 10172 20089 30216 40212 52008 555 20168 30015 7000/=
35522 32998 00505 10161 20080 39969 40207 53015 555 20158 30010 7000/=
35542 32999 50506 10179 20100 30061 40199 52014 85060 333 55125 555 20178 30015 7000/=
35563 32598 33503 10166 20072 39447 40167 52005 83500 333 55050 555 20134 30008 7000/=
35576 12970 50403 10156 20060 39736 40158 53006 60002 80001==
35582 /2998 52204 10152 20091 39591 40154 53009 80003 555 20126 31011 69942 7994/=
35594 32599 63203 10165 20109 39358 40138 53005 86900 555 20150 30010 7000/=
35605 32998 00207 10196 20094 30219 40199 52010 555 20194 30016 7000/=
35633 /1598 60602 10162 20130 39989 40190 53024 70298 84380 333 55114 555 20162 31016 60022 7002/=
35671 12970 30102 10163 20076 39759 40162 53007 60002 80001==
35699 12/60 20000 10194 20108 39439 40136 54000 60002 82030==
35700 12970 00704 10212 20090 30212 40190 52010 60002 333 55130==
35715 32999 00505 10214 20090 30192 40178 53010 555 20206 30018 7000/=
35739 31999 50000 10197 20068 30034 40164 53008 71302 85030 555 20180 38015 7000/=
35746 12570 60204 10214 20093 30103 40165 53010 60002 82330 333 55125==
35777 32997 00000 10210 20084 39896 40245 52009 555 20129 30087 7000/=
35796 12/60 21702 10213 20134 39738 40137 54000 60002 81030 333 55129==
35849 12/70 20202 10197 20122 30080 40160 53010 60002 82050 333 55122==
35895 32998 60000 10193 20099 39736 40147 53002 86030 555 20150 30013 7000/=
35907 32998 00804 10190 20175 30194 40166 53023 555 20187 7000/=
35925 12970 03602 10208 20040 30057 40162 53003 60002==
35927 32998 00000 10185 20040 30156 53005 555 20171 7000/=
35953 12984 20000 10204 20096 30030 40151 53006 60002 80002==
35969 12984 00000 10235 20095 39989 40149 53005 60002==
35997 32998 00000 10198 20097 39739 40140 53002 555 20129 30010 7000/=
36259 42684 21701 10108 20009 38275 48536 57005 81401==
36335 /2599 52103 10158 20105 39187 40138 58011 85020 555 20138 31013 60032 7003/=
36358 32999 60000 10175 20071 39197 40138 53001 86030 555 20144 30013 7000/=
36394 32597 70000 10184 20080 39755 40146 53003 87300 555 20164 30015 7000/=
36397 12684 60000 10194 20053 39621 40141 54000 60002 85530==
36403 32698 81004 10198 20098 39808 40140 58003 889// 333 55067 555 20174 30016 7000/=
36418 32999 31902 10206 20099 39591 40155 53001 83040 555 20116 30011 7000/=
36421 32699 70000 10144 20115 39644 40173 53001 87500 555 20102 30011 7000/=
36428 12/84 30801 10208 20091 39697 40157 53001 60002 82041 333 55117==
36439 32998 51107 10130 20045 38987 48535 54000 85030 555 20083 30008 7000/=
36498 32998 01504 10193 20075 39418 40147 53001 555 20120 30010 7000/=
36501 32999 20000 10206 20076 39442 40131 53005 82030 555 20160 30013 7000/=
36535 12984 00703 10180 20094 39581 40166 57001 60002 333 55047==
36546 32699 41602 10204 20078 39667 40162 54000 83301 555 20109 30009 7000/=
36619 32999 00903 10200 20062 555 20130 30012 7000/=
36622 32998 00000 10183 20078 39409 40151 51003 555 20117 30008 7000/=
36639 12984 01402 10242 20106 39587 40136 57009 60002==
36643 32999 00000 10198 20060 39547 40156 53001 555 20121 30007 7000/=
36665 32999 01901 10229 20063 39486 40147 54000 333 55123 555 20142 30012 7000/=
36666 32999 01106 10188 20114 39707 40162 57001 333 55129 555 20097 30009 7000/=
36729 32998 03501 10197 20131 39695 40138 57005 555 20101 30008 7000/=
36736 32999 01003 10231 20069 39651 40156 57007 333 55121 555 20115 30009 7000/=
36744 32998 00000 10217 20069 39720 40132 53009 555 20126 30011 7000/=
36770 32999 00000 10170 20104 39465 40141 57004 555 20075 30008 7000/=
36786 32999 00000 10216 20102 39284 40124 57005 555 20138 30009 7000/=
36796 31998 00000 10079 20042 39029 48508 57005 70241 555 20039 30005 7000/=
36803 32999 03502 10228 20138 39731 40140 56002 555 20155 7000/=
36806 32999 01510 10232 20029 39710 40138 57005 333 91115 555 20156 7000/=
36819 32998 32003 10197 20048 39568 40135 53002 80001 333 55120 555 20146 30012 7000/=
36821 12984 00000 10218 20124 39685 40134 53001 60002==
36839 32999 03401 10148 20061 39082 40143 57005 555 20093 30007 7000/=
36843 32998 02602 10204 20010 39044 40128 57001 555 20136 30010 7000/=
36846 32999 00903 10157 20051 38620 48516 57004 555 20090 30006 7000/=
36859 12984 01101 10251 20124 39419 40128 57009 60002==
36870 12960 01101 10212 20127 39178 40108 54000 60002==
36874 32999 01801 10166 20100 39407 40133 57001 555 20095 30010 7000/=
36877 32999 00000 10192 20096 39227 40132 53014 555 20079 30006 7000/=
36885 32999 02302 10200 20080 39078 40121 53002 555 20121 30010 7000/=
36889 32999 01801 10077 21082 37112 47142 53002 555 20046 31000 7000/=
36894 32999 00504 10220 20093 39445 40124 53001 555 20177 30014 7000/=
36905 32999 00000 10192 20076 38748 48516 57004 333 55105 555 20126 30009 7000/=
36911 12999 00000 10212 20109 39219 40121 53007 6//// 333 20115 30010 555 50207 530// 7000/=
36927 12999 03602 10180 20097 38371 48526 53001 6//// 333 20122 555 50165 530// 7000/=
36934 12999 01501 10190 20079 38287 48405 54000 6//// 333 2//// 555 10162 5//// 530// 7000/=
36953 32999 00000 10135 20080 38237 48508 57008 333 55095 555 20058 30005 7000/=
36963 12999 01401 10089 20002 37100 48/// 54000 6//// 333 2//// 555 10080 5//// 530// 7000/=
36974 12998 00901 10146 20002 38003 48525 58005 6//// 333 2//// 555 10146 5//// 530// 7000/=
36982 12999 01101 10051 21039 36617 47170 53003 6//// 333 21029 555 5//// 530// 7////=
37018 22670 70401 10229 20200 30036 40107 52002 86904 333 20221 30/// 55006 60002==
37031 22560 80801 10212 20156 39944 40127 52008 83531 333 20212 30/// 55037 60002==
37054 21560 80000 10190 20134 39774 40138 54001 70292 889// 333 20188 30/// 60002==
37061 22940 70602 10168 20148 39987 40149 53004 80009 333 20166 30/// 55096 60002==
37085 22/70 60703 10189 20180 30167 40141 54000 86030 333 20171 30/// 60002==
37171 22/70 80803 10220 20211 30088 40105 53005 8805/ 333 20218 60142==
37228 22560 82501 10177 20145 39334 40125 52007 885// 333 20173 30/// 55072 60002==
37235 22670 70000 10191 20174 39822 40121 52003 8750/ 333 20188 30/// 60002==
37472 22/60 61503 10240 20201 30153 40132 57001 84081 333 20231 30/// 55114 60002==
38149 12970 03201 10148 20064 30087 40161 53005 60002==
38262 12970 03201 10162 20084 30086 40165 53013 60002 333 55117==
38264 12970 00201 10209 20040 30066 40154 52008 60002==
38345 12999 00901 10181 20074 38808 48522 53017 6//// 333 20095 30008 555 5//// 530// 7000/=
38353 12998 00000 10224 20065 39289 40126 53007 6//// 333 20150 30010 4//// 55/// 555 5//// 530// 7000/=
38388 32998 00000 10176 21093 30081 40148 57002 333 20174 38017 55126 555 7000/=
38392 32997 00803 10225 20070 30045 40142 53007 333 20178 30017 55125 555 7000/=
38396 12960 00402 10203 20080 30027 40145 52006 60002 333 20165==
38403 12960 00202 10242 20088 30024 40137 53005 60002==
38413 12970 00101 10228 20002 39866 40138 53008 60002 333 55115==
38457 12960 00801 10216 20098 39560 40111 52008 60002 333 55107==
38462 12984 00501 10133 20046 38759 48505 53006 60002 333 20096==
38462 12984 00501 10133 20046 38759 48505 53006 60002 333 20096==
38507 32998 00803 10242 20011 30030 40127 53010 333 20227 30020 55119 555 7000/=
38545 32998 03501 10186 20055 39958 40125 53004 333 20165 30011 55120 555 7000/=
38565 12970 00000 10175 20045 39547 40119 51007 60002 333 20118==
38579 12984 00000 10226 20151 39715 40105 52009 60002 333 55113==
38583 12960 01401 10195 20145 39809 40114 52006 60002==
38599 32998 02802 10237 20111 39632 40112 51006 333 20172=
38611 12960 03502 10236 20118 39584 40117 52011 60002 333 55101==
38613 12999 00101 10214 20085 40120 53005 6//// 333 20160 30014 555 5//// 530// 7000/=
38616 12998 01801 10226 20116 39159 40105 58003 6//// 333 2//// 30/// 555 5//// 530// 7000/=
38618 12960 00000 10223 20107 39427 40070 52011 60002 333 55114==
38647 32998 00604 10212 20030 30072 40112 52012 333 20199 30017 555 7000/=
38656 32998 00000 10204 20040 30024 40129 53005 333 20192 30018 55120 555 7000/=
38683 12960 03603 10190 20100 39850 40113 52005 60002==
38687 32997 00204 10189 20088 39904 40128 53012 333 20180 30018 55125 555 7000/=
38696 12984 01101 10214 20098 39303 40107 52006 60002 333 55107==
38713 32998 01801 10204 20098 39017 48520 54000 333 20149 55119=
38750 32997 01301 10201 20172 30146 40119 53008 333 20200 30020 55099 555 7000/=
38763 32998 00000 10206 20074 30027 40127 52010 333 20203 30016 55124 555 7000/=
38774 32998 02101 10219 20070 39952 40136 53021 333 20208 30016 555 7000/=
38799 32997 03601 10176 20051 39898 40119 53009 333 20155 30015 555 7000/=
38806 32997 03601 10177 20138 39846 40094 52008 333 20166 30017 555 7000/=
38812 12960 00602 10204 20078 39665 40093 52013 60002==
38836 32999 00000 10216 20107 39191 40070 52008 333 20177=
38880 12997 03002 10196 20057 39880 40123 53006 60002 333 20194 555 7000/=
38886 32997 03302 10170 20080 39908 40128 53002 333 20166 30014 555 7000/=
38895 32996 00000 10186 20098 39848 40125 53007 333 20150 30012 555 7000/=
38911 32998 01301 10204 20090 39822 40101 53005 333 20190 30018 55114 555 7000/=
38915 32997 00000 10204 20132 39810 40117 52014 333 20185 30016 555 7000/=
38927 12960 00000 10221 20104 39754 40108 52013 60002 333 55111==
38933 32999 00000 10212 20151 39632 40117 53006 333 20164 55099=
38944 32997 20202 10226 20090 39549 40051 52011 82030 333 20192=
38954 32899 10000 10160 20078 37940 48490 52003 81200 333 20153 55000=
38974 32998 02301 10185 20064 39798 40118 53005 333 20184 30019 55113 555 7000/=
38987 32996 00000 10157 20043 39423 40141 58009 333 20150 30150 55114 555 7000/=
40100 43970 01705 10273 20193 30086 40101 55002 333 58///=
40180 02560 21502 10262 20209 30051 40098 52001 82500 333 70000==
40199 02/// /3604 10281 20184 30082 40107 52002 333 70000==
40270 41557 12807 10208 20168 39241 40097 54000 70500 81100 333 81830=
40272 41950 02607 10202 20160 39308 40103 54000 70500=
40340 42960 03606 10264 20186 30052 40113 52007=
40356 42960 02506 10193 20150 39147 48496 333 59004 555 04410 50068=
40357 42960 03212 10257 20110 39449 40043 333 59005=
40360 42960 02806 10208 20150 39525 40084 333 59004=
40361 42960 02610 10243 20130 39344 40108 333 59002=
40362 42960 02605 10248 20000 39555 40037 333 59003=
40373 42960 03106 10289 20050 39636 40024 333 59001=
40375 42960 03505 10250 20130 39248 40068 333 59002=
40394 42960 03602 10252 20060 38995 48502 333 59003 555 04410 50054=
40394 42960 03602 10252 20060 38995 48502 333 59003 555 04410 50054=
40400 42960 00803 10286 20240 30034 40061 333 59013=
40405 42960 02804 10260 20050 39349 40041 333 59003=
40417 41957 03107 10304 20040 39987 40001 70600 333 58004=
40420 41956 03308 10315 20060 39810 40007 70600 333 58001=
40430 42660 63604 10266 20180 39364 40080 86500 333 59014 86640=
40437 42960 02906 10292 20020 39370 40026 333 58000=
40439 42960 23003 10324 20260 30039 40057 82030 333 59015 82360=
40582 32960 03313 10338 20093 40007 53007 333 55301 00000 10171 20078 30035 41179 51383 60113 55407 40043 90401 91015 91119 91213 91311=
40703 42960 00000 10204 20138 38885 40055 53008 333 10310 20196 70000 555 10164 29066 66666 00260 10264 20250 30286 50252 90260=
40706 42665 20604 10214 20108 38626 40048 52009 82430 333 10272 20214 70000 82635 555 10152 29051 66666 00260 10292 20314 30313 50304 90288=
40712 42960 02602 10168 20126 38642 40043 52007 333 10276 20166 70000 555 10143 29076 66666 00235 10256 20258 30257 50243 90230=
40713 42962 01006 10215 20104 38619 40015 52008 333 10317 20211 70000 555 10150 29049 66666 00281 10296 20296 30290 50283 90260=
40718 42960 02402 10231 20196 30154 40127 52016 222// 0//// 20301 333 10281 20229 70000 555 10209 29081 66666 00252 10288 20296 30294 50286 90264=
40723 42970 00000 10138 20022 38953 40133 53012 333 10238 20112 70000 555 10084 29045 66666 00158 10188 20248 30258 50264 90252=
40726 42960 00000 10180 20115 38618 40033 52011 333 10304 20180 70000 555 10142 29066 66666 00250 10264 20290 30280 50274 90256=
40727 42965 01904 10188 20038 38450 40024 52007 333 10312 20170 70000 555 10111 29037 66666 00218 10250 20274 30270 50256 90232=
40732 42560 52701 10248 20209 30134 40111 52012 85500 333 10278 20240 70000 85627 555 10222 29079 66666 00280 10284 20292 30292 50276 90260=
40736 42960 10000 10230 20205 30146 40122 52016 81030 333 10285 20224 70000 555 10214 29086 66666 00270 10282 20301 30302 50299 90286=
40737 42960 11701 10226 20185 30102 40119 52014 81030 333 10268 20209 70000 81359 555 10200 29078 66666 00261 10267 20273 30268 50257 90244=
40738 42960 00000 10215 20185 30131 40133 52014 333 10295 20188 70000 555 10196 29083 66666 00258 10270 20290 30296 50292 90274=
40739 42965 00102 10206 21001 38682 40088 52010 333 10248 20177 70000 555 10108 29025 66666 00218 10220 20268 30288 50292 90285=
40741 42960 01502 10199 20060 39802 40117 53013 333 10297 20176 70000 555 10129 29040 66666 00248 10281 20313 30324 50332 90326=
40743 42970 00903 10208 20011 39049 40101 52010 333 10285 20187 70000 555 10114 29027 66666 00247 10278 20316 30330 50330 90322=
40745 42962 00000 10190 20071 39026 40117 53007 333 10236 20152 70000 555 10127 29046 66666 00176 10218 20258 30278 50280 90276=
40747 42960 00202 10220 21007 38598 40018 52010 333 10344 20217 70000 555 10112 29022 66666 00254 10300 20322 30320 50306 90293=
40754 42960 03402 10234 20017 38808 40065 53007 333 10302 20224 70000 555 10126 29024=
40762 42962 00000 10157 21025 38544 40092 51004 333 10223 20110 70000 555 10077 29028 66666 00180 10226 20262 30282 50288 90280=
40766 42960 01102 10175 20041 38639 40014 52007 333 10380 20171 70000 555 10107 29041 66666 00222 10282 20306 30304 50296 90286=
40768 42965 01501 10117 20005 38246 40053 52007 333 10282 20110 70000 555 10066 29046 66666 00220 10268 20291 30302 50300 90288=
40769 41957 03201 10194 21012 38286 40040 53007 70600 333 10269 20177 70000 555 10097 29025 66666 00238 10270 20308 30316 50318 90298=
40780 41959 01002 10215 20073 38618 40009 53002 70500 333 10294 20210 70000 555 10137 29040 66666 00294 10324 20336 30336 50324 90310=
40782 42965 01302 10193 20003 38795 40010 52008 333 10341 20171 70000 555 10104 29028 66666 00248 10278 20316 30312 50316 90294=
40785 42960 00000 10203 21021 39044 40066 52014 333 10345 20194 70000 555 10103 29022 66666 00320 10344 20360 30380 50390 90390=
40791 42965 03301 10238 21062 39291 40062 52014 333 10333 20217 70000 555 10111 29013 66666 00272 10292 20340 30360 50372 90366=
40792 42965 00000 10196 21036 38694 40067 52008 333 10266 20142 70000 555 10094 29021 66666 00226 10256 20294 30322 50348 90320=
40798 42960 03502 10111 21028 37967 40059 52009 333 20091 555 10051 29038 66666 00190 10233 20281 30289 50277 90262=
40800 42965 01401 10203 21027 38450 40051 53009 333 10318 20174 70000 555 10098 29021 66666 00186 10236 20298 30320 50320 90302=
40809 42960 00906 10201 21042 38476 40047 52008 333 10265 20141 70000 555 10094 29019 66666 00224 10260 20296 30312 50312 90304=
40811 42960 02802 10293 20114 39953 49977 51005 333 10419 20293 70000 555 10189 29033 66666 00330 10360 20380 30390 50394 90384=
40812 42960 01401 10284 20082 39624 49970 52006 333 10382 20283 70000 555 10171 29028 66666 00352 10372 20404 30414 50412 90388=
40818 42960 03202 10162 21055 37983 40036 52009 333 10281 20145 70000 555 10069 29022 66666 00256 10290 20306 30311 50320 90308=
40821 42962 02502 10220 21085 38761 40056 52012 333 10319 20203 70000 555 10096 29012 66666 00279 10312 20358 30367 50365 90359=
40829 42960 03513 10263 20036 39519 40054 52014 333 10323 20258 70000 555 10147 29023 66666 00272 10304 20338 30338 50326 90304=
40831 42960 02907 10314 20127 39991 49998 52006 333 10408 20303 70000 555 10202 29032 66666 00322 10352 20384 30390 50386 90374=
40833 42960 03301 10268 20107 39968 49998 52010 333 10420 20263 70000 555 10176 29037 66666 00346 10362 20378 30384 50390 90370=
40835 42960 00000 10246 20077 39221 49993 52008 333 10378 20244 70000 555 10153 29034 66666 00298 10324 20362 30362 50366 90352=
40841 42960 01102 10172 21057 38239 40048 52013 333 10334 20135 70000 555 10075 29020 66666 00262 10260 20308 30312 50306 90296=
40845 42960 03309 10343 20223 39984 49989 53011 333 10357 20342 70000 555 10260 29050 66666 00348 10358 20378 30384 50378 90368=
40848 42660 30000 10234 20060 38475 49987 52014 83400 333 10348 20196 70000 83640 555 10138 29032 66666 00228 10282 20298 30312 50306 90292=
40851 42660 20000 10210 21039 38237 40005 53007 82400 333 10304 20176 70000 82640 555 10097 29018 66666 00236 10280 20322 30334 50338 90326=
40854 42960 02804 10262 21078 38899 40021 52012 333 10327 20240 70000 555 10117 29010 66666 00252 10298 20370 30384 50382 90374=
40856 41956 01602 10184 21012 38616 40064 52011 70500 333 10268 20158 70000 555 10094 29026 66666 00198 10244 20296 30314 50326 90320=
40859 42660 53102 10240 20056 38641 49987 51013 81530 333 10358 20236 70000 81640 84360 555 10140 29030 66666 00250 10280 20298 30304 50304 90298=
40875 41956 03403 10303 20221 39986 49997 53009 70500 333 10346 20292 70000 555 10247 29062 66666 00334 10358 20374 30378 50380 90372=
40879 41956 10403 10300 20024 39392 40023 52017 70500 80002 333 10384 20286 70000 81070 555 10158 29017 66666 00342 10360 20394 30402 50408 90402=
40882 41925 01103 10326 20297 39957 49990 52011 71000 333 10348 20324 79999 555 10304 29085 66666 00348 10364 20380 30392 50382 90368=
40883 41930 10905 10336 20269 39969 49991 52015 70500 80002 333 10350 20316 70000 81070 555 10287 29068 66666 00352 10368 20383 30385 50389 90377=
40893 41450 21208 10297 20270 30000 40006 52023 71000 82600 333 10329 20297 70000 82715 555 10277 29086 66666 00363 10365 20371 30370 50370 90373=
40898 41550 31002 10291 20260 30004 40013 51016 71000 83630 222// 00300 20901 333 10308 20291 70000 83720 555 10269 29084 66666 00300 10312 20360 30370 50374 90364=
41024 41650 33109 10323 20240 30021 40046 70600 83500 333 59029 83640=
41036 42560 21805 10207 20140 38555 48506 82800 333 59001 82830 555 04410 50091=
41055 42560 23113 10222 20080 38355 48498 82400 333 59005 82630 555 04410 50074=
41061 42960 03608 10297 20100 39360 40021 333 58000=
41084 42960 03302 10266 20080 38825 48494 333 58006 555 04410 50034=
41112 42960 00208 10181 20080 37939 48493 333 59009 555 04410 50046=
41114 42960 00209 10196 20080 37975 48494 333 59005 555 04410 50044=
41128 42560 42404 10262 20040 38762 48480 84400 333 59007 84630 555 04410 50023=
41136 42660 30000 10316 20080 39236 49999 83400 333 58002 83640=
41140 41958 01107 10302 20260 30032 40042 70500 333 59026=
41150 41960 03313 10349 20256 49994 70600 333 58001=
41170 42960 13305 10346 20223 39982 49995 81031 333 58003 81364=
41176 44/61 /3003 10265 20190 39989 49995 333 58000=
41184 41957 01410 10361 20145 49989 70600 333 58002=
41194 41956 10203 10332 20278 39984 49989 70500 80001 333 58005 81075=
41196 41945 00103 10319 20274 39956 49994 70500 333 58005=
41216 42460 30904 10330 20296 39985 49989 83500 333 58005 83618=
41217 42960 50905 10324 20292 39956 49984 85030 333 58005 85368=
41244 36/// /1406 10339 20206 39587 49978 333 0E037 55300 25022 58011=
41246 36/// /1702 10307 20284 30007 40010 333 0E032 55300 25022 58032=
41255 36/// /1402 10290 20197 39502 49990 333 0E030 58012=
41256 329// 00000 10308 20268 39985 40002 90245 333 58017 55350 55407 55408 55507 55508=
41263 36/// /1308 10294 20201 39441 49979 333 0E030 55300 20002 58007=
41265 36/// /1102 10273 20199 39445 49991 333 0E031 55300 20003 58015=
41267 36/// /1006 10291 20253 30002 40014 333 0E029 58024=
41268 36/// /2001 10295 20210 39960 40006 333 0E029 55300 25022 58021=
41275 36/// /1112 10267 20221 39847 40011 333 0E027 55300 20001 58008=
41288 36/// /0905 10248 20233 39997 40018 333 0E026 58011=
41315 26/06 /1411 10227 20227 39239 47278 333 0E024 55300 27865 58003 70012=
41316 01340 81704 10250 20250 30020 40049 60011 75055 887// 333 58003 55019 55407 55408 55507 55508 70014 85707 88714=
41396 42862 50001 10290 20210 39325 40016 85070 333 58008 85458=
41397 42225 10250 20222 40031 57050 7//11 83//8 22254 06200 21504 80230=
41398 33516 10360 20268 40171 52010 70211 8/1// 22254 06320 20702 80290=
41480 41556 41208 10294 20253 30018 40027 70544 81531 333 58006 81620 84360=
41498 41709 10301 20249 40087 51009 70300 84276 22213 00306 20301 321// 41002=
41506 12460 80000 10190 20052 38516 48150 60001 85000 333 20178 5688/ 58017 70070==
41508 11440 80000 10192 20174 38660 48340 69901 70262 8572/ 333 20180 5688/ 58016 70700==
41515 12460 80000 10190 20166 38554 48180 60001 8452/ 333 20166 5688/ 58051 70140==
41523 12440 50000 10230 20215 39052 48910 60001 83540 333 20200 56880 59016 71260==
41535 12460 20000 10185 20177 38699 48740 60001 82200 333 20142 56800 58010 72300==
41536 11440 80000 10205 20198 39014 48990 60011 76066 8872/ 333 5688/ 58037==
41571 11640 20000 10260 20239 39517 40080 60001 70500 82030 333 20214 56080 59005 72600==
41598 12960 03102 10245 20230 39794 40058 60001 333 20218 59004 71400==
41600 11940 00000 10265 20236 39771 40058 60001 70412 333 20242 58000 70050==
41620 12940 03601 10230 20150 38559 48650 60001 333 20200 58022 70100==
41624 12960 03101 10260 20231 39877 40071 60001 333 20234 58016 70000==
41630 11920 33602 10280 20252 30000 40069 60001 71021 83030 333 20248 56080 58009 70700==
41640 11940 00501 10280 20237 39823 40063 60001 70400 333 20260 58007 70000==
41660 11440 71307 10195 20173 38416 48040 60051 76099 85330 333 20190 56880 58033 70900==
41678 11940 00000 10280 20244 30000 40059 60001 70500 333 20254 58025 70400==
41696 12460 70000 10180 20165 37977 48780 60051 83520 333 20150 56880 58016 73200==
41697 11460 80000 10265 20251 39929 40080 60031 72166 8452/ 333 20244 5688/ 58043 71100==
41700 11440 60000 10280 20266 39932 40054 60001 70422 84530 333 20262 56880 58029 70360==
41710 21996 30000 10295 20046 39246 49977 70600 83010 333 20245 56090 59014 60007 70000 83460=
41712 11440 71301 10255 20033 39133 48740 69901 75052 87520 333 20210 56880 58033==
41715 11440 70000 10280 20266 30013 40076 60011 72165 84530 333 20260 56880 58044 70100==
41718 11420 70000 10265 20251 39960 40061 69921 70452 83520 333 20254 56880 58035 71960==
41725 12940 20000 10285 20250 39982 40058 60001 82030 333 20260 56080 58038 72200==
41739 12440 72703 10260 20201 38961 48400 60001 83530 333 20240 56880 58005 70100==
41744 12440 60000 10210 20071 38757 48880 60041 84510 333 20194 56880 58040 73030==
41749 12440 60502 10265 20221 39983 40016 60001 83530 333 20244 56880 58018 70650==
41756 11940 51801 10290 20255 39927 49999 60001 70504 85030 333 20230 56080 59013 70000==
41764 12440 40603 10270 20241 30007 40056 60001 82510 333 20244 56880 58074 70300==
41768 12940 00000 10275 20260 30056 40063 60001 333 20244 58071 70460==
41780 11420 70705 10240 20225 30010 40037 60111 76165 88620 333 20234 56880 59051 71240==
41785 12960 30501 10265 20251 30035 40048 60001 83030 333 20260 56080 58088 70200==
41859 02450 60000 10319 20270 30016 40052 83520 333 20292 59007 70000 83618 86458==
41883 02456 60904 10312 20270 30037 40057 84430 333 20285 59002 70000 82616 83828 86362==
41891 01330 80000 10276 20260 30036 40074 70522 8562/ 333 20250 58008 70380 82708 83615 88458 81928==
41898 21628 10130 20110 40280 54000 70222 82002 22253 06240 21002 80180=
41907 02450 71302 10310 20260 30033 40048 85810 333 20270 59010 70000 82615 83825 86458==
41923 02456 61302 10316 20270 30051 40061 85430 333 20283 58000 70000 83615 83824==
41936 01450 31505 10314 20260 30044 40051 70522 82530 333 59002 70000 82615 83362==
41943 02440 51802 10305 20250 30061 40068 84530 333 20267 58006 70042 84616==
41950 02350 70000 10291 20270 30058 40060 85670 333 20273 58002 70000 81708 84616 86459==
41978 42558 61108 10313 20250 30064 40070 83230 333 20269 58010 83826 85362==
41992 01435 61804 10310 20260 30073 40075 70522 84530 333 20263 58015 70000 84616 86362==
42001 31031 99259 70897 46/// /0705 10297 20282 30122 40125 90240 22200 00309 333 91207 555 11059 22062 8//06 90237=
42027 21595 83201 10178 20166 38440 48525 71022 8652/ 333 20157 58011 6009/ 555 00088 10156=
42044 22596 80000 10176 20167 38308 48542 8352/ 333 20162 58020 6002/ 555 00024 10096=
42045 22595 20503 10218 20143 38328 48451 82100 333 10228 20156 58008 6996/ 555 00006 10176=
42056 22696 10000 10270 20241 39632 81100 333 10321 20221 59005 6992/ 81840 555 00002 10967=
42071 32996 02904 10294 20277 40059 333 10352 20259 58000 555 10457=
42097 31031 99257 70837 46/// ///// 1//// 90256 22200 00301 10501 20501 70006=
42101 32996 00502 10296 20280 40061 333 10356 20267 59009 555 10457=
42111 31995 30000 10296 20246 39362 40031 70500 82030 333 10344 20248 59021 82360 555 11702=
42123 22596 30000 10274 20266 40063 83200 333 10334 20257 58012 6012/ 83835 555 00116 10366=
42131 32996 02301 10300 20269 40057 333 10359 20248 58000 555 10409=
42165 32696 50000 10292 20255 40059 83520 333 10357 20276 58020 83640 85460 555 10247=
42182 31995 32705 10292 20267 40052 71021 83030 333 10350 20254 59004 83360 555 10837=
42189 31995 00000 10310 20271 40043 70500 333 10347 20269 59008 555 10845=
42260 22596 32706 10295 20283 40056 81530 333 20254 59001 6006/ 555 00056 10666=
42309 21395 80502 10258 20258 40082 76196 8592/ 333 20220 58017 6008/ 555 00080 11671=
42314 21395 80504 10252 20246 40086 76196 8432/ 333 20238 57980 58022 6062/ 81708 84616 81925 88459 555 00624 11436=
42328 31995 22302 10280 20237 40048 70500 82030 333 10336 20256 58038 82360 555 10415=
42339 31995 20501 10292 20240 39824 40069 70500 80001 333 10335 20267 58027 82070 555 10395=
42348 21995 42905 10270 20247 40077 71011 82031 333 10328 20236 58018 6017/ 82330 83070 555 00166 11147=
42361 21996 00000 10286 20255 40055 70500 333 20251 58001 6993/ 555 00003 10787=
42369 31996 00000 10311 20274 40045 71010 333 10362 20269 59004 555 10570=
42379 31596 40000 10330 20278 40035 70500 82201 333 10360 20272 59019 82825 555 10694=
42398 32596 51605 10322 20279 40037 81501 333 20276 59017 555 11814=
42410 21495 60000 10304 20274 40060 71022 83530 333 10376 20272 59005 6001/ 83618 86360 555 00010 10891=
42415 21496 80000 10268 20257 40070 72196 8532/ 333 20243 59003 6045/ 84618 81925 88459 555 00452 10855=
42452 21596 50501 10280 20266 40059 71022 82530 333 10339 20271 58007 6001/ 555 00010 10932=
42492 31995 20000 10318 20283 40041 71000 82030 333 20292 59014 82360 555 10433=
42559 22596 20000 10264 20250 40048 82500 333 20225 59003 6012/ 82620 555 00120 10972=
42571 22596 80000 10270 20256 40049 8553/ 333 20254 58000 6006/ 85625 87360 555 00063 11003=
42623 31496 61401 10258 20235 39220 40067 71022 84530 333 10321 20221 59006 84618 86360 555 10736=
42634 21495 41802 10272 20249 40061 70510 84600 333 20253 58083 6007/ 83718 555 00068 10722=
42647 31495 62703 10286 20258 40073 71022 85402 333 20257 56609 58030 83618 83825 555 10928=
42667 21596 73203 10246 20232 39488 40067 70522 83630 333 20226 59002 6994/ 83620 85360 555 00004 11317=
42675 21495 80000 10264 20250 40053 70522 8573/ 333 20239 58004 6999/ 82712 84625 88360 555 00009 11098=
42701 21596 41402 10258 20247 39327 40037 71011 83530 333 10307 20232 59009 6004/ 83620 84360 555 00044 11017=
42724 31496 61402 10310 20260 40065 71022 82530 333 20276 58004 82618 85360 555 00000 11453=
42737 32496 21803 10262 20248 40065 82600 333 20249 56400 58040 82710 555 11239=
42754 21495 73204 10236 20230 39443 40071 76162 85730 333 20223 58003 6016/ 83710 84618 86360 555 00164 10743=
42779 22495 70000 10268 20251 39362 40042 85630 333 20224 59008 6006/ 82712 84620 86360 555 00056 11103=
42798 21496 61409 10294 20251 40041 70522 83530 333 20254 59008 6990/ 83618 85360 555 10711=
42809 21596 61803 10312 20262 40051 70522 85430 333 20274 59005 6990/ 82620 84825 555 00000 10867=
42840 21595 30000 10284 20264 40071 71060 83200 333 20265 58020 6992/ 83825 555 00002 11355=
42867 21496 53404 10282 20248 40047 70522 82526 333 20244 59007 6058/ 82618 84458 82270 555 00579 10872=
42874 32596 43205 10294 20251 39707 40035 81530 333 20254 59013 81620 84359 555 10803=
42886 22596 40505 10296 20251 40040 82532 333 20244 56190 59013 6018/ 82620 83360 84075 555 00184 10789=
42895 22596 60502 10310 20273 40044 84530 333 20257 59008 6008/ 84620 84360 555 00077 10539=
42909 22996 09902 10280 20269 40063 222// 20000 333 20270 58027 6009/ 555 00090 10810=
42971 21495 70504 10290 20265 40037 71022 85630 333 20255 56190 59011 6996/ 82712 85618 87360 555 00006 10840=
43003 21495 72703 10276 20253 40076 70562 84830 333 20260 58016 6003/ 83618 83825 85358 555 00027 12432=
43014 21596 73204 10252 20217 39433 40070 70542 84530 333 20232 58009 6995/ 84620 86360 555 00005 10448=
43041 21495 80204 10260 20234 39412 40016 70522 8561/ 333 20241 59028 6002/ 82715 85620 88458 555 00023 11091=
43063 22597 62702 10246 20220 39456 40074 84730 333 20215 56690 58001 6006/ 82722 83626 555 00056 10925=
43086 21597 80000 10272 20254 39859 40034 70262 8457/ 333 10304 20258 59020 6003/ 555 00031 10780=
43110 21496 62905 10275 20254 40088 72122 84830 333 20251 58008 6017/ 82618 84822 85358 555 00172 13572=
43117 32597 82302 10254 20234 40074 8563/ 333 20238 58002 555 10580=
43128 21495 82705 10230 20221 39457 40061 75062 8572/ 333 10294 20223 56699 59009 6006/ 82710 84615 88458 555 00063 10562=
43150 21496 80205 10256 20253 39943 40004 79596 8592/ 222// 20000 333 10283 20252 57931 59033 6048/ 84618 81930 88458 555 00477 10575=
43185 21496 82706 10236 20233 30019 40022 79596 8592/ 333 10271 20234 57990 59021 6184/ 84718 81925 88458 555 01843 10980=
43189 21596 80000 10254 20239 30005 40014 76196 8382/ 333 10270 20245 59030 6054/ 555 00540 10643=
43192 21395 80000 10258 20257 40085 75365 8377/ 333 20244 58005 6045/ 555 00450 13674=
43198 21396 82910 10230 20215 39259 40079 72162 8572/ 333 10282 20212 56699 58001 6003/ 70030 85707 84612 86458 555 00030 10859=
43201 22497 62702 10234 20216 39342 40063 84530 333 10286 20208 58000 6008/ 84612 85358 555 00076 10350=
43213 21597 80000 10244 20238 39743 40059 76162 8487/ 333 10310 20219 59006 6029/ 555 00294 10494=
43233 32496 82510 10232 20214 39279 40092 8662/ 333 10282 20215 56699 59003 555 10397=
43237 21496 89901 10244 20232 39668 40058 76065 8272/ 333 10311 20239 56699 58004 6007/ 81710 88458 555 00065 10317=
43245 21596 80000 10258 20249 30031 40057 76066 8487/ 333 10323 20250 59003 6005/ 555 00049 10268=
43279 21496 82902 10266 20243 30049 40066 71022 8447/ 333 10326 20228 59003 6019/ 83620 86360 90939 91039 91925 99927 555 00188 10595=
43284 21096 81103 10252 20240 39981 40097 72162 8467/ 333 10300 20236 56699 58004 6009/ 70089 82701 83612 88458 555 00089 13221=
43295 22496 72304 10218 20191 39083 48491 84631 333 10270 20200 56599 58001 6007/ 83710 83612 85358 555 00065 10527=
43310 22596 62302 10268 20257 40084 83321 333 20245 58016 6009/=
43314 22497 70000 10280 20254 40102 83771 222// 21001 333 10307 20256 58000 6015/ 555 00147 11758=
43321 31496 69902 10256 20223 39642 40086 70522 82435 333 10314 20231 59005 83612 85358 555 10100=
43329 22997 30000 10270 20256 30054 40067 81031 333 10330 20237 59005 6003/ 555 00028 10347=
43333 21496 72303 10268 20251 40097 70562 85430 333 20232 56990 58009 6033/ 83618 85820 87360 555 00334 11445=
43344 31496 72514 10294 20233 39982 40081 70522 83521 333 10363 20270 59007 83616 86458 555 10267=
43353 21496 73405 10266 20249 40105 71061 81720 333 10274 20248 56790 59010 6041/ 81707 83612 85458=
43369 21496 82702 10270 20270 40106 76062 8447/ 333 10299 20243 59001 6025/ 84618 86458 555 00246 11184=
43371 21496 60000 10258 20252 30033 40106 71562 85701 333 10270 20248 56709 59016 6024/ 83709 83820 555 00240 10860=
43404 22470 72204 10299 20269 30078 40081 52020 83000 333 10316 20274 553// 20238 59002 60008 70000 91007==
43410 22470 3//// 10295 20228 30081 40084 57/// 82000 333 10314 20268 3/028 59004 60008 70000==
43413 22470 62206 10298 20252 30090 40095 51020 86200 333 10313 20278 553// 20289 58001 60008 70000 91010==
43415 22470 52302 10290 20247 39987 40095 85000 333 20251 59003 60008 70000==
43418 22470 32302 10295 20231 30045 40086 52012 81101 333 10303 20260 58002 60008 79999==
43421 22470 32603 10294 20273 39993 40097 52017 83000 333 10336 20254 553// 20252 58001 60008 70000 91006==
43422 22470 52502 10275 20245 39964 40097 53016 84106 333 10277 20244 3/024 58000 60008 70017==
43424 22470 42304 10293 20255 30097 40099 51017 81000 333 20265 58004 60008 70001==
43436 22/70 41401 10302 20245 30085 40088 52013 84000 333 20260 3/025 59001 60008 70000==
43441 21470 32302 10272 20246 39969 40101 52015 70382 82201 333 10272 20243 3/024 58001 60028 70316==
43444 21570 72303 10250 20212 39573 40103 52013 70382 83000 333 10254 20221 58000 69928 70087==
43450 21465 72304 10284 20257 30101 40113 52017 70382 86120 333 10285 20253 3/025 553// 20010 59010 60018 70108==
43466 21470 82304 10244 20222 30110 40118 5/024 78082 88070 333 10300 20244 553// 20048 58006 60018 70065 91008==
43467 21/40 82702 10292 20253 30114 40120 52025 78022 333 20254 58009 69908 70132 83712 85816 84918==
43473 21/60 82808 10158 20158 38124 48489 51011 75086 333 10179 20145 3/014 553// 20154 59002 60008 70083 86708 88810 91013==
43475 22470 82202 10279 20223 30092 40097 52015 87220 333 10355 20264 553// 20072 58000 60008 70000 91006==
43476 22470 62303 10226 20176 38767 48514 5/010 83000 333 10226 20196 59008 60008 79999==
43479 22470 60901 10234 20207 39257 84000 333 10259 20206 58000 60018 70011==
43486 21465 80101 10274 20274 30015 40115 5/017 70582 83000 333 10312 20239 553// 20176 58003 60008 70000 91003==
43495 22470 73201 10270 20256 30099 40112 52/// 87/// 333 20246 58004 60008 70560 81920==
43497 21470 82802 10266 20000 30089 40106 5/015 70282 85000 333 10307 20235 553// 20126 58001 60008 70320 91004==
44212 42/84 50203 10167 20091 39123 40192 57002 85080==
44213 42984 00402 10166 20026 38810 40185 57002==
44214 42970 00000 10132 20001 38314 40200 58002==
44215 42670 20301 10144 20026 38444 40197 54000 82100==
44217 32998 00000 10086 21006 37906 40252 53003 333 91200=
44218 42684 20801 10183 20023 38635 40180 54000 82100==
44219 32999 01903 10164 20035 38647 40188 52003 333 91203=
44265 42984 00201 10161 20044 38865 40198 52002==
44266 32699 20705 10123 20010 37829 40205 52006 82200 333 91110 91208=
44404 22358 10903 10248 20216 38123 48448 81100 333 20188 59002 69904=
44416 22460 30102 10284 20251 39300 40035 82400 333 20240 59013 60004=
44424 22960 11802 10189 20137 37679 47104 80001 333 20124 59010 60054=
44434 21356 21103 10284 20244 39180 48493 70140 81130 333 20234 59016 60004=
44438 22558 13606 10330 20270 39920 40041 81100 333 20281 59015 60004=
44449 22562 10802 10322 20294 39891 40040 81100 333 20265 59017 60004=
44454 22457 30902 10267 20228 38634 48476 83800 333 20217 59015 60004=
44462 22360 60903 10240 20207 38246 48456 82406 333 20195 59008 69904=
44474 22156 32902 10236 20189 38247 48483 82201 333 20179 59010 60084=
44477 22558 62602 10270 20241 38791 48506 82102 333 20210 59005 60004=
44478 22556 50902 10320 20284 39956 40038 82130 333 20278 59016 60004=
48010 42556 72201 10290 20266 39898 40047 84870 333 59010==
48020 42458 51802 10300 20253 83830==
48025 42356 70000 10290 20259 31004 40073 59007 85870==
48031 42257 41401 10232 20198 86840==
48048 42557 61803 10290 20248 30020 40075 85950 333 58000==
48052 22456 70000 10289 20230 84830 333 56990=
48062 41456 81407 10260 20246 30067 40074 75051 85970 333 58016==
48064 42456 50401 10286 20250 30000 40057 84831 333 58003==
48071 42456 81302 10285 20274 30075 40083 8697/ 333 58015==
48094 42458 51301 10280 20250 30079 40089 84940 333 58014==
48109 41440 82301 10258 20246 30067 40070 75062 8697/ 333 59011==
50557 14/80 /3002 10198 20097 39801 40086 57015 60001 333 10229 20082 3/008 58041 70000 90761 91106==
51076 14/80 /1901 10183 20080 39349 40192 52004 60001 333 10221 20097 3/009 58010 70000 90761 91103==
51087 14/75 /1902 10177 20069 39217 40195 52002 60001 333 10218 20103 3/008 58016 70000 90761 91104==
51156 14/80 /2102 10163 20056 38721 40186 57002 60001 333 10205 20082 3/007 58009 70000 90761 91105==
51243 14/80 /0802 10240 20107 39652 40164 57002 60001 333 10283 20188 3/018 59008 70000 90761 91107==
51334 14/80 /3401 10229 20113 39779 40159 57003 60001 333 10287 20118 3/012 59018 70000 90761 91104==
51379 14/80 /1001 10226 20087 39286 40185 57004 60001 333 10226 20117 3/010 59007 70004 90761 91104==
51463 14/80 /3301 10202 20062 39042 40173 57005 60001 333 10207 20142 3/010 59014 70000 90761 91104==
51573 14/76 /0903 10304 20082 30087 40133 52011 60001 333 10320 20239 3/023 58077 70000 90761 91108==
51644 14/77 /0502 10242 20105 38944 40122 52010 60001 333 10291 20173 3/019 58062 70000 90761 91106==
51656 14/79 /2502 10227 20145 39133 40128 52009 60001 333 10249 20195 3/020 58058 70001 90761 91106==
51709 14/80 /2403 10216 20101 38630 40116 52010 60001 333 10294 20162 3/015 58032 70000 90761 91104==
51711 14/80 /2403 10159 20084 38057 40110 52005 60001 333 10246 20125 3/010 58039 70000 90761 91106==
51716 14/63 /0000 10213 20187 38903 40127 52012 60001 333 10269 20182 3/017 58038 70000 90761 91102==
51765 14/66 /1102 10225 20100 39191 40123 52011 60001 333 10314 20217 3/022 58068 70000 90761 91108==
51811 14/75 /0401 10200 20137 38785 40117 52020 60001 333 10288 20195 3/018 58032 70000 90761 91107==
51818 14/65 /1002 10220 20146 38642 40114 52011 60001 333 10289 20192 3/019 58025 70000 90761 91104==
51828 14/56 /3202 10175 20170 38657 40143 52019 60121 76200 333 10259 20175 3/018 58038 70121 90761 91107==
51886 14/57 /1902 10147 20111 37179 40066 52009 60011 70500 333 10263 20123 3/014 58026 70011 90761 91108==
52203 14/76 /1504 10247 20074 39303 40127 52006 60001 333 10322 20197 3/020 58074 70000 90761 91107==
52602 14/80 /3204 10175 20104 37310 40045 52005 69981 333 10288 20143 3/014 58026 70008 90761 91112==
52681 14/76 /3205 10236 20151 38635 40082 52012 60001 333 10353 20209 3/022 58086 70000 90761 91111==
52818 14/63 /2803 10200 20087 37285 40009 52004 60001 333 10311 20158 3/015 58031 70000 90761 91109==
52908 14/80 /0701 10120 20030 35872 40011 52006 60001 333 10192 20037 3/002 59001 70000 90761 91105==
53463 14/80 /0501 10233 20168 38815 40064 57009 69911 333 10316 20195 3/020 59033 70001 90761 91103==
54857 14/58 /1804 10288 20244 30016 40104 57007 60001 333 10328 20265 3/024 58014 70000 90761 91106==
55228 14/75 /1202 10087 20053 36124 40034 52019 69971 76000 333 10208 20086 3/008 58021 70007 90761 91108==
55299 14/74 /2502 10130 21013 35948 49995 52006 60001 333 10209 20032 3/001 59015 70000 90761 91104==
55578 14/80 /1602 10173 20043 36451 40020 52006 60001 333 10226 20074 3/009 59007 70000 90761 91104==
55591 14/78 /1202 10179 20048 36589 49981 52006 60001 333 10250 20121 3/009 59021 70000 90761 91105==
55664 14/80 /1901 10126 20007 36099 40035 52004 60001 333 10199 20048 3/005 58001 70000 90761 91106==
55773 14/80 /1801 10095 20049 36098 40067 52007 69921 333 10149 20045 3/003 59006 70002 90761 91106==
56004 14/80 /3302 10120 20022 35928 40002 52003 60001 333 10208 20036 3/101 59004 70000 90761 91106==
56018 14/80 /1201 10171 20051 36269 49964 57001 60001 333 10255 20085 3/007 59010 70000 90761 91110==
56116 14/80 /2201 10180 20039 36414 49950 52003 60001 333 10269 20097 3/008 59019 70000 90761 91106==
56299 57970 85709 88360=
56312 14/80 /1603 10187 20122 37127 40014 57001 60001 333 10302 20153 3/015 59026 70000 90761 91105==
57494 14/64 /1001 10345 20250 30065 40093 57006 60001 333 10350 20261 3/026 58007 70000 90761 91104==
58847 14/61 /2401 10335 20260 39996 40092 57008 60001 333 10357 20280 3/027 58007 70000 90761 91104==
62306 42960 00000 10233 20031 40120 57003==
62332 42960 0//// 10268 20237 40111 52001==
62366 45960 01003 10262 20207 40104 57006==
62387 32960 03208 10254 20180 40104 52001=
62393 42960 00000 10264 20138 40126 54000==
62405 42960 01602 10305 20103 40087 52001==
62414 42960 03406 10314 20150 40087 52001==
62420 32960 01201 10260 20113 40010 52004=
62435 42960 03504 10311 20112 40085 52002==
62458 32960 03306 10272 20152 40087 54000=
