SIPK OPKC 300900Z=
41506 22697 71806 10240 20156 38493 48492 84520 333 56990 58068 60007 84640 84460 60%=
41504 22596 80904 10185 20128 37845 48467 86710 333 56990 58020 60007 83720 83640 88460 Rh70%=
41507 22696 81802 10275 20210 39228 49721 8351/ 333 5699/ 58041 60007 83640 85460 68%=
41508 22496 81302 10247 20185 38646 48524 8572/ 333 5699/ 58037 60007 82710 83635 85460 69%=
41509 21697 81804 10250 20173 38731 48484 76120 8572/ 333 5699/ 58072 69907 82720 83635 86458 62%=
41510 12696 80000 10175 20151 37917 48504 70262 8352/ 333 56990 58034 60017 83635 85460 86%=
41515 22697 80000 10233 20156 38527 48492 83520/ 333 5699/ 58054 60007 83658 85458 61%=
41516 21396 80000 10220 20174 38543 48503 75052 8651/ 333 5699/ 58017 69907 83710 83640 88460 RH75%=
41517 21496 70000 10190 20134 37812 48503 70422 85620 333 56990 58021 60007 82715 83630 87460 70%=
41518 22596 80000 10239 20162 38/// 48/// 8672/ 333 5699/ 5//// 60007 83720 83640 88461 62%=
41519 21596 70000 10245 20185 38745 48497 75052 84720 333 56990 58017 69907 81730 83640 85462 R69%=
41520 22596 80000 10185 20119 37641 48236 8562/ 333 5699/ 58009 60007 82720 83640 88462 66%=
41523 21696 80000 10245 20218 39066 48506 76162 8572/ 333 5699/ 58044 60017 82720 83640 85558 88%=
41524 22697 80000 10250 20206 39306 40136 8352/ 333 5699/ 58057 60007 83640 85460 RH 77%=
41525 21696 80504 10150 20134 37703 48398 76166 8352/ 333 5699/ 58031 60027 83640 85460 RH90%=
41528 21696 80000 10220 20213 39173 48486 76166 8552/ 333 5699/ 59003 60057 85640 88460 96%=
41534 22696 80000 10250 20243 39694 40096 76162 8452/ 333 5699/ 58050 60037 84640 85460 96%=
41535 01696 80000 10200 20192 38706 48482 6001 76066 8452/ 333 5699/ 58030 60087 84635 86460 RH95%=
41536 21496 80000 10210 20203 39008 48494 76066 8572/ 333 5699/ 58007 60057 82720 83630 88460 96%=
41560 22697 60000 10210 20180 38298 48517 83520 333 56990 58022 60007 83630 83460 Rh83%=
41562 22697 70502 10305 20225 39628 40070 83520 333 56990 58042 60007 83640 84460 RH 62%=
41565 22395 83102 10183 20180 38635 48506 83730 333 85460 60057 100%=
41567 21696 80000 10240 20225 39662 40068 70402 83530 333 56990 59028 60007 83640 85460 91%=
41571 21695 70912 10225 20225 39529 40099 76062 85830 333 56990 58040 60127 RH100%=
41572 21495 80512 10230 20230 39465 40073 76196 8572/ 333 5699/ 58027 60029 81715 84640 88460 RH100%=
41573 21696 81306 10160 20144 37986 48499 76062 8452/ 333 56990 58017 60057 84640 84460 90%
41574 21696 80504 10185 20185 38353 48528 76366 8452/ 333 5699/ 58027 60047 84640 88460 100%=
41576 21697 70504 10265 20258 40105 72162 84520 333 56990 58040 60017 84640 87460 96%=
41577 21596 80502 10220 20220 39495 40097 76066 8562/ 333 5699/ 58030 60177 81725 84640 88460 RH 100%=
41593 21696 70902 10275 20254 39855 40061 70422 83520 333 56990 58029 69907 83640 86460 88%=
41597 21996 60000 10260 20246 40097 70422 86030 333 56090 58040 60007 86362 92%=
41598 21696 61502 10260 20253 39806 40070 72096 83570 333 56990 58045 60017 83645 86460 96%=
41599 21696 73604 10270 20234 39794 40073 70422 83470 333 56990 58027 60007 83460 84640 81%=
41600 21696 80502 10290 20255 40067 70422 8352/ 333 5699/ 58023 60007 83645 86460 81%=
41620 32696 83604 10255 20170 38535 48441 86510 333 56990 58014 60007 86640 82460 60%=
41624 22697 50502 10300 20243 40060 82520 333 56990 58041 60007 82637 83460 72%=
41625 22697 70504 10300 20243 40054 83520 333 56990 58032 60007 83637 84460 72%=
41630 21696 70906 10310 20261 40060 70462 83570 333 56990 58027 60007 83640 85460 75%=
41633 22697 80000 10290 20232 4//// 8452/ 333 5699/ 5//// 60007 84640 86460 71%=
41634 22697 60000 10245 20231 3//// 4//// 82640 333 56990 5//// 60007 82640 84460 92%=
41635 21696 80502 10280 20250 3//// 4//// 70422 8452/ 333 5699/ 5//// 60007 84640 88460 85%=
41636 21696 30000 10310 20269 39879 40056 70412 84500 333 56900 58022 60007 83640 79%=
41638 21696 60502 10300 20258 4//// 70492 83570 333 56990 5//// 60007 83640 84460 78%=
41639 21696 70502 10260 20215 4//// 83570 333 56990 5//// 69907 70452 83640 84460 RH76%=
41640 21696 80000 10325 20255 39822 40058 70422 83470 333 56990 58031 60007 83460 85640 67%=
41641 21696 60707 10325 20240 39799 40059 71722 84920 333 56990 58030 60007 81930 83640 84460 61%=
41642 22697 70000 10275 20261 4//// 83570 333 56990 5//// 60217 83640 85460 92%=
41643 21696 60000 10330 20261 39802 40064 70422 83470 333 56990 58026 60007 83640 84460 67%=
41644 21697 80000 10275 20268 4//// 72162 8352/ 333 5699/ 5//// 60047 83640 88460 96%=
41646 21696 70508 10310 20269 40062 70400 84520 333 56990 58030 60007 84640 87460 79%=
41652 21996 70506 10305 20249 39887 40059 70400 83530 333 56990 58037 60007 83640 86360 72%=
41661 22697 61804 10250 20176 38348 48468 86800 333 56900 58039 60007 82835 84640 64%=
41669 22697 50504 10310 20254 3//// 4//// 82520 333 56990 5//// 60007 82640 83460 72% =
41670 21996 30000 10305 20225 4//// 70400 83030 333 56090 5//// 60007 83360 62%=
41674 21696 73108 10300 20293 3//// 4//// 70425 8347/ 333 5699/ 5//// 60007 83840 86460 96%=
41675 21696 60508 10300 20251 39914 40051 70422 86400 333 56900 58039 60007 86840 75%=
41676 21696 73404 10300 20258 39926 40077 70400 85520 333 56990 58032 60007 85635 87460 78%=
41677 21696 60504 10320 20279 39878 40036 70400 83530 333 56990 58029 60007 83640 83360 79%=
41678 21696 60000 10340 20265 40047 70500 83520 333 56990 58034 60007 83640 83460 65%=
41679 21996 40000 10325 20270 4//// 70411 84030 333 56090 5//// 60007 84460 73%=
41680 21696 60000 10325 20278 40045 70422 83470 333 56990 58030 60007 83640 84460 76%=
41685 22697 50504 10285 20197 38863 48466 82220 333 56990 58012 60007 82840 83460 59%=
41696 22697 80000 10175 20160 37959 48459 84520 333 56990 59005 60147 84640 84460 Rh91%=
41697 22697 80000 10310 20269 40037 8452/ 333 5699/ 58044 60007 84640 84460 RH79%=
41700 21996 80504 10310 20254 40040 71752 84930 333 56990 58040 69907 81930 84640 84360 73%=
41701 21595 70504 10280 20273 40051 76296 85920 333 56990 58039 60057 81930 84840 84460 96%=
41710 21995 00000 10360 21009 49965 70600 333 58023 60007 10%=
41712 21995 40504 10350 20027 39099 48461 70600 84010 333 56090 58034 60007 84460 RH13%=
41715 21696 70504 10305 20256 40036 70522 83531 333 56999 58035 60007 83635 84360 RH75%=
41716 21696 60508 10310 20269 40044 70422 86400 333 56900 58039 60007 86430 79%=
41718 21696 60504 10315 20281 40036 70422 83520 333 56990 58044 60007 83640 83460 82%=
41724 21696 60508 10330 20261 40044 70522 83530 333 56990 58033 60007 83640 83360 RH67%=
41725 22596 60508 10325 20255 40020 84830 333 56990 58027 60007 84835 83360 RH67%=
41726 22696 73606 10320 20272 39964 40031 83530 333 56990 58053 60007 83640 84360 RH76%=
41738 22996 40506 10420 21007 49977 84040 333 56090 59001 60007 84460 RH07%=
41739 21996 53608 10310 20059 38951 48438 85030 333 56090 58011 60007 85360 RH21%=
41742 22697 70508 10350 20229 49979 87500 333 56900 58011 60007 82830 85640 RH 49%=
41743 21696 80508 10310 20258 70300 84530 333 56990 60007 84635 84360 RH 78%=
41745 21696 80506 10300 20243 70500 84530 333 56990 60007 84635 84360 RH72%=
41746 22696 51804 10290 20255 40016 76202 82530 333 56990 58028 60017 82640 83360 RH81%=
41747 22696 80510 10330 20261 40014 86530 333 56990 58025 60007 86640 82360 RH67%=
41748 22696 80504 10305 20278 40027 84630 333 56990 58027 60047 84635 84360 RH85%=
41749 21696 50510 10315 20236 40002 72050 83530 333 56990 58010 69907 83635 82360 RH63%=
41756 21996 01806 10320 20250 49989 70504 333 59013 60007 RH67%=
41757 22996 41806 10330 20246 39993 40005 80001 333 56009 59004 60007 83070 RH61%=
41759 21996 52302 10360 20240 49986 70511 85010 333 56090 59005 60007 85460 RH50%=
41760 21595 81306 10320 20272 49983 75000 83630 333 56990 59010 60007 83720 88458 RH 76%=
41764 22696 80616 10290 20232 39948 49996 86870 333 56990 58035 60007 86835 85460 RH71%=
41765 22596 53608 10290 20240 39966 40001 86720 333 56890 58031 60007 82725 82635 81460 RH74%=
41766 22696 70508 10285 20250 49982 84530 333 56990 58024 60007 83720 85360 RH81%=
41767 22996 8//// 10285 20250 88830 333 56990 60007 84835 84360 RH81%=
41768 22596 41804 10285 20250 30009 40016 84600 333 56400 58015 69947 82720 83635 RH81%=
41780 22596 70520 10290 20240 39944 49971 70266 86630 333 56990 59009 60017 83720 84630 86360 RH74%=
41783 22696 80512 10270 20249 39937 49966 70500 84520 333 56990 58006 60007 84635 84460 RH 88%=
41785 22697 60908 10285 20242 39980 49992 83530 333 56290 58042 60007 83640 83360 RH 78%=
41786 22596 61314 10280 20229 49988 84630 333 56390 58073 60007 82720 82630 82362 RH74%=
41BAG 21496 80502 10150 20134 75052 8632/ 333 60007 82718 84635 88460 90%=
41BKI 21696 80504 10270 20226 39685 40086 72996 8452/ 333 5699/ 58057 60027 84635 88460 RH77%=
41SKP 21696 50904 10300 20256 4//// 70492 83530 333 56990 5//// 60007 83640 84360 82%=
43532 21696 80000 10220 20213 39304 40080 72166 8552/ 333 5699/ 58029 60057 85640 88460 96%=
43533 22696 70000 10235 20213 39190 48486 84520 333 56990 58023 60017 84640 86460 88%=
43563 21697 80504 10222 20205 40094 70266 83520 333 56990 58040 60077 83640 85460 91%=
41744 01696 80000 10230 20131 38684 48418 83520 333 56990 59010 60017 83460 85460 RH 54%=
41529 22696 81302 10275 20216 39734 40101 84520 333 56990 58064 60997 84640 85460 RH 70%=
41660 22697 71316 10250 20151 38389 48474 85330 333 56990 58047 69907 81830 84840 85358 54%=

41530 Not Received

Data Generated from File : D:\all data handling\Rmc_lhr\2024083009.FSU.txt
30/08/24 10:03:00
______________________________________________________________
15007 25570 63204 10250 20140 39739 40184 50005 7000/ 82570 333 55304 0//// 21345 3//// 60007 91006 91107=
15020 21570 52903 10264 20143 39989 40176 50000 70262 82570 333 55304 21415 69907 91006 90730 91106==
15023 25570 73104 10236 20138 39760 40166 50002 7000/ 84570 333 55301 0//// 20990 3//// 60007 91006 91106=
15056 27570 72904 10246 20158 39835 40168 57006 7238/ 84570 333 55300 0//// 20718 3//// 69907 91005 91106=
15069 25998 40904 10221 20126 39153 42832 52006 7000/ 83031 333 55308 0//// 22032 3//// 60007 91007 91107=
15073 21598 73303 10238 20143 39736 40181 50001 72582 84370 333 55303 0//// 21242 3//// 69937 91005 91105=
15090 21570 72802 10228 20176 30084 40173 55000 70186 85570 333 55301 00620 21035 30884 69967 91002 90730 91103==
15107 21670 61104 10229 20111 39409 42836 53006 70342 84370 333 55304 0//// 21338 3//// 60007 91008 91108 95000=
15108 22260 70804 10121 20092 38159 48554 52007 85840 333 55302 21035 60007 91007 90730 91109==
15109 21598 82605 10209 20150 39760 40178 50005 72582 8437/ 333 55300 0//// 20867 3//// 69907 91009 91109=
15111 21570 73205 10232 20154 39914 40166 54000 70262 84570 333 55300 0//// 20847 3//// 69907 91008 91108=
15113 21570 72903 10248 20151 30006 40161 57004 70262 85570 333 55302 0//// 21230 3//// 69917 91005 91105=
15127 21570 70904 10225 20119 39335 42831 52004 70241 82270 333 55309 0//// 22095 3//// 60007 91008 91108 95000=
15148 25470 60404 10184 20108 38764 48546 53012 7000/ 82246 333 55310 0//// 22612 3//// 60007 91008 91108=
15150 21570 82901 10221 20164 39967 40171 50000 76062 8557/ 333 55300 20427 69917 91003 90730 91104==
15154 21570 83002 10242 20170 30018 40154 57004 70262 8457/ 333 55306 0//// 21724 3//// 69927 91005 91106=
15168 25/70 /1802 10206 20169 39583 42830 51009 7000/ 333 55305 0//// 21617 3//// 60007=
15170 24570 72001 10202 20144 39428 42826 50008 83370 333 55301 21171 60007 91002 90730 91102==
15194 21570 72705 10192 20175 39889 40174 50003 78082 85370 333 55300 0//// 20417 3//// 69997 91008 91108=
15197 25/70 /0302 10237 20168 39956 40157 57002 7000/ 333 55300 0//// 21048 3//// 60007=
15215 25598 73201 10196 20164 39603 42831 51009 7000/ 85370 333 55301 0//// 21088 3//// 60007 91002 91103=
15217 25569 72401 10189 20159 39531 42826 50004 7000/ 85370 333 55304 0//// 21268 3//// 60007 91002 91103=
15219 25/70 /2907 10216 20167 30038 40157 50001 7000/ 333 55301 0//// 20971 3//// 60007=
15238 21570 71300 10209 20167 39583 42830 50006 70362 86360 333 55302 0//// 21279 3//// 69927 91002 91103=
15261 25562 73303 10182 20153 39392 42839 50004 7000/ 87300 333 55303 0//// 21213 3//// 60007 91004 91105 95060=
15262 21/92 90408 10106 20102 38259 48537 50007 74544 333 55302 0//// 21052 3//// 60007 91012 91113=
15265 21570 73307 10237 20176 30080 40151 54001 70262 82570 333 55303 0//// 21315 3//// 69907 91011 91112=
15280 21/00 90512 10059 20059 37566 47140 52005 74544 89/// 333 55300 20159 60007 91015 90730 91117==
15300 25598 63502 10205 20167 39570 42829 52008 7000/ 83370 333 55305 0//// 21517 3//// 60007 91004 91105=
15301 21565 60201 10145 20132 38672 48555 51008 70282 86300 333 55300 0//// 20860 3//// 69917 91005 91105 95010=
15302 25670 73001 10152 20141 38966 48543 52007 7000/ 87300 333 55300 0//// 20729 3//// 60007 91003 91104 95000=
15307 22570 40104 10258 20141 39965 40142 50003 84200 333 55301 0//// 21119 3//// 60007 91010 91110=
15310 21570 73502 10236 20166 30061 40143 53006 70262 84570 333 55300 00440 20771 30678 69917 91006 90730 91107==
15324 21570 81001 10169 20151 39395 42815 50009 72582 8537/ 333 55300 0//// 20231 3//// 60027 91002 91107=
15325 25470 63602 10140 20104 38520 48531 51007 7000/ 83370 333 55300 0//// 20767 3//// 60017 91008 91109 95040=
15328 25970 53503 10267 20126 39811 40141 58002 7000/ 85070 333 55305 0//// 21682 3//// 60007 91007 91108=
15335 21561 82201 10206 20196 30134 40141 52010 79598 8597/ 333 55300 20187 60027 91003 90730 91104==
15336 21558 83002 10195 20189 30130 40132 50009 7959/ 889// 333 55300 0//// 20076 3//// 60047 91004 91105=
15349 25570 33302 10249 20142 39622 40146 50003 7000/ 83200 333 55301 0//// 21014 3//// 60007 91005 91105=
15350 21570 50206 10271 20125 30032 40145 50004 70282 85200 333 55300 20963 69907 91010 90730 91111==
15360 24569 80208 10246 20212 30109 40125 53006 8497/ 333 55300 20533 60027 91009 90730 91111==
15375 21570 63603 10251 20133 39811 40152 50006 70262 82570 333 55300 0//// 20705 3//// 69917 91004 91105=
15377 25597 40403 10276 20135 39937 40140 50001 7000/ 84300 333 55304 0//// 21273 3//// 60007 91005 91105=
15387 21568 62904 10204 20201 30123 40127 50003 71798 86900 333 55300 0//// 20058 3//// 60117 91007 91107=
15402 21570 70605 10264 20153 30072 40143 50005 70288 87900 333 55306 0//// 21896 3//// 69947 91009 91110=
15405 25570 70306 10230 20178 30089 40149 52008 7000/ 82570 333 55300 0//// 20616 3//// 60007 91009 91109=
15406 27564 83504 10202 20186 30089 40134 50001 7818/ 889// 333 55300 0//// 20316 3//// 60027 91006 91107=
15408 27470 83504 10192 20173 39875 40133 58003 7236/ 886// 333 55300 0//// 20176 3//// 60147 91007 91109=
15409 27/57 /3508 10193 20181 30089 40135 53009 7626/ 333 55300 0//// 20323 3//// 60067=
15419 25570 83602 10245 20156 39970 40155 50003 7000/ 8637/ 333 55300 0//// 20702 3//// 60007 91004 91105=
15420 24570 70503 10245 20152 30039 40144 51004 85360 333 55300 20855 60007 91007 90730 91109==
15421 25670 70102 10247 20149 30047 40153 50003 7000/ 83370 333 55301 00637 21082 30898 60007 91004 91109=
15422 25570 70403 10261 20150 30047 40143 50003 7000/ 84370 333 55300 0//// 20793 3//// 60007 91006 91106=
15425 25570 70107 10230 20175 30077 40139 55002 7000/ 83270 333 55302 0//// 21128 3//// 60007 91011 91111=
15434 22970 43001 10278 20152 39955 40153 54000 84070 333 55307 0//// 21673 3//// 60007 91003 91104=
15444 22570 70204 10217 20181 30065 40135 55001 70000 83370 333 55300 0//// 20777 3//// 69907 91007 91108=
15455 25570 70103 10262 20152 30024 40148 50001 7000/ 84370 333 55303 0//// 21352 3//// 60007 91005 91107=
15460 24570 83603 10229 20175 30115 40138 55001 8557/ 333 55304 21209 60007 91006 90730 91107==
15462 25570 73405 10213 20189 30045 40128 51003 7000/ 87900 333 55300 0//// 20854 3//// 69907 91008 91109=
15470 24/70 73103 10263 20150 30030 40149 50001 87070 333 55301 21180 60007 91004 90730 91104==
15475 22597 43502 10250 20176 30119 40138 58002 84300 333 55308 0//// 21803 3//// 60007 91005 91105=
15479 25570 73305 10211 20176 39946 40132 55001 7000/ 87300 333 55304 0//// 21447 3//// 69917 91008 91108=
15480 24570 73103 10227 20189 30106 40122 55000 87900 333 55301 00740 21209 31059 69927 91006 90730 91109==
15489 25570 73103 10264 20139 30059 40148 50001 7000/ 83370 333 55302 0//// 21223 3//// 60007 91005 91105=
15491 21570 72501 10246 20179 30115 40144 58003 70282 84370 333 55300 0//// 21047 3//// 69927 91003 91104=
15499 25570 73003 10215 20194 30109 40118 55000 7000/ 87900 333 55300 0//// 20850 3//// 60027 91007 91107=
15549 42570 63403 10216 20160 39734 40128 58001 86500 333 10231 20176 555 571//=
15552 42470 70201 10248 20189 30066 40112 52007 85830 333 10251 20213 555 570// 92035 92438=
15640 42674 72710 10229 20164 39827 40122 54000 86350 333 10235 20217 555 567//=
15655 42570 60508 10279 20159 30081 40112 52001 83230 333 10279 20231 555 548// 92035 92438=
15730 42670 73607 10254 20126 39753 40125 58001 86931 333 10259 20192 555 545//=
16627 42575 32010 10274 20169 30114 40119 56006 81160 333 81820 83358 90730 91114==
16650 42460 10307 10280 20169 30118 40126 52004 81130 333 90730 91116==
16667 42960 03508 10296 20206 30109 40119 50000 333 90730 91114==
16706 42660 10704 10282 20217 30102 40109 57001 81100 333 90730 91110==
16723 42960 00112 10304 20173 30093 40106 57002 333 90730 91115==
16732 46/// /3610 10276 20204 30111 40121 52003 333 90730 91112==
16742 42960 03508 10300 20204 39965 40111 52006 333 90730 91117==
16749 42960 12515 10308 20193 30079 40093 52003 80001 333 90730 91118==
16754 42560 23112 10294 20204 30081 40127 52007 82201 333 90730 91116==
16757 42560 23009 10284 20238 39995 40121 52005 82130 333 90730 91116==
16760 42460 23406 10288 20184 40125 52006 82100 333 90730 91110==
17022 42670 33007 10267 20189 39955 40112 52007 83200 333 83834 90730 91113==
17024 42970 00102 10269 20258 30027 40100 50003 333 90730 91104==
17026 42570 33108 10285 20228 30068 40105 58002 83200 333 83830 90730 91111==
17031 41570 61102 10266 20207 30095 40101 58001 70282 84250 333 84830 86360 90730 91107==
17034 41570 73007 10241 20204 30069 40113 50006 71722 84950 333 84830 87360 81925 90730 91112==
17038 41470 73204 10263 20198 30055 40100 55001 70282 87200 333 83716 87830 90730 91117==
17042 42670 72603 10248 20224 30066 40103 57001 84250 333 84835 87360 90730 91113==
17050 42670 53303 10291 20159 30067 40126 58007 83270 333 83835 85358 90730 91110==
17056 42670 43205 10277 20185 30107 40111 58003 84200 333 84835 90730 91115==
17060 42560 52511 10250 20183 30077 40123 50005 85200 333 85825 90730 91116==
17070 42665 21202 10271 20126 39262 40077 58013 82200 333 82835 90730 91105==
17074 42570 40301 10254 20187 39204 40085 57008 84200 333 84830 90730 91107==
17084 42670 41702 10270 20144 39234 40084 58008 84200 333 84835 90730 91105==
17085 42670 31902 10294 20161 39627 40083 58011 83200 333 83840 90730 91107==
17092 42/70 33103 10282 20120 38802 48461 57017 83030 333 83360 90730 91112==
17096 42560 60917 10243 20098 38214 48460 57016 86900 333 85835 81925 90730 91127==
17098 42660 41009 10238 20117 38196 48486 57018 82140 333 82840 84358 91019 90730 91119==
17100 42970 01201 10303 20135 39134 40055 57025 333 90730 91105==
17112 42570 20403 10283 20159 30115 40117 58004 82100 333 82830 90730 91110==
17115 42660 43009 10275 20170 30072 40120 58001 84200 333 84835 90730 91115==
17116 42670 32807 10288 20174 39997 40111 58002 83200 333 83835 90730 91114==
17124 42660 33304 10256 20136 39231 40095 57011 83100 333 83840 90730 91110==
17128 42670 42108 10262 20129 39047 40073 58008 84200 333 84840 90730 91116==
17135 42670 22403 10264 20161 39256 40077 58009 82100 333 82840 90730 91105==
17140 42665 32401 10238 20114 38690 48488 58002 83200 333 83840 90730 91107==
17150 42660 21502 10294 20159 39994 40110 58007 82100 333 82835 90730 91108==
17160 42670 20403 10250 20122 38989 48492 58006 82200 333 82840 90730 91105==
17170 42660 23010 10265 20151 38305 48462 57013 82100 333 82840 90730 91116==
17175 42965 03103 10288 20174 30104 40108 58001 333 90730 91108==
17184 42970 03002 10312 20129 39998 40102 57009 333 90730 91106==
17190 42670 33602 10242 20096 38966 48495 58008 83100 333 83835 90730 91106==
17190 42670 33602 10242 20096 38966 48495 58008 83100 333 83835 90730 91106==
17195 42670 12906 10253 20141 38940 48489 58004 81100 333 81840 90730 91110==
17200 42960 00504 10319 20081 39119 40020 58011 333 90730 91117==
17202 42670 13111 10320 20088 39062 40021 58008 81100 333 81835 90730 91117==
17203 42970 00902 10336 20087 38809 48492 57014 333 90730 91107==
17210 42670 22404 10364 20090 39054 49987 58010 82100 333 82840==
17219 42565 13309 10307 20148 39973 40108 58004 81100 333 81830 90730 91116==
17234 42670 11802 10314 20165 30041 40105 58002 81100 333 81840 90730 91105==
17237 42670 10202 10301 20128 39626 40097 58006 81100 333 81840 90730 91105==
17240 42570 23005 10272 20127 39005 40072 58007 82100 333 82830 90730 91111==
17244 42670 30705 10255 20122 38975 48500 54000 83100 333 83840 90730 91117==
17248 42970 02902 10255 20114 38954 48492 57005 333 90730 91108==
17250 42970 02406 10242 20117 38785 48494 58003 333 90730 91110==
17260 42960 02813 10318 20148 39249 40001 58004 333 90730 91122==
17270 42970 00903 10336 20183 39427 40020 58007 333 90730 91108==
17275 42970 01904 10305 20147 38925 48481 51001 333 90730 91111==
17280 42960 03204 10349 20111 39284 40004 57008 333 90730 91110==
17290 42970 03207 10337 20126 30074 40104 50000 333 90730 91113==
17292 42570 12702 10299 20131 39370 40075 58002 81100 333 81830 90730 91108==
17300 42560 11809 10316 20220 30016 40083 58001 81100 333 81830 90730 91113==
17310 42970 02303 10323 20242 30069 40076 52007 333 90730 91107==
17330 42670 12102 10335 20205 30058 40075 50000 81100 333 81840 90730 91112==
17350 42670 22110 10332 20207 39992 40065 54000 82200 333 82835==
17370 42670 32409 10314 20247 30071 40075 58005 83200 333 83835 90730 91117==
17375 42670 11503 10302 20230 30066 40068 58004 81200 333 81835 90730 91107==
33088 42960 21203 10280 20123 30022 40200 58002 80009==
33135 41940 00702 10268 20132 30066 40204 58003 70540==
33177 42970 00803 10290 20128 39975 40195 58002==
33317 42984 00802 10284 20115 39880 40192 52007==
33393 42/60 20702 10277 20136 39822 40186 52002 82030==
33415 42/70 50503 10288 20148 39813 40180 52002 85030==
33429 42/60 40503 10300 20133 39786 40175 52002 82039==
33466 42970 00604 10298 20067 30007 40180 58002 333 30///==
33506 42960 30906 10298 20041 30000 40181 58002 80001==
33562 42960 20202 10297 20145 39898 40179 58002 80001==
33587 42970 30702 10300 20075 39921 40163 58005 80001==
33658 42/82 63306 10244 20156 39901 40182 52003 86030==
33663 42970 50503 10318 20110 30077 40165 58004 80009==
33664 42598 60502 10298 20114 39870 40162 58001 86200=
33678 42998 62802 10298 20089 39985 40178 57001 80001=
33679 42597 60504 10313 20094 39993 40168 58004 83131=
33711 42/60 60806 10316 20085 39962 40154 54000 82031==
33745 42597 63603 10287 20119 39992 40171 52001 85930=
33748 42997 50203 10270 20148 39889 40153 58001 82031=
33754 42698 60405 10311 20109 30017 40151 58005 82131=
33761 42/70 60607 10299 20100 39944 40149 57005 81034==
33791 42/85 40807 10320 20083 30033 40150 58004 84030==
33815 41598 63603 10265 20126 39950 40143 58002 72582 84831=
33837 41666 70506 10250 20132 30085 40133 58001 70282 82550==
33881 42598 73304 10255 20135 39963 40146 52004 86330=
33883 42598 73603 10257 20138 39986 40138 52002 87300=
33885 42598 60306 10267 20124 30021 40150 57001 83330=
33892 42598 80304 10267 20117 39940 40135 57001 82350=
33902 41560 60302 10266 20160 30080 40135 52004 72598 82359==
33924 42570 70604 10262 20214 30098 40110 57005 87900==
33946 42680 60709 10280 20195 39895 40098 58010 82331 333 91012 90730 91112==
33983 42560 80706 10255 20172 30055 40111 52001 8635/ 333 91010 90730 91111==
34300 42/60 60904 10297 20036 30028 40192 58008 86030==
34336 42970 00903 10319 20000 30106 40201 57009 333 90730 91110==
34344 42970 00904 10323 20041 30116 40196 57010==
34356 42960 01003 10318 20007 30067 40201 58005==
34357 42970 00804 10317 20012 30052 40194 57009==
34398 42970 53502 10323 20058 30191 40200 57010 80003==
34415 42970 21104 10307 20070 30089 40178 58007 80001==
34438 42/// /0707 10308 20050 30008 40183 58008 333 91011 90730 91111==
34445 42970 00806 10315 20022 30086 40190 57012 333 90730 91112==
34461 42960 00903 10325 20006 30148 40198 57009==
34473 42997 10903 10319 20043 30168 40203 58010 80002=
34476 42970 11204 10319 20015 30196 40203 58008 80001==
34504 42980 00906 10300 20074 30000 40160 58003==
34535 42670 50906 10306 20024 30108 40174 58011 82181 333 91011 90730 91112==
34545 42/70 60805 10312 20021 30078 40180 57010 80031 333 91010 90730 91110==
34555 42970 20304 10285 20144 30110 40194 57012 81101==
34560 42960 01005 10298 20049 30022 40197 57007==
34578 42960 01403 10316 20035 30188 40195 57011==
34579 42970 00503 10319 20020 30158 40198 57010==
34644 42560 60806 10307 20038 30091 40161 57010 82802 333 91011 90730 91113==
34646 42/70 80604 10278 20149 30093 40169 57007 82031==
34655 42/60 50806 10324 20008 30119 40174 57009 85030 333 91010 90730 91113==
34662 41970 21005 10321 20015 30177 40187 57011 70700 80001 333 91010==
34691 42970 31402 10331 20034 30209 40198 58012 80002==
34720 42670 70704 10260 20109 30113 40150 56008 86530 333 90730 91111==
34727 42/// /0506 10253 20140 30112 40140 57004 333 91010 90730 91110==
34743 42960 50905 10320 20011 30078 40160 57010 80001 333 91010 90730 91113==
34759 41/60 60807 10317 20040 30035 40154 58010 70732 81031 333 91013 90730 91114==
34772 42970 00806 10320 20007 30179 40182 58013 333 91010 90730 91111==
34785 42970 11007 10325 20019 30207 40186 57012 80001 333 90730 91111 91010==
34798 42970 31005 10327 20107 30217 40191 58011 80001==
34824 42560 80704 10267 20147 30121 40126 57003 8443/ 333 90730 91110==
34838 42560 80804 10259 20133 30036 40125 50001 8697/ 333 90730 91113==
34845 42970 81106 10308 20058 30032 40130 57011 80003 333 91012 90730 91113==
34858 42960 61104 10317 20038 30039 40136 57014 80005 333 91012 90730 91112==
34861 41/60 61310 10301 21006 39927 40149 57009 70711 82031 333 91014 90730 91116==
34866 42970 21108 10325 20007 30164 40157 58012 80001 333 91014 90730 91114==
34880 42960 10904 10316 20082 30203 40179 57008 80001==
34887 41970 00905 10309 20051 30191 40173 57006 70700 333 91010 90730 91112==
34949 42/70 20809 10267 20138 39612 40114 57004 82030 333 91012 90730 91114==
34954 42970 50805 10300 20111 39962 40120 58012 80001 333 91010 90730 91112==
34958 42570 21006 10307 20089 39938 40120 58014 82500 333 91013 90730 91113==
34975 41/20 31307 10320 20053 30148 40145 57011 73130 80031 333 91013 90730 91115==
34984 41960 20908 10310 20056 30194 40166 58005 70700 80001 333 91012 90730 91113==
35217 42660 63402 10316 20123 30162 40198 57010 86200==
35302 42970 00603 10318 20118 30186 40205 58009 82200==
35315 42698 33302 10322 20111 30141 40192 58011 83100=
35344 42699 23205 10251 20066 39921 40185 58007 81101=
35358 42960 20502 10268 20121 30016 40171 57005 82100==
35368 42599 33003 10266 20081 39921 40163 58007 83100=
35386 42598 42802 10240 20081 39671 40145 57007 84100=
35394 42670 62705 10242 20069 39522 40139 58008 86230==
35404 42998 22501 10314 20090 30199 40206 58009 81031=
35406 42960 30902 10312 20095 30201 40203 58012 80002==
35416 42670 51703 10321 20084 30082 40190 57012 85100==
35426 42584 63001 10299 20145 39921 40183 58013 86300==
35437 42698 63401 10304 20106 39898 40180 57013 86100=
35449 42698 22804 10270 20135 30079 40173 57012 82200=
35497 42570 62702 10243 20082 39414 40140 57012 86900==
35498 42698 62505 10250 20112 39344 40139 57008 86500=
35514 42998 23402 10333 20048 30200 40196 58014 80001=
35522 42698 33503 10306 20152 39957 40183 57014 82101=
35542 42699 43608 10296 20105 30043 40176 57011 84200=
35563 42598 52804 10263 20111 39442 40137 57010 83201=
35576 42670 62505 10284 20089 39741 40145 57014 86200==
35582 42698 62206 10272 20121 39614 40155 53001 86200=
35594 42599 23002 10257 20053 39379 40138 57011 82100=
35605 42998 61302 10330 20086 30214 40195 58014 80004=
35633 42698 23102 10305 20080 39986 40178 58012 82100=
35671 42570 62703 10294 20126 39763 40148 57016 86540==
35699 42660 62302 10264 20098 39463 40145 57012 86200==
35700 42970 61103 10330 20043 30216 40195 58011 80004==
35715 42999 00000 10328 20081 30202 40189 58013=
35739 42999 00502 10316 20121 30050 40175 58014=
35746 42670 12502 10328 20103 30111 40171 58016 81100==
35777 42997 00000 10263 20089 39861 40174 52017=
35796 42660 22005 10232 20171 39769 40166 57013 82200==
35849 42970 02102 10315 20103 30099 40175 58017==
35895 42598 30504 10246 20132 39767 40172 57014 83100=
35907 42998 01005 10301 20086 30206 40178 58006=
35925 42970 21104 10327 20053 30079 40179 58017 80004==
35927 42998 21801 10328 20045 30179 58016 80001=
35953 42984 03603 10313 20112 30057 40174 57014==
35969 42984 03601 10320 20035 30014 40169 57016==
35997 42698 20502 10272 20040 39773 40167 58014 82100=
36259 82599 62904 10158 21010 38243 48499 52004 85901 333 91010 91111=
36335 42599 52307 10235 20049 39204 40133 57010 85300=
36358 42599 72302 10231 20043 39209 40133 57009 87300=
36394 42597 72703 10267 20031 39759 40140 57012 87300=
36397 42684 52304 10260 20013 39634 40143 57012 82171==
36403 42698 71802 10246 20078 39820 40147 57007 87900=
36418 42699 71105 10245 20057 39593 40150 57009 87900=
36421 42599 73601 10205 20110 39652 40170 57006 87900=
36428 42684 61704 10235 20075 39714 40170 58006 83930==
36439 42698 72504 10180 20014 38992 48543 58001 85931=
36498 41598 62507 10255 20036 39427 40141 57013 70232 86300=
36501 42699 72707 10256 20168 39452 40127 57012 87200=
36535 42/84 52203 10262 20047 39584 40154 58012 85030==
36546 42699 32203 10258 20074 39675 40162 58011 83300=
36619 42699 42702 10307 20053 84100=
36622 42798 52305 10250 21007 39425 40153 57009 85100=
36639 42584 22302 10263 20058 39603 40149 57013 82200==
36643 42699 33504 10250 20071 39556 40155 57011 83200=
36665 42699 20103 10231 20052 39502 40163 58004 82900=
36666 42599 23202 10233 20104 39724 40173 58007 82100=
36729 42698 50404 10278 20092 39722 40154 57009 82230=
36736 42699 23301 10267 20046 39663 40163 57015 82200=
36744 42998 00804 10285 20059 39757 40161 58014=
36770 42699 22803 10256 20096 39497 40155 57015 82200=
36786 42699 60701 10246 20085 39318 40152 57009 86900=
36796 42698 60000 10217 20033 39051 48552 56003 86200=
36803 42699 30603 10244 20130 39767 40176 58008 83500=
36806 42699 53403 10275 21001 39745 40168 57005 82102=
36819 42598 30203 10264 20041 39605 40161 57010 81101=
36821 42984 03602 10263 20074 39718 40163 57015==
36839 42699 33402 10252 20071 39111 40137 57012 83200=
36843 42798 33502 10239 20082 39075 40147 57008 83200=
36846 42699 22303 10204 20026 38647 48548 57007 82200=
36859 42584 52601 10272 20099 39443 40149 57011 85900==
36870 42660 10501 10262 20176 39211 40127 57010 81200==
36874 42699 33603 10280 20088 39436 40136 58016 83200=
36877 42699 21103 10282 20083 39257 40137 57012 82200=
36885 42999 10502 10250 20083 39114 40143 57009 81100=
36889 42499 63601 10064 20047 37132 47166 52003 86600=
36894 42699 20202 10275 20080 39477 40145 57011 82200=
36905 42699 30702 10221 20080 38773 48546 57007 83200=
36911 42699 12503 10288 20155 39238 40117 57011 81100=
36927 42699 40904 10216 20078 38372 48526 57012 84900=
36934 42599 41802 10190 20098 38295 48415 58004 83332=
36953 42699 30000 10192 20058 38239 48508 53012 83200=
36963 42799 51801 10135 21002 37101 57001 85500=
36974 42798 32702 10220 20056 38006 48523 57005 83200=
36982 42599 32804 10104 21054 36596 47152 57005 83200=
37018 42670 71201 10289 20170 30029 40098 52002 87400==
37031 42560 81402 10279 20164 39930 40110 57003 82571==
37054 42/70 50603 10271 20150 39761 40114 58009 80031==
37061 41960 21006 10312 20125 39964 40118 57014 70711 80001 333 91012 90730 91113==
37085 42970 00812 10302 20134 30162 40137 58002 333 91017 90730 91117==
37171 41570 83002 10259 20230 30073 40090 58007 79522 8695/ 333 86927==
37228 42560 72701 10239 20153 39325 40098 57007 87500==
37235 42970 03302 10280 20162 39811 40102 57011==
37472 42960 01406 10276 20221 30141 40120 57002 333 91010 90730 91111==
38149 42970 00604 10310 20011 30112 40183 58012==
38178 42970 02702 10332 20090 39848 40158 58013==
38262 42970 00602 10310 20055 30105 40180 57013==
38264 42970 00504 10310 20002 30085 40170 57016==
38345 42999 02701 10258 20070 38810 48531 53009=
38353 42698 13202 10270 20056 39315 40141 58008 81100=
38392 42997 00906 10312 20078 30070 40165 58014=
38396 42960 00403 10311 20064 30047 40161 58015==
38403 42960 00902 10336 20113 30047 40156 58002==
38413 42970 00406 10322 20025 39863 40127 57010==
38457 42960 02502 10307 20071 39578 40114 57011==
38462 42984 02302 10284 21007 38753 48512 57019==
38462 42984 02302 10284 21007 38753 48512 57019==
38507 42998 03202 10322 20019 30045 40139 57007=
38545 42998 00405 10322 20119 39977 40137 58017=
38565 12970 00203 10295 20093 39558 40129 52011 60002==
38579 12984 01002 10293 20105 39735 40119 57011 60002==
38583 12960 03402 10310 20105 39829 40122 58012 60002==
38599 42998 00905 10306 20071 39639 40109 57017=
38611 42960 02202 10305 20105 39591 40103 57019==
38613 42699 20101 10294 20110 40095 57017 82200=
38616 42998 02702 10273 20122 39176 40108 58025=
38618 42960 00502 10303 20148 39466 40093 57018==
38647 42998 00908 10333 20015 30078 40116 57018=
38656 42998 01402 10326 20032 30043 40143 57015=
38683 42960 00505 10322 20056 39858 40110 58020==
38687 42997 00204 10309 20062 39905 40120 52013=
38696 12984 00902 10301 20105 39311 40092 58009 60002==
38713 42698 10201 10268 20089 39032 48540 58011 81200=
38750 42997 02702 10324 20258 30171 40145 54000=
38763 42999 01008 10328 20055 30035 40131 58022=
38774 42998 01004 10322 20070 39971 40149 58017=
38799 42997 00205 10326 20058 39917 40129 58016=
38806 42997 03602 10330 20124 39855 40092 58012=
38812 42960 02403 10318 20097 39686 40099 54000==
38836 42999 01802 10323 20123 39170 40014 57006=
38880 42997 00905 10316 20034 39901 40135 57016=
38886 42997 03403 10329 20088 39934 40143 58010=
38895 42996 00801 10316 20070 39865 40131 58012=
38911 42998 03402 10308 20093 39841 40111 58012=
38915 42997 03401 10301 20103 39811 40108 58019=
38927 12960 02803 10309 20050 39748 40092 57019 60002==
38933 42999 02702 10306 20182 39644 40114 58005=
38944 42997 01602 10308 20058 39531 40019 57025=
38954 42899 20000 10275 20062 37901 48450 58012 82100=
38974 42998 03402 10317 20050 39811 40118 58020=
38987 42996 00404 10284 20040 39419 40106 57017=
40100 43970 02315 10311 20209 30105 40120 50001 333 58///=
40180 02660 42605 10316 20197 30064 40110 57003 84800 333 70000==
40199 02/// /0304 10355 20150 30081 40104 57014 333 70000==
40255 46/// /2608 10272 29055 3//// 4//// 5////=
40265 41956 03210 10296 20142 39358 40112 57008 70500=
40270 41657 12712 10274 20138 39252 40108 57004 70500 81100 333 81835=
40272 41950 02815 10276 20148 39315 40104 57008 70700=
40296 46/// /2404 10354 29040 4//// 5////=
40340 42960 03414 10342 20155 30050 40111 57012=
40356 42960 03306 10293 20050 39152 48500 333 59004 555 04410 50071=
40357 42960 03210 10343 20080 39457 40048 333 59007=
40360 42960 03210 10315 20110 39527 40086 333 59004=
40361 42960 03013 10338 20040 39347 40089 333 59002=
40362 42960 03311 10382 20060 39559 40035 333 59008=
40373 42960 03512 10408 20040 39637 40022 333 59005=
40375 42960 00103 10342 20050 39249 40066 333 58004=
40394 42960 03106 10362 20110 38997 48513 333 59007 555 04410 50039=
40394 42960 03106 10362 20110 38997 48513 333 59007 555 04410 50039=
40400 42960 02508 10340 20260 30059 40086 333 58012=
40405 42960 03216 10400 20040 39347 40027 333 59003=
40417 42960 03316 10430 20010 39986 40000 333 58003=
40420 42960 00116 10428 20020 39810 40000 333 58006=
40430 42660 42611 10386 20100 39368 40059 81530 333 59001 81640 83360=
40437 42960 03215 10408 20000 39373 40022 333 58001=
40439 42960 12511 10384 20240 30055 40073 81030 333 58002 81360=
40582 42960 23518 10428 20088 40002 58017 80031 333 55310 00908 10000 22733 31019 41387 51917 63752 55407 41714 81360 81070 90401 91027 91129 91221 91317=
40703 42960 00000 10296 20125 38870 40039 57019 333 70000 555 10190 29035 66666 00344 10320 20278 30288 50282 90260=
40706 42562 10804 10294 20119 38622 40041 58010 81100 333 70000 81825 555 10186 29034 66666 00371 10308 20301 30307 50305 90289=
40712 42662 10503 10278 20145 38642 40037 57015 81500 333 70000 81640 555 10193 29044 66666 00315 10258 20254 30251 50244 90230=
40713 42663 11204 10303 20130 38622 40015 57013 81100 333 70000 555 10194 29035 66666 00285 10283 20288 30288 50284 90260=
40718 42960 00503 10304 20223 30149 40122 57013 222// 0//// 20301 333 70012 555 10249 29062 66666 00340 10302 20300 30296 50284 90264=
40723 42970 01102 10266 21030 38949 40121 57017 333 70000 555 10128 29014 66666 00340 10302 20248 30256 50266 90252=
40726 42960 00304 10280 20138 38623 40029 57015 333 70000 555 10190 29042 66666 00320 10300 20290 30280 50274 90256=
40727 42965 02501 10305 20099 38450 40022 57014 333 70000 555 10180 29028 66666 00368 10283 20263 30264 50256 90232=
40732 42560 20203 10298 20228 30137 40114 58007 82300 333 70000 82925 555 10250 29066 66666 00316 10310 20294 30292 50276 90260=
40736 42960 03202 10314 20215 30142 40118 57015 333 70000 555 10247 29056 66666 00359 10320 20299 30300 50299 90287=
40737 42960 03202 10331 20195 30090 40107 57017 333 70000 555 10241 29045 66666 00300 10281 20272 30266 50257 90244 77777 00014 10005 20013 30020 50023 70026 99///=
40738 42960 02902 10331 20127 30124 40126 52019 333 70000 555 10208 29029 66666 00306 10324 20292 30294 50292 90274=
40739 42965 00703 10280 21028 38680 40085 57013 333 70000 555 10132 29013 66666 00324 10330 20278 30286 50292 90286=
40741 42960 00308 10317 20075 39808 40122 57019 333 70000 555 10183 29022 66666 00394 10341 20327 30324 50334 90327=
40743 42970 00804 10286 21015 39040 40091 57022 333 70000 555 10140 29014 66666 00380 10332 20314 30329 50334 90322=
40745 42965 00605 10270 20089 39032 40119 57019 333 70000 555 10166 29032 66666 00334 10286 20270 30276 50285 90280=
40747 42960 03403 10326 20006 38587 40000 57017 333 70000 555 10158 29013 66666 00413 10327 20312 30314 50305 90293=
40754 42662 11603 10298 20004 38805 40052 57017 81100 333 70000 81840 555 10148 29015=
40762 42965 00604 10265 21023 38537 40070 56014 333 70000 555 10126 29015 66666 00388 10310 20272 30280 50290 90280=
40766 41957 02204 10357 21039 38626 49982 57013 70600 333 70000 555 10160 29008 66666 00418 10336 20300 30302 50294 90280=
40768 42965 01307 10313 20006 38230 49999 57017 333 70000 555 10151 29014 66666 00339 10300 20285 30295 50302 90288=
40769 42960 00603 10314 20042 38275 49999 57022 333 70000 555 10162 29018 66666 00398 10332 20308 30310 50316 90298=
40780 42960 02604 10356 20068 38626 40002 58005 333 70000 555 10187 29017 66666 00406 10342 20330 30330 50328 90310=
40782 42960 00000 10376 20033 38786 49981 58014 333 70000 555 10185 29012 66666 00372 10344 20312 30310 50316 90294=
40785 42960 00804 10336 21033 39045 40058 55006 333 70000 555 10156 29009 66666 00426 10388 20370 30380 50390 90390=
40791 42965 03304 10352 21125 39277 40037 57018 333 70000 555 10151 29004 66666 00400 10384 20356 30364 50376 90368=
40792 42965 03302 10300 21087 38681 40040 57017 333 70000 555 10130 29008 66666 00378 10342 20312 30324 50350 90322=
40798 42960 03302 10308 21023 37951 40004 57019 333 70000 555 10139 29012 66666 00427 10330 20275 30280 50278 90262=
40800 42960 01403 10329 21003 38436 40012 57018 333 70000 555 10156 29012 66666 00424 10362 20323 30318 50324 90304=
40809 42962 00000 10306 21110 38454 40022 57015 333 70000 555 10127 29006 66666 00370 10320 20290 30306 50310 90304=
40811 42960 02903 10402 20151 39956 49980 58007 333 70000 555 10241 29023 66666 00450 10396 20380 30390 50396 90382=
40812 42960 02403 10422 20108 39631 49973 57004 333 70000 555 10228 29016 66666 00484 10446 20416 30414 50412 90388=
40818 42965 01202 10314 21003 37959 49969 57022 333 70000 555 10146 29013 66666 00331 10294 20297 30306 50334 90302=
40821 42962 03003 10333 21021 38751 40028 57016 333 70000 555 10155 29010 66666 00408 10374 20358 30366 50371 90360=
40829 41958 03614 10347 20041 39496 40028 58013 70700 333 70000 555 10181 29015 66666 00378 10346 20334 30332 50326 90304=
40831 42960 03108 10431 20156 39995 40003 56005 333 70000 555 10252 29020 66666 00488 10424 20386 30400 50392 90368=
40833 42960 02604 10434 20129 39964 49993 57011 333 70000 555 10242 29017 66666 00426 10390 20380 30386 50390 90370=
40835 42960 03102 10415 20086 39218 49979 57013 333 70000 555 10216 29014 66666 00428 10386 20364 30362 50366 90352=
40841 42960 03406 10317 21016 38215 49986 57024 333 70000 555 10146 29012 66666 00326 10320 20300 30306 50308 90296=
40845 42960 03006 10367 20250 39988 49993 57007 333 70000 555 10283 29051 66666 00408 10394 20378 30384 50378 90368=
40848 42660 10602 10364 20068 38466 49960 58018 81100 333 70000 81840 555 10188 29016 66666 00388 10336 20308 30308 50306 90292=
40851 42960 03207 10344 20009 38230 49976 57012 333 70000 555 10162 29012 66666 00440 10352 20324 30334 50334 90326=
40854 41958 00104 10371 21004 38880 49978 57017 70500 333 70000 555 10174 29009 66666 00492 10404 20382 30384 50384 90376=
40856 42960 00505 10299 21026 38588 40015 58014 333 70000 555 10140 29012 66666 00416 10342 20310 30320 50324 90320=
40859 42660 13402 10382 20038 38631 49956 57017 81100 333 70000 81840 555 10186 29012 66666 00428 10338 20302 30298 50304 90298=
40875 41935 02306 10381 20275 39968 49979 57012 70500 333 70000 555 10302 29055 66666 00434 10382 20378 30376 50378 90372=
40879 41956 03307 10407 21008 39349 49971 57029 70700 333 70000 555 10190 29008 66666 00458 10436 20400 30404 50412 90402=
40882 41930 01605 10364 20295 39947 49979 58009 70500 333 70000 555 10312 29068 66666 00440 10384 20376 30386 50382 90368=
40883 41930 01803 10363 20288 39956 49978 58011 70500 333 70000 555 10307 29066 66666 00450 10414 20382 30390 50382 90377=
40893 41957 01605 10317 20276 39976 49982 57016 70500 333 70000 555 10287 29079 66666 00368 10370 20366 30366 50369 90370=
40898 41956 01403 10328 20265 39954 49963 58025 70500 222// 00306 20900 333 70000 555 10282 29070 66666 00454 10414 20368 30372 50374 90360=
41024 42660 33010 10389 20210 30051 40076 83500 333 58000 83640=
41036 42860 20209 10319 20100 38563 48515 82030 333 58001 82358 555 04410 50081=
41055 42960 03514 10316 20040 38362 48503 333 58002 555 04410 50056=
41061 41958 03218 10420 21000 39355 40005 70700 333 58014=
41084 42960 00309 10372 20010 38817 48490 333 58006 555 04410 50004=
41112 41957 00313 10282 20040 37950 48501 70700 333 58003 555 04410 50041=
41114 41956 00214 10284 20030 37983 48501 70600 333 58003 555 04410 50040=
41128 41940 30316 10373 20010 38763 48484 70733 83030 333 58008 83359 555 04410 50008=
41136 42960 03309 10416 20060 39230 49984 333 59001=
41140 42560 43110 10351 20240 30051 40062 84100 333 59022 84830=
41150 42962 03217 10378 20252 49997 333 58001=
41170 43960 03617 10426 20202 39972 49985 333 59005=
41176 44/59 /3412 10440 20169 39976 49982 333 59003=
41184 41958 23210 10406 20274 49976 70600 80001 333 59006 82070=
41194 41957 13410 10388 20293 39972 49977 70500 80001 333 59003 81072=
41196 41956 02709 10382 20282 39944 49982 70500 333 59002=
41216 42960 23607 10386 20300 39978 49982 82030 333 59004 82368=
41217 42960 43607 10375 20281 39952 49979 84030 333 59002 84368=
41240 39295 46771 333 0E031 55300 27131 59001=
41246 36/// /0610 10351 20297 39982 49984 333 0E031 55300 25022 59003=
41255 36/// /1603 10421 20115 39476 49945 333 0E031 58001=
41256 31989 29909 10341 20280 39964 49981 70511 83001 333 59008 55407 55408 55507 55508 82070=
41258 36/// /0810 10320 20296 39975 49979 333 0E/// 55308 22117 59005=
41265 36/// /0005 10432 20031 39414 49933 333 0E032 55300 23461 59003=
41267 36/// /0007 10327 20258 39969 49981 333 0E030 59000=
41275 36/// /1303 10430 20140 39822 49978 333 0E028 55300 23420 59006=
41288 36/// /2317 10301 20242 39965 49986 333 0E026 59010=
41315 26/03 /1709 10234 20233 39233 47220 333 0E024 55300 27865 59004 70004=
41316 31160 89909 10275 20250 30012 40041 75055 887// 333 59005 55407 55408 55507 55508 83708 86713 88625=
41396 42662 20403 10375 20175 39306 49977 82130 333 59019 82835=
41397 82715 10270 20256 40091 54000 7//// 8/7// 22233 06280 21004 325// 41206 80260=
41398 81113 10220 20190 40320 51020 702// 8577/ 22263 06240 20302 318// 40703 80200=
41480 41457 22412 10323 20253 30018 40027 70544 81130 333 59022 81818=
41497 10304 10290 20249 40180 54000 70200 81101 22200 06220 20000 80260=
41498 61218 10250 20204 40200 5//// 725// 86720 22273 06240 20904 80220=
41506 12460 71803 10240 20156 38493 48920 60001 84520 333 56880 58068==
41508 12440 81301 10247 20185 38646 48240 60001 8572/ 333 5688/ 58037==
41515 12860 80000 10233 20156 38527 48920 60001 85520 333 5688/ 58054==
41523 11840 80000 10245 20218 39066 48060 60011 76162 8572/ 333 5688/ 58044==
41535 11440 80000 10200 20192 38706 48820 60081 76066 8652/ 333 5688/ 58030==
41536 11440 80000 10210 20203 39008 48940 60051 76066 8872/ 333 5688/ 58007==
41560 12460 60000 10210 20180 38298 48170 60001 83520 333 56880 58022==
41571 11620 70906 10225 20225 39529 40099 60121 76062 85830 333 56880 58040==
41598 11440 61501 10260 20253 39806 40070 60011 72096 86570 333 56880 58045==
41600 11440 80501 10290 20255 30000 40067 60001 70422 8652/ 333 5688/ 58023==
41620 12440 83602 10255 20170 38535 48410 60001 82510 333 56880 58014==
41624 12460 50501 10300 20243 30000 40060 60001 83520 333 56880 58041==
41630 11440 70903 10310 20261 30000 40060 60001 70462 85570 333 56880 58027==
41640 11440 80000 10325 20255 39822 40058 60001 70422 85470 333 56880 58031==
41660 22697 71316 10250 20151 38389 48474 85330 333 56990 58047 69907 81830 84840 85358=
41678 11440 60000 10340 20265 30000 40047 60001 70500 83520 333 56880 58034==
41696 12460 80000 10175 20160 37959 48590 60141 84520 333 56880 59005==
41697 12460 80000 10310 20269 30000 40037 60001 8452/ 333 5688/ 58044==
41700 11440 80502 10310 20254 30000 40040 69901 71752 84930 333 56880 58040==
41710 11920 00000 10360 21009 30000 49965 60001 70600 333 58023==
41712 11920 40502 10350 20027 39099 48610 60001 70600 84010 333 56080 58034==
41715 11440 70502 10305 20256 30000 40036 60001 70522 84531 333 56888 58035==
41718 11440 60502 10315 20281 30000 40036 60001 70422 83520 333 56880 58044==
41725 12440 60504 10325 20255 30000 40020 60001 83830 333 56880 58027==
41739 12940 53604 10310 20059 38951 48380 60001 85030 333 56080 58011==
41744 12640 80000 10230 20131 38684 48180 60011 85520 333 56880 59010==
41749 11440 50505 10315 20236 30000 40002 69901 72050 82530 333 56880 58010==
41756 11940 01803 10320 20250 30000 49989 60001 70504 333 59013==
41759 11940 52301 10360 20240 30000 49986 60001 70511 85010 333 56080 59005==
41764 12440 80608 10290 20232 39948 49996 60001 85870 333 56880 58035==
41768 12440 41802 10285 20250 30009 40016 69941 83600 333 56800 58015==
41780 11440 70510 10290 20240 39944 49971 60011 70266 86630 333 56880 59009==
41785 12460 60904 10285 20242 39980 49992 60001 83530 333 56880 58042==
41859 02450 30000 10346 20270 39994 40031 82530 333 58006 70000 82618 83362==
41883 32450 80000 10325 20280 30005 40025 8452/ 333 56399 59001 70000 84618 88458=
41891 31450 30000 10335 20280 39987 40024 70511 83500 333 56900 58001 70000 83618=
41907 02456 60000 10340 20270 30010 40024 84510 333 58003 70000 84615 86458==
41923 32450 60000 10346 20250 30018 40028 84430 333 56490 58004 70086 82615 83824=
41936 31450 41703 10350 20260 30016 40023 70522 82830 333 56990 59001 79999 83615 83362=
41943 32450 40000 10344 20250 30021 40028 82530 333 56490 58010 70010 82618 83362=
41950 32456 50000 10352 20240 30021 40023 85430 333 56390 58003 70000 83617 83825=
41978 02459 62512 10334 20260 30025 40031 83530 333 58007 70098 83618 85360==
41992 31440 21808 10325 20260 30030 40032 70521 82500 333 56900 58007 70000 82616=
41997 13208 10310 20249 40175 50000 70200 81008 22253 04300 20100 80265=
42001 30091 99259 70897 46/// /1505 10296 20281 30118 40121 90840 22200 00310 333 91207 555 11059 22062 8//06 90835=
42027 21595 82301 10186 20174 38435 48479 76166 8672/ 333 58050 6008/=
42044 21596 80901 10184 20172 38306 48539 70262 8352/ 333 58054 6002/=
42045 21595 80501 10210 20154 38328 48451 72052 8452/ 333 58048 6996/=
42056 21696 60502 10300 20246 39635 70152 83410 333 58018 6992/ 82635 85458=
42071 32596 50904 10342 20305 40054 84430 333 58024 82625 84830=
42097 30091 99257 70837 46/// ///// 1//// 90856 22200 00300 10502 20502 70009=
42101 32596 41401 10348 20294 40055 84400 333 58011 84630=
42111 32596 60000 10330 20247 39363 40025 84830 333 58008 82618 83830 86360=
42123 32596 60901 10328 20264 40043 84430 333 58032 82830 83632 85358=
42131 32696 41401 10354 20263 40042 83501 333 58019=
42165 32696 50000 10352 20235 40031 85800 333 58042 83635 85840=
42182 31696 32703 10338 20269 40037 70521 83530 333 58008 83635 83360=
42189 31595 70000 10346 20269 40032 70522 87400 333 58009 86620 87825=
42309 31596 30502 10358 20291 40005 70521 82130 333 59004=
42314 32596 43205 10356 20286 40004 82430 333 59005 82825 84360=
42328 32596 41404 10330 20235 40003 84800 333 58040 82630 83835=
42339 31695 51403 10330 20238 40034 70522 85800 333 58044 82635 85842=
42348 21595 59902 10298 20240 40044 71062 82530 333 58019 6003/ 83630 84360=
42361 21596 73602 10300 20249 40040 71796 85930 333 58015 6990/ 84620 81930 87360=
42369 31596 50000 10354 20275 40027 70522 85400 333 58005 83520 83425=
42379 31595 39901 10350 20267 40024 70510 83200 333 58011 83825=
42410 31496 43602 10370 20287 40020 70522 83530 333 59006 83618 84360=
42415 32996 20000 10364 20292 40020 80001 333 59005 82075=
42452 31596 59901 10322 20248 40019 71021 83530 333 58013=
42492 31496 40000 10340 20268 40030 70511 84400 333 58012 83618 83825=
42559 32596 40202 10322 20242 40017 84200 333 58007 84825=
42571 32596 60000 10334 20256 40016 84830 333 58002 82625 84830 85360=
42591 31496 51104 10348 20259 40030 70511 85400 333 58012 83618 83825=
42623 31496 51402 10318 20231 39185 40064 70522 83530 333 58001 83618 85360=
42634 21495 82005 10244 20299 40013 75355 88700 333 58086 6004/ 88718=
42647 31495 62006 10324 20254 40037 70522 86830 333 56590 58040 83618 83825=
42667 21596 72805 10300 20235 39464 40032 70562 83530 333 58008 83620 81930 85360=
42675 31595 63202 10314 20246 40012 70521 84430 333 59005 82620 83830 85360=
42701 31596 50903 10304 20269 39317 40015 71022 85400 333 58009 83620 83825=
42724 32496 52702 10350 20273 40025 84430 333 58004 82618 83825=
42737 32596 52014 10310 20247 40024 83801 333 58051 82620 84075=
42754 21596 60000 10262 20239 39417 40037 72162 84430 333 58017 6011/ 82620 83825 85360=
42779 32596 50000 10314 20248 39346 40013 84430 333 58000 82620 84825=
42798 21496 50903 10332 20253 40017 70562 85400 333 58005 6990/ 83618 83825=
42809 32596 50902 10346 20250 40023 83231 333 58002 83825=
42840 32596 42006 10312 20247 40047 82230 333 58032 82825 83360=
42867 21495 72703 10266 20255 40032 71096 85720 333 58006 6057/ 83710 83618 81930 86458=
42874 32596 30000 10328 20239 40014 83400 333 59002 81620 83825=
42886 32597 40504 10330 20257 40017 84400 333 59001 83620 84825=
42895 32596 50902 10330 20257 40026 84430 333 58004 83620=
42909 21896 72006 10284 20273 40030 70152 83032 222// 20000 333 58029 6009/ 83358 85070=
42971 21496 60206 10330 20254 40016 70562 85330 333 56190 57972 59004 6994/ 84618 81930 85360=
43003 31595 62304 10318 20256 40057 70422 84830 333 58013 83620 83825 85360=
43014 31596 62506 10312 20233 39399 40021 70342 83830 333 58006 82620 83825 86360=
43041 32596 43404 10305 20240 39408 40001 84400 333 59008 82620 84825=
43063 21596 72701 10250 20230 39447 40064 76062 8672/ 333 56699 58020 6005/ 84722 83456=
43086 32597 82301 10300 20278 39844 40018 8487/ 333 59011=
43110 32496 52706 10304 20256 40072 84830 333 58009 82618 84822=
43117 32597 72302 10324 20253 40028 86430 333 58001=
43128 21496 72304 10280 20216 39450 40043 70522 83730 333 56690 58010 6993/ 82710 85360=
43150 21496 80000 10268 20262 39938 49999 76066 8452/ 333 59019 6012/ 84618 88458=
43185 21596 82704 10270 20258 30013 40016 75065 8487/ 333 59004 6014/ 83620 85458=
43189 21596 80000 10270 20258 30010 40019 76166 8382/ 333 59006 6008/=
43192 21496 62303 10294 20260 40071 70262 82732 333 58008 6990/=
43198 21396 82908 10236 20218 39249 40064 72162 8567/ 333 56699 58009 6002/ 85707 84612 85358=
43201 21497 62303 10270 20236 39326 40037 76062 84630 333 56690 59003 6005/ 82710 83612 85358=
43213 32597 82303 10304 20224 39716 40025 8487/ 333 58000=
43233 32497 72508 10276 20231 39257 40056 83832 333 56699 58002=
43237 21597 82504 10260 20236 39636 40024 70265 8582/ 333 58006 6002/ 83620 83825 88458=
43245 32597 82503 10314 20239 30009 40035 83477 333 58005=
43279 21496 82502 10318 20238 30026 40043 70552 84217 333 57810 57820 58001 6990/ 83618 81825 84458 87260=
43284 32296 82508 10286 20249 39961 40075 85971 333 56699 57922 57932 58002 82706 83612 81925 86458=
43295 21497 62704 10254 20207 39056 48473 75052 84830 333 59019 6990/ 83612 83818 85358=
43314 21496 70000 10278 20255 40083 72162 83771 333 58001 6012/=
43321 31496 62314 10310 20225 39618 40054 70522 83431 333 58005 83612 85358=
43329 32597 70000 10330 20260 30027 40040 83531 333 59007=
43333 21495 82309 10244 20238 40077 76162 8542/ 333 58017 6015/ 83617 85819 88457=
43344 31496 62717 10360 20224 39947 40044 70522 83431 333 59003 82616 83820 85360=
43353 21496 70903 10272 20242 40081 71065 81720 333 56790 58000 6020/ 81707 83612 85458=
43369 21496 82702 10278 20278 40086 75096 8447/ 333 58002 6011/ 84618 88458=
43371 21497 70000 10256 20236 30020 40093 70362 83772 333 56799 58014 6004/ 82710 83615 85457=
43404 22470 62205 10310 20274 30049 40052 56028 83/// 333 553// 20418 59003 60008 81920 91010 555 60008==
43410 22470 7//// 10341 20213 30051 40054 57029 85000 333 59002 60008==
43413 22470 72207 10303 20241 30065 40069 56023 85250 333 553// 20476 58002 60008 91012==
43415 22470 52702 10334 20246 39967 40075 56023 85000 333 59003 60008 555 60008==
43418 21570 62303 10334 20227 30021 40062 57021 70382 81000 333 58003 69908 555 69908==
43421 22470 42502 10327 20241 39966 40069 57023 84000 333 553// 20496 58004 60008 91007==
43422 22470 62704 10300 20239 39943 40074 58020 86200 333 58008 60008 555 60008==
43424 21470 72305 10286 20246 30073 40075 57024 70182 85000 333 59002 69908 555 69908==
43436 22070 60501 10321 20247 30059 40062 57023 85000 333 58007 60008 555 60008==
43441 21570 81802 10250 20239 39949 40082 56017 72998 8692/ 333 58010 60258 86/18 555 60258==
43444 21470 82701 10240 20229 39557 40086 58015 79598 88000 333 58012 60088 85818 81920 555 60088==
43450 21470 72309 10283 20255 30082 40094 57018 70382 8722/ 333 58004 60038 81/19 555 60038==
43466 21970 72302 10297 20240 30081 40089 5/020 70292 87970 333 553// 20235 58004 60008 91005 555 60068==
43467 21/68 72502 10293 20259 30084 40090 57020 70398 87/// 333 58005 60118 83816 81918 555 60118==
43473 21258 82807 10163 20163 38107 48474 53020 78085 88000 333 553// 20137 59003 60008 91013 555 69938==
43475 22570 82303 10327 20220 30061 40065 57022 88810 333 553// 20246 58011 60008 91007 555 60008==
43476 22470 72702 10254 20191 38753 48503 57023 87000 333 58003 60008 555 60008==
43479 21470 83601 10272 20214 39233 57024 72522 85000 333 58008 69908 555 69908==
43486 21465 80601 10240 20240 39995 40096 5/013 79598 88/// 333 553// 20017 58017 60008 82918 91003==
43495 22468 82307 10294 20254 30072 40085 5/240 88000 333 58030 60008 555 60008==
43497 21470 82304 10296 20000 30059 40076 5/026 70382 85000 333 553// 20297 58010 60008 91007==
44212 41584 63505 10213 20010 39065 40109 52011 70296 85540==
44213 41684 62905 10166 20061 38767 40136 52020 70262 86500==
44214 42670 62706 10186 21011 38265 40101 54000 86200==
44215 41670 42908 10188 21006 38389 40102 52011 70232 84200==
44217 32698 12704 10148 21023 37878 40159 54000 81100 333 91208=
44218 42684 50503 10227 20000 38567 40075 52007 85200==
44219 42699 53103 10227 20080 38575 40069 54000 85800 333 91204=
44265 42684 52607 10206 20066 38823 40128 58003 82131==
44266 31699 72511 10158 20023 37778 40106 58001 70732 86520 333 91113 91211=
48020 42460 20901 10340 20270 82200==
48025 42458 40402 10352 20282 39897 40031 84300 333 59014==
48031 42257 61401 10240 20209 84840==
48048 42558 50401 10330 20258 39988 40043 84950 333 58011==
48052 32457 71403 10326 20251 83770 333 56990=
48062 42558 51407 10308 20282 30031 40037 84930 333 58011==
48064 42458 50401 10334 20258 39970 40026 84301 333 58002==
48071 41458 62307 10308 20282 30031 40040 72052 84970 333 58007==
48094 41457 82201 10260 20250 30049 40059 76066 8597/ 333 58023==
48109 42460 62303 10315 20265 30062 40065 86900 333 58010==
50557 14/80 /3603 10227 20111 39757 40039 52005 60001 333 10229 20130 3/011 59025 70002 90761 91109==
51076 14/80 /2403 10215 20062 39333 40174 57004 60001 333 10242 20100 3/011 58085 70001 90761 91108==
51087 14/79 /3106 10216 20071 39198 40171 57003 60001 333 10290 20123 3/013 58096 70092 90761 91112==
51156 14/80 /1802 10200 20028 38713 40174 57001 60001 333 10200 20087 3/009 58065 70030 90761 91108==
51243 14/80 /2803 10281 20057 39646 40159 57007 60001 333 10283 20181 3/018 58060 70004 90761 91109==
51334 14/80 /0203 10281 20074 39781 40163 57015 60001 333 10281 20143 3/013 58029 70000 90761 91106==
51379 14/80 /1601 10189 20122 39287 40192 57003 69931 333 10296 20151 3/017 58121 70096 90761 91105==
51463 14/80 /3605 10205 20100 39052 40188 54000 60001 333 10215 20136 3/014 58082 70197 90761 91108==
51573 14/80 /2101 10298 20144 30024 40070 57002 60001 333 10412 20288 3/030 58106 70000 90761 91108==
51644 14/79 /1002 10287 20122 38881 40049 57009 60001 333 10288 20171 3/018 58039 70000 90761 91106==
51656 14/70 /1602 10231 20159 39076 40062 57007 69901 72100 333 10345 20221 3/023 58076 70001 90761 91108==
51709 14/80 /2102 10292 20025 38577 40040 57013 60001 333 10294 20170 3/015 58023 70073 90761 91109==
51711 14/80 /2502 10240 20016 38001 40002 57009 60001 333 10242 20135 3/009 58014 70000 90761 91108==
51716 14/70 /3201 10254 20176 38850 40061 57010 60001 333 10254 20171 3/016 58008 70003 90761 91105==
51765 14/57 /0201 10286 20155 39122 40040 57004 60001 333 10374 20211 3/020 58089 70000 90761 91105==
51811 14/80 /3102 10285 20082 38735 40055 57012 60001 333 10288 20173 3/017 58016 70026 90761 91105==
51818 14/80 /0601 10277 20065 38598 40057 57014 60001 333 10280 20153 3/016 58021 70017 90761 91108==
51828 14/57 /2603 10248 20149 38599 40061 57017 60001 333 10254 20191 3/020 58040 90761 91107==
51886 14/78 /0303 10251 20068 37127 49953 57015 60001 333 10291 20160 3/015 58041 70004 90761 91108==
52203 14/57 /0605 10306 20106 39231 40035 52002 60001 70700 333 10382 20233 3/025 58074 70000 90761 91109==
52602 14/66 /2807 10280 20078 37263 49913 57013 60001 333 10309 20188 3/018 58028 70000 90761 91112==
52681 14/65 /0902 10351 20178 38537 49945 57004 60001 333 10353 20237 3/022 59022 70000 90761 91113==
52818 14/80 /3403 10307 20090 37225 49886 57020 60001 333 10329 20193 3/016 58029 70000 90761 91113==
52908 14/75 /2403 10185 21003 35855 49953 57012 60001 333 10185 20049 3/002 58010 70000 90761 91110==
53463 14/80 /2104 10304 20149 38823 40064 57009 60001 333 10316 20169 3/017 58010 70000 90761 91106==
54857 14/71 /2003 10294 20231 39987 40075 52003 60001 333 10328 20242 3/022 59002 70000 90761 91107==
55228 14/80 /2602 10190 21020 36078 49920 57018 60001 333 10197 20076 3/005 58011 70000 90761 91106==
55299 14/80 /2403 10198 21052 35928 49958 57019 60001 333 10200 20035 3/000 58013 70000 90761 91107==
55578 14/80 /3302 10223 20019 36420 49962 57025 60001 333 10224 20091 3/009 58014 70000 90761 91107==
55591 14/80 /2802 10242 20012 36569 49944 57024 60001 333 10245 20121 3/008 58015 70000 90761 91106==
55664 14/80 /1704 10194 21022 36061 49946 57023 60001 333 10194 20074 3/006 58003 70000 90761 91113==
55773 14/80 /1406 10144 20057 36084 40047 57012 60001 333 10149 20033 3/001 58006 70003 90761 91111==
56004 14/80 /1805 10200 21036 35906 49945 57015 60001 333 10208 20054 3/000 58009 70000 90761 91111==
56018 14/80 /2503 10251 21016 36237 49929 57023 60001 333 10253 20046 3/004 58005 70000 90761 91106==
56116 14/80 /0102 10263 21015 36380 49923 57029 60001 333 10266 20066 3/004 58001 70000 90761 91106==
56312 14/80 /1303 10296 20036 37083 49939 57036 60001 333 10302 20108 3/010 59025 70000 90761 91106==
57494 14/72 /1502 10343 20237 30032 40060 57009 60001 333 10350 20259 3/027 58002 70000 90761 91105==
58847 14/63 /1304 10329 20254 39968 40064 57003 60001 333 10357 20266 3/026 58017 70000 90761 91108==
62306 42960 43106 10302 20223 40143 52003 80004==
62309 42560 33308 10313 20209 40129 52004 83500==
62325 42960 03206 10326 20236 40136 52006==
62332 42960 02807 10312 20217 40128 52003==
62337 42560 33306 10324 20219 40118 57003 83200==
62366 45960 00204 10307 20194 40120 57003==
62387 42960 00109 10347 20164 40123 52001==
62393 42960 03612 10362 20122 40148 52004==
62405 42960 00403 10384 20104 40108 54000==
62414 41920 01917 10382 20185 40119 52008 70700==
62419 41/10 61814 10345 20189 40109 57006 70722 86020==
62420 42960 03304 10360 20141 40121 57003==
62435 42960 00111 10389 20094 40107 52002==
62440 42560 33506 10326 20210 40133 52007 83200==
62455 42960 03107 10327 20185 40123 57002==
62458 42960 03010 10313 20212 40010 54000==
62459 42960 03022 10317 20230 40086 57002==
62465 42960 03512 10332 20206 40096 52006==
63210 32980 02911 10347 20270 40020 333 59019=
